d_t	SM1	ST1	SM2	ST2	SM3	ST3	SM4	ST4	SM5	ST5	SM6	ST6
2016-06-11 00:00:00	19.58	12.99	30.44	11.98	27.06	12.79	34.65	11.91	29.77	12.74	43.69	12.05
2016-06-11 00:06:00	19.58	12.99	30.44	12.03	27.05	12.77	34.65	11.95	29.77	12.78	43.69	12.07
2016-06-11 00:12:00	19.57	12.98	30.44	12.01	27.05	12.77	34.65	11.95	29.76	12.74	43.69	12.05
2016-06-11 00:24:00	19.57	12.98	30.45	12.03	27.05	12.73	34.65	11.98	29.76	12.7	43.69	12.05
2016-06-11 00:30:00	19.56	12.95	30.45	12.02	27.04	12.74	34.65	11.94	29.75	12.74	43.69	12.04
2016-06-11 00:36:00	19.56	12.98	30.44	12.02	27.02	12.71	34.65	11.93	29.75	12.7	43.69	12.06
2016-06-11 00:42:00	19.55	12.97	30.45	12.02	27.07	12.69	34.65	11.95	29.75	12.67	43.69	12.01
2016-06-11 00:48:00	19.57	12.92	30.45	12.02	27.07	12.69	34.65	11.92	29.74	12.69	43.69	12.05
2016-06-11 00:54:00	19.56	12.95	30.45	12.05	27.07	12.72	34.65	11.89	29.74	12.7	43.68	12.05
2016-06-11 01:00:00	19.56	12.94	30.45	12.05	27.06	12.7	34.64	11.95	29.74	12.68	43.68	12.03
2016-06-11 01:06:00	19.56	12.91	30.45	12.04	27.03	12.66	34.64	11.91	29.74	12.66	43.68	12.09
2016-06-11 01:12:00	19.55	12.88	30.45	12.02	26.96	12.7	34.64	11.91	29.74	12.7	43.68	12.04
2016-06-11 01:18:00	19.55	12.89	30.45	12.0	26.96	12.65	34.64	11.94	29.74	12.65	43.68	12.02
2016-06-11 01:24:00	19.55	12.84	30.45	12.01	26.96	12.66	34.64	11.94	29.73	12.66	43.68	12.04
2016-06-11 01:30:00	19.54	12.9	30.45	12.05	26.96	12.64	34.64	11.93	29.73	12.68	43.68	12.04
2016-06-11 01:36:00	19.54	12.88	30.45	12.05	26.95	12.68	34.64	11.95	29.73	12.68	43.68	12.07
2016-06-11 01:42:00	19.55	12.88	30.45	12.02	26.95	12.66	34.65	11.96	29.72	12.66	43.68	12.05
2016-06-11 01:48:00	19.53	12.84	30.45	12.02	26.94	12.61	34.65	11.95	29.72	12.63	43.68	12.09
2016-06-11 01:54:00	19.52	12.83	30.45	12.02	26.95	12.62	34.64	11.95	29.71	12.67	43.68	12.08
2016-06-11 02:00:00	19.52	12.88	30.45	12.02	26.95	12.64	34.63	11.93	29.71	12.63	43.69	12.08
2016-06-11 02:06:00	19.5	12.84	30.45	12.03	26.94	12.61	34.63	11.98	29.71	12.63	43.75	12.05
2016-06-11 02:12:00	19.5	12.88	30.45	12.01	26.94	12.61	34.63	11.98	29.71	12.63	43.82	12.05
2016-06-11 02:18:00	19.5	12.83	30.45	12.01	26.93	12.61	34.64	11.98	29.7	12.65	43.7	12.06
2016-06-11 02:24:00	19.5	12.84	30.45	12.03	26.92	12.63	34.64	11.95	29.7	12.63	43.68	12.07
2016-06-11 02:30:00	19.51	12.83	30.45	12.02	26.92	12.63	34.64	11.93	29.7	12.6	43.68	12.04
2016-06-11 02:36:00	19.52	12.81	30.45	12.02	26.92	12.63	34.64	11.92	29.7	12.63	43.68	12.05
2016-06-11 02:42:00	19.51	12.8	30.45	12.02	26.91	12.59	34.63	11.95	29.69	12.59	43.79	12.05
2016-06-11 02:48:00	19.5	12.83	30.45	12.03	26.91	12.57	34.63	11.95	29.69	12.59	43.68	12.05
2016-06-11 02:54:00	19.5	12.8	30.45	12.02	26.91	12.57	34.63	11.95	29.69	12.57	43.66	12.05
2016-06-11 03:00:00	19.5	12.79	30.45	12.05	26.9	12.59	34.63	11.95	29.69	12.59	43.66	12.06
2016-06-11 03:06:00	19.5	12.77	30.46	12.05	26.9	12.59	34.63	11.93	29.69	12.59	43.7	12.05
2016-06-11 03:12:00	19.5	12.76	30.45	12.04	26.89	12.54	34.63	11.96	29.69	12.59	43.66	12.03
2016-06-11 03:18:00	19.51	12.79	30.46	12.02	26.89	12.55	34.63	11.95	29.68	12.59	43.66	12.04
2016-06-11 03:24:00	19.53	12.76	30.46	12.01	26.89	12.54	34.63	11.96	29.68	12.58	43.66	12.03
2016-06-11 03:30:00	19.57	12.73	30.46	12.02	26.89	12.52	34.62	11.94	29.68	12.56	43.66	12.07
2016-06-11 03:36:00	19.54	12.73	30.46	12.01	26.89	12.55	34.62	11.95	29.67	12.59	43.66	12.07
2016-06-11 03:42:00	19.49	12.74	30.46	12.02	26.89	12.57	34.62	11.96	29.68	12.52	43.66	12.05
2016-06-11 03:48:00	19.48	12.73	30.46	12.03	26.89	12.54	34.61	11.92	29.68	12.55	43.66	12.05
2016-06-11 03:54:00	19.47	12.73	30.46	12.0	26.89	12.51	34.61	11.95	29.67	12.55	43.66	12.07
2016-06-11 04:00:00	19.46	12.72	30.46	12.02	26.88	12.5	34.61	11.95	29.67	12.54	43.66	12.05
2016-06-11 04:06:00	19.46	12.71	30.46	11.97	26.88	12.54	34.61	11.95	29.67	12.55	43.66	12.05
2016-06-11 04:12:00	19.48	12.73	30.46	12.02	26.88	12.51	34.61	11.92	29.67	12.55	43.66	12.06
2016-06-11 04:18:00	19.68	12.7	30.46	12.01	26.88	12.49	34.61	11.93	29.66	12.51	43.66	12.05
2016-06-11 04:24:00	19.75	12.67	30.46	12.02	26.87	12.5	34.61	11.93	29.66	12.52	43.65	12.04
2016-06-11 04:30:00	19.56	12.73	30.46	12.03	26.87	12.51	34.61	11.93	29.66	12.52	43.65	12.06
2016-06-11 04:36:00	19.48	12.69	30.46	12.03	26.87	12.5	34.61	11.95	29.65	12.52	43.65	12.07
2016-06-11 04:42:00	19.44	12.68	30.46	12.03	26.86	12.45	34.6	11.92	29.65	12.51	43.65	12.06
2016-06-11 04:48:00	19.43	12.7	30.46	12.02	26.86	12.48	34.6	11.95	29.65	12.48	43.65	12.08
2016-06-11 04:54:00	19.61	12.65	30.46	12.04	26.85	12.46	34.6	11.94	29.65	12.52	43.65	12.05
2016-06-11 05:00:00	19.6	12.7	30.46	12.0	26.85	12.47	34.6	11.91	29.64	12.48	43.65	12.05
2016-06-11 05:06:00	19.74	12.63	30.46	12.03	26.85	12.45	34.6	11.95	29.64	12.47	43.65	12.08
2016-06-11 05:12:00	19.78	12.63	30.46	11.98	26.85	12.4	34.6	11.95	29.64	12.49	43.65	12.04
2016-06-11 05:18:00	19.79	12.64	30.46	12.0	26.84	12.47	34.6	11.94	29.63	12.49	43.65	12.03
2016-06-11 05:24:00	19.81	12.62	30.46	12.0	26.84	12.44	34.6	11.92	29.63	12.44	43.65	12.05
2016-06-11 05:30:00	19.82	12.63	30.46	12.02	26.84	12.47	34.6	11.93	29.63	12.47	43.65	12.02
2016-06-11 05:36:00	19.73	12.58	30.46	12.0	26.83	12.43	34.59	11.92	29.62	12.45	43.65	12.04
2016-06-11 05:42:00	19.8	12.62	30.46	11.99	26.83	12.42	34.59	11.95	29.62	12.45	43.65	12.02
2016-06-11 05:48:00	19.79	12.6	30.46	11.99	26.83	12.41	34.59	11.9	29.62	12.43	43.65	12.05
2016-06-11 05:54:00	19.87	12.59	30.46	11.98	26.83	12.41	34.59	11.95	29.61	12.45	43.65	12.03
2016-06-11 06:00:00	19.87	12.58	30.46	12.01	26.83	12.38	34.59	11.91	29.61	12.43	43.65	12.06
2016-06-11 06:06:00	19.88	12.61	30.46	12.0	26.83	12.4	34.59	11.88	29.61	12.45	43.65	12.05
2016-06-11 06:12:00	19.9	12.55	30.46	12.03	26.83	12.4	34.59	11.9	29.6	12.45	43.65	12.0
2016-06-11 06:18:00	19.9	12.56	30.46	11.98	26.83	12.39	34.58	11.93	29.61	12.42	43.65	12.03
2016-06-11 06:24:00	20.03	12.56	30.46	12.0	26.83	12.34	34.58	11.9	29.61	12.43	43.65	12.03
2016-06-11 06:30:00	19.93	12.55	30.46	12.0	26.83	12.37	34.58	11.93	29.6	12.44	43.65	12.04
2016-06-11 06:36:00	19.91	12.55	30.46	11.95	26.82	12.35	34.58	11.93	29.6	12.44	43.65	12.02
2016-06-11 06:42:00	19.83	12.54	30.46	12.02	26.82	12.39	34.58	11.91	29.6	12.41	43.64	12.0
2016-06-11 06:48:00	19.74	12.55	30.46	11.98	26.82	12.37	34.58	11.91	29.59	12.42	43.64	12.04
2016-06-11 06:54:00	19.84	12.53	30.46	11.96	26.82	12.38	34.58	11.92	29.59	12.4	43.64	12.02
2016-06-11 07:00:00	19.83	12.55	30.46	11.97	26.81	12.38	34.58	11.91	29.59	12.35	43.64	12.03
2016-06-11 07:06:00	19.99	12.54	30.46	11.95	26.81	12.31	34.57	11.93	29.58	12.41	43.64	12.04
2016-06-11 07:12:00	19.59	12.55	30.46	11.98	26.81	12.34	34.57	11.92	29.58	12.41	43.64	11.99
2016-06-11 07:18:00	19.49	12.51	30.46	11.98	26.8	12.34	34.57	11.9	29.58	12.38	43.64	12.04
2016-06-11 07:24:00	19.44	12.5	30.46	12.01	26.8	12.33	34.58	11.93	29.57	12.38	43.64	12.05
2016-06-11 07:30:00	19.48	12.5	30.46	11.96	26.8	12.34	34.57	11.94	29.57	12.37	43.64	11.98
2016-06-11 07:36:00	19.45	12.52	30.46	11.98	26.8	12.36	34.57	11.91	29.56	12.37	43.64	12.02
2016-06-11 07:42:00	19.4	12.48	30.46	11.95	26.79	12.36	34.57	11.91	29.56	12.38	43.64	12.01
2016-06-11 07:48:00	19.37	12.52	30.46	11.96	26.79	12.34	34.57	11.89	29.56	12.36	43.64	12.01
2016-06-11 07:54:00	19.36	12.5	30.46	11.97	26.79	12.3	34.57	11.9	29.55	12.38	43.64	12.01
2016-06-11 08:00:00	19.36	12.53	30.46	11.98	26.78	12.38	34.57	11.92	29.55	12.38	43.64	12.03
2016-06-11 08:06:00	19.36	12.48	30.46	11.95	26.78	12.36	34.55	11.91	29.55	12.38	43.64	12.02
2016-06-11 08:12:00	19.36	12.51	30.45	11.96	26.77	12.32	34.55	11.89	29.54	12.37	43.64	12.0
2016-06-11 08:18:00	19.36	12.54	30.45	11.98	26.77	12.33	34.55	11.94	29.54	12.36	43.64	12.03
2016-06-11 08:24:00	19.36	12.48	30.45	11.99	26.77	12.34	34.55	11.85	29.53	12.35	43.64	12.01
2016-06-11 08:30:00	19.36	12.5	30.45	11.98	26.77	12.33	34.55	11.91	29.54	12.33	43.64	12.02
2016-06-11 08:36:00	19.65	12.52	30.45	11.97	26.77	12.34	34.55	11.88	29.53	12.34	43.64	11.99
2016-06-11 08:42:00	19.58	12.49	30.45	11.95	26.77	12.3	34.54	11.88	29.53	12.37	43.62	11.99
2016-06-11 08:48:00	19.36	12.49	30.45	11.98	26.77	12.33	34.54	11.88	29.53	12.34	43.62	11.97
2016-06-11 08:54:00	19.31	12.51	30.45	11.95	26.76	12.37	34.54	11.91	29.53	12.37	43.62	12.02
2016-06-11 09:00:00	19.31	12.49	30.45	11.95	26.76	12.32	34.54	11.91	29.52	12.31	43.62	12.0
2016-06-11 09:06:00	19.31	12.48	30.45	11.94	26.75	12.3	34.54	11.9	29.52	12.38	43.62	12.0
2016-06-11 09:12:00	19.3	12.48	30.44	11.93	26.75	12.34	34.54	11.89	29.51	12.39	43.62	12.01
2016-06-11 09:18:00	19.29	12.51	30.44	11.93	26.74	12.33	34.53	11.88	29.51	12.38	43.62	11.99
2016-06-11 09:24:00	19.31	12.48	30.44	11.95	26.74	12.33	34.53	11.87	29.51	12.33	43.62	11.98
2016-06-11 09:30:00	19.29	12.46	30.45	11.96	26.74	12.3	34.53	11.87	29.51	12.31	43.62	12.02
2016-06-11 09:36:00	19.28	12.53	30.44	11.91	26.73	12.3	34.53	11.86	29.51	12.3	43.62	11.98
2016-06-11 09:42:00	19.28	12.48	30.44	11.93	26.72	12.32	34.53	11.86	29.51	12.34	43.62	11.99
2016-06-11 09:48:00	19.28	12.48	30.43	11.95	26.72	12.35	34.52	11.88	29.5	12.35	43.62	11.97
2016-06-11 09:54:00	19.27	12.45	30.43	11.92	26.71	12.33	34.52	11.89	29.5	12.34	43.62	11.97
2016-06-11 10:00:00	19.26	12.51	30.43	11.95	26.71	12.34	34.52	11.86	29.49	12.32	43.62	11.98
2016-06-11 10:12:00	19.24	12.48	30.42	11.95	26.71	12.3	34.52	11.85	29.48	12.3	43.64	11.98
2016-06-11 10:18:00	19.23	12.5	30.42	11.95	26.71	12.34	34.51	11.89	29.48	12.34	43.62	11.95
2016-06-11 10:24:00	19.32	12.53	30.41	11.96	26.71	12.33	34.51	11.89	29.47	12.33	43.62	11.98
2016-06-11 10:30:00	19.23	12.47	30.42	11.95	26.7	12.35	34.52	11.88	29.48	12.34	43.62	11.96
2016-06-11 10:36:00	19.22	12.52	30.42	11.93	26.7	12.33	34.52	11.85	29.47	12.31	43.61	11.95
2016-06-11 10:42:00	19.22	12.52	30.41	11.92	26.69	12.36	34.51	11.88	29.47	12.32	43.61	11.95
2016-06-11 10:48:00	19.21	12.49	30.4	11.93	26.68	12.35	34.51	11.86	29.46	12.31	43.61	11.98
2016-06-11 10:54:00	19.21	12.51	30.4	11.91	26.67	12.38	34.51	11.84	29.46	12.37	43.61	11.94
2016-06-11 11:00:00	19.22	12.49	30.4	11.95	26.66	12.31	34.51	11.84	29.45	12.36	43.61	11.96
2016-06-11 11:06:00	19.21	12.52	30.39	11.91	26.66	12.36	34.51	11.84	29.44	12.34	43.61	11.95
2016-06-11 11:12:00	19.18	12.52	30.39	11.92	26.66	12.38	34.5	11.86	29.43	12.35	43.61	11.95
2016-06-11 11:18:00	19.18	12.53	30.38	11.91	26.65	12.37	34.5	11.84	29.43	12.34	43.62	11.96
2016-06-11 11:24:00	19.19	12.53	30.37	11.91	26.65	12.41	34.5	11.84	29.42	12.34	43.62	11.96
2016-06-11 11:30:00	19.18	12.55	30.37	11.9	26.64	12.41	34.49	11.84	29.42	12.34	43.62	11.95
2016-06-11 11:36:00	19.17	12.56	30.36	11.89	26.63	12.42	34.49	11.83	29.41	12.37	43.62	11.92
2016-06-11 11:42:00	19.16	12.57	30.36	11.91	26.62	12.41	34.49	11.84	29.4	12.35	43.62	11.98
2016-06-11 11:48:00	19.15	12.58	30.35	11.91	26.61	12.44	34.49	11.84	29.41	12.38	43.61	11.92
2016-06-11 11:54:00	19.14	12.57	30.35	11.88	26.61	12.4	34.49	11.86	29.4	12.34	43.61	11.96
2016-06-11 12:00:00	19.12	12.59	30.34	11.88	26.6	12.4	34.48	11.84	29.39	12.38	43.61	11.95
2016-06-11 12:06:00	19.12	12.59	30.34	11.91	26.6	12.44	34.48	11.86	29.39	12.37	43.61	11.95
2016-06-11 12:12:00	19.11	12.6	30.34	11.91	26.59	12.41	34.49	11.84	29.38	12.36	43.61	11.95
2016-06-11 12:18:00	19.1	12.62	30.33	11.91	26.59	12.43	34.49	11.82	29.37	12.4	43.61	11.91
2016-06-11 12:24:00	19.13	12.58	30.32	11.88	26.58	12.48	34.48	11.85	29.37	12.37	43.61	11.95
2016-06-11 12:30:00	19.09	12.59	30.32	11.88	26.56	12.44	34.48	11.87	29.36	12.38	43.61	11.91
2016-06-11 12:36:00	19.14	12.59	30.31	11.91	26.55	12.45	34.48	11.82	29.35	12.4	43.61	11.95
2016-06-11 12:42:00	19.13	12.64	30.31	11.88	26.54	12.45	34.47	11.84	29.35	12.41	43.61	11.92
2016-06-11 12:48:00	19.14	12.65	30.31	11.88	26.54	12.47	34.47	11.87	29.34	12.38	43.61	11.91
2016-06-11 12:54:00	19.14	12.67	30.3	11.89	26.53	12.52	34.47	11.84	29.34	12.4	43.59	11.96
2016-06-11 13:00:00	19.13	12.66	30.29	11.89	26.53	12.49	34.47	11.79	29.34	12.41	43.59	11.91
2016-06-11 13:06:00	19.1	12.67	30.29	11.9	26.52	12.52	34.46	11.8	29.34	12.4	43.59	11.91
2016-06-11 13:12:00	19.1	12.68	30.28	11.92	26.51	12.55	34.46	11.85	29.34	12.41	43.59	11.95
2016-06-11 13:18:00	19.06	12.65	30.28	11.88	26.5	12.52	34.46	11.85	29.33	12.41	43.59	11.92
2016-06-11 13:24:00	19.08	12.68	30.27	11.88	26.49	12.56	34.46	11.8	29.32	12.43	43.59	11.92
2016-06-11 13:30:00	19.07	12.69	30.28	11.91	26.48	12.54	34.46	11.81	29.31	12.43	43.59	11.91
2016-06-11 13:36:00	19.06	12.69	30.27	11.89	26.47	12.55	34.45	11.84	29.31	12.47	43.59	11.91
2016-06-11 13:42:00	19.05	12.73	30.27	11.88	26.47	12.56	34.45	11.8	29.3	12.48	43.59	11.92
2016-06-11 13:48:00	19.05	12.72	30.26	11.9	26.46	12.59	34.44	11.84	29.29	12.45	43.59	11.91
2016-06-11 13:54:00	19.04	12.78	30.26	11.9	26.45	12.59	34.44	11.87	29.29	12.45	43.58	11.92
2016-06-11 14:00:00	19.04	12.76	30.25	11.88	26.44	12.58	34.44	11.84	29.28	12.45	43.58	11.94
2016-06-11 14:06:00	19.04	12.75	30.25	11.87	26.43	12.63	34.44	11.83	29.28	12.45	43.58	11.92
2016-06-11 14:12:00	19.01	12.74	30.24	11.91	26.43	12.6	34.43	11.8	29.28	12.46	43.58	11.94
2016-06-11 14:18:00	19.0	12.78	30.24	11.89	26.42	12.62	34.43	11.81	29.27	12.48	43.58	11.93
2016-06-11 14:24:00	18.99	12.79	30.23	11.88	26.41	12.63	34.43	11.78	29.26	12.5	43.58	11.93
2016-06-11 14:30:00	18.99	12.78	30.23	11.87	26.4	12.61	34.42	11.83	29.26	12.5	43.58	11.9
2016-06-11 14:36:00	18.98	12.8	30.23	11.9	26.39	12.63	34.42	11.83	29.25	12.5	43.58	11.95
2016-06-11 14:42:00	19.22	12.78	30.22	11.85	26.38	12.63	34.43	11.82	29.25	12.51	43.58	11.91
2016-06-11 14:48:00	19.6	12.78	30.22	11.87	26.38	12.65	34.42	11.84	29.24	12.52	43.58	11.91
2016-06-11 14:54:00	19.96	12.77	30.21	11.87	26.36	12.66	34.42	11.84	29.23	12.52	43.58	11.92
2016-06-11 15:00:00	19.99	12.77	30.21	11.86	26.35	12.66	34.42	11.82	29.23	12.52	43.58	11.89
2016-06-11 15:06:00	20.01	12.8	30.2	11.88	26.35	12.66	34.44	11.8	29.22	12.51	43.58	11.92
2016-06-11 15:12:00	19.97	12.81	30.21	11.84	26.34	12.68	34.42	11.81	29.21	12.52	43.57	11.92
2016-06-11 15:18:00	20.05	12.84	30.21	11.87	26.33	12.7	34.42	11.79	29.2	12.5	43.57	11.91
2016-06-11 15:24:00	19.97	12.82	30.2	11.88	26.32	12.67	34.42	11.83	29.21	12.53	43.57	11.91
2016-06-11 15:30:00	19.95	12.84	30.2	11.88	26.31	12.69	34.4	11.83	29.2	12.57	43.57	11.94
2016-06-11 15:36:00	19.91	12.84	30.19	11.84	26.3	12.7	34.4	11.8	29.19	12.54	43.57	11.93
2016-06-11 15:42:00	19.92	12.88	30.19	11.87	26.3	12.7	34.4	11.8	29.19	12.55	43.57	11.91
2016-06-11 15:48:00	19.91	12.85	30.18	11.86	26.29	12.74	34.42	11.81	29.19	12.58	43.57	11.89
2016-06-11 15:54:00	19.93	12.88	30.18	11.88	26.27	12.73	34.4	11.83	29.18	12.55	43.57	11.89
2016-06-11 16:00:00	19.88	12.88	30.12	11.91	26.27	12.72	34.4	11.8	29.17	12.55	43.57	11.91
2016-06-11 16:06:00	19.99	12.88	30.12	11.85	26.26	12.73	34.39	11.83	29.17	12.58	43.57	11.92
2016-06-11 16:12:00	19.95	12.88	30.12	11.88	26.25	12.75	34.42	11.8	29.16	12.6	43.55	11.91
2016-06-11 16:18:00	19.93	12.91	30.12	11.89	26.24	12.73	34.39	11.82	29.15	12.58	43.55	11.9
2016-06-11 16:24:00	19.92	12.89	30.12	11.88	26.23	12.76	34.39	11.84	29.14	12.56	43.55	11.9
2016-06-11 16:30:00	19.93	12.9	30.12	11.86	26.22	12.79	34.39	11.83	29.15	12.61	43.55	11.91
2016-06-11 16:36:00	19.93	12.93	30.12	11.85	26.22	12.77	34.39	11.8	29.14	12.62	43.55	11.89
2016-06-11 16:42:00	19.91	12.91	30.12	11.85	26.2	12.78	34.38	11.8	29.14	12.62	43.55	11.91
2016-06-11 16:48:00	19.9	12.89	30.12	11.87	26.19	12.77	34.37	11.82	29.13	12.61	43.55	11.91
2016-06-11 16:54:00	19.9	12.92	30.12	11.85	26.18	12.78	34.37	11.79	29.13	12.61	43.55	11.89
2016-06-11 17:00:00	19.85	12.94	30.12	11.88	26.18	12.77	34.37	11.8	29.13	12.66	43.55	11.89
2016-06-11 17:06:00	19.83	12.92	30.12	11.86	26.17	12.8	34.37	11.79	29.12	12.64	43.55	11.91
2016-06-11 17:12:00	19.86	12.95	30.12	11.85	26.16	12.77	34.36	11.79	29.11	12.66	43.55	11.9
2016-06-11 17:18:00	19.84	12.95	30.12	11.87	26.16	12.8	34.36	11.8	29.1	12.64	43.55	11.91
2016-06-11 17:24:00	19.87	12.95	30.12	11.84	26.15	12.79	34.36	11.8	29.09	12.65	43.55	11.9
2016-06-11 17:30:00	19.83	12.98	30.12	11.85	26.14	12.81	34.36	11.81	29.08	12.66	43.54	11.91
2016-06-11 17:36:00	19.83	12.96	30.12	11.86	26.13	12.8	34.35	11.8	29.08	12.65	43.54	11.91
2016-06-11 17:42:00	19.83	12.98	30.12	11.86	26.12	12.82	34.35	11.82	29.07	12.67	43.54	11.93
2016-06-11 17:48:00	19.83	12.97	30.12	11.85	26.12	12.81	34.35	11.79	29.08	12.68	43.54	11.93
2016-06-11 17:54:00	19.76	13.0	30.12	11.87	26.11	12.81	34.35	11.81	29.07	12.67	43.54	11.91
2016-06-11 18:00:00	19.78	12.95	30.12	11.87	26.11	12.82	34.35	11.79	29.06	12.67	43.54	11.9
2016-06-11 18:06:00	19.69	12.97	30.12	11.88	26.06	12.83	34.34	11.79	29.06	12.67	43.54	11.91
2016-06-11 18:12:00	19.69	12.99	30.12	11.86	26.06	12.84	34.34	11.78	29.05	12.7	43.54	11.91
2016-06-11 18:18:00	19.67	12.99	30.12	11.87	26.06	12.83	34.34	11.82	29.05	12.67	43.54	11.91
2016-06-11 18:24:00	19.72	12.98	30.11	11.86	26.06	12.82	34.34	11.78	29.05	12.7	43.54	11.91
2016-06-11 18:30:00	19.73	13.02	30.11	11.89	26.06	12.87	34.34	11.79	29.04	12.7	43.54	11.91
2016-06-11 18:36:00	19.73	12.98	30.1	11.86	26.06	12.86	34.34	11.8	29.04	12.69	43.52	11.91
2016-06-11 18:42:00	19.72	12.99	30.09	11.86	26.05	12.83	34.33	11.8	29.03	12.68	43.52	11.89
2016-06-11 18:48:00	19.69	13.01	30.09	11.88	26.04	12.88	34.34	11.81	29.02	12.72	43.52	11.93
2016-06-11 18:54:00	19.71	13.04	30.09	11.87	26.03	12.87	34.34	11.8	29.02	12.72	43.52	11.91
2016-06-11 19:00:00	19.68	12.98	30.08	11.88	26.02	12.85	34.33	11.8	29.02	12.7	43.52	11.91
2016-06-11 19:06:00	19.68	13.04	30.08	11.83	26.01	12.85	34.33	11.84	29.01	12.71	43.52	11.95
2016-06-11 19:12:00	19.66	13.02	30.08	11.88	26.01	12.83	34.33	11.82	29.0	12.7	43.52	11.9
2016-06-11 19:18:00	19.63	13.02	30.08	11.84	26.01	12.9	34.33	11.79	29.0	12.72	43.52	11.92
2016-06-11 19:24:00	19.65	13.02	30.07	11.89	26.0	12.87	34.32	11.83	28.99	12.7	43.52	11.92
2016-06-11 19:30:00	19.66	13.02	30.08	11.89	25.99	12.88	34.32	11.82	28.99	12.71	43.52	11.93
2016-06-11 19:36:00	19.65	13.03	30.08	11.89	25.96	12.85	34.32	11.8	28.98	12.72	43.52	11.9
2016-06-11 19:42:00	19.6	13.06	30.07	11.85	25.96	12.87	34.32	11.84	28.97	12.74	43.51	11.9
2016-06-11 19:48:00	19.61	13.03	30.08	11.9	25.95	12.9	34.32	11.82	28.97	12.73	43.52	11.93
2016-06-11 19:54:00	19.6	13.02	30.07	11.88	25.95	12.86	34.32	11.84	28.96	12.73	43.52	11.94
2016-06-11 20:00:00	19.6	13.02	30.08	11.87	25.94	12.88	34.31	11.82	28.96	12.7	43.52	11.91
2016-06-11 20:06:00	19.59	13.02	30.08	11.88	25.93	12.85	34.31	11.82	28.95	12.73	43.51	11.93
2016-06-11 20:12:00	19.61	13.05	30.08	11.84	25.93	12.86	34.31	11.82	28.95	12.73	43.52	11.95
2016-06-11 20:18:00	19.62	13.03	30.07	11.91	25.92	12.88	34.31	11.8	28.95	12.77	43.51	11.95
2016-06-11 20:24:00	19.58	13.04	30.08	11.88	25.91	12.89	34.31	11.79	28.95	12.73	43.51	11.89
2016-06-11 20:30:00	19.59	13.05	30.07	11.85	25.91	12.9	34.31	11.79	28.94	12.75	43.52	11.94
2016-06-11 20:36:00	19.62	13.05	30.08	11.89	25.9	12.89	34.3	11.82	28.94	12.74	43.52	11.91
2016-06-11 20:42:00	19.6	13.03	30.08	11.89	25.89	12.86	34.3	11.84	28.93	12.78	43.51	11.94
2016-06-11 20:48:00	19.55	13.05	30.08	11.88	25.88	12.85	34.3	11.83	28.93	12.73	43.51	11.91
2016-06-11 20:54:00	19.78	13.05	30.08	11.85	25.89	12.88	34.3	11.82	28.92	12.73	43.51	11.92
2016-06-11 21:00:00	19.78	13.04	30.08	11.87	25.88	12.88	34.29	11.8	28.92	12.73	43.51	11.91
2016-06-11 21:06:00	19.75	13.01	30.07	11.88	25.87	12.88	34.29	11.82	28.92	12.7	43.51	11.91
2016-06-11 21:12:00	19.59	13.08	30.08	11.89	25.86	12.88	34.29	11.81	28.92	12.74	43.51	11.91
2016-06-11 21:18:00	19.57	13.02	30.08	11.88	25.86	12.86	34.29	11.8	28.91	12.77	43.51	11.91
2016-06-11 21:24:00	19.59	13.02	30.08	11.89	25.86	12.88	34.29	11.82	28.91	12.73	43.51	11.91
2016-06-11 21:30:00	19.57	13.04	30.07	11.91	25.86	12.86	34.28	11.86	28.91	12.75	43.51	11.92
2016-06-11 21:36:00	19.51	13.01	30.08	11.91	25.85	12.86	34.28	11.82	28.9	12.73	43.51	11.92
2016-06-11 21:42:00	19.51	13.03	30.08	11.87	25.84	12.88	34.28	11.84	28.9	12.76	43.51	11.96
2016-06-11 21:48:00	19.54	13.03	30.08	11.88	25.84	12.88	34.28	11.83	28.89	12.75	43.51	11.95
2016-06-11 21:54:00	19.54	13.04	30.07	11.89	25.83	12.88	34.27	11.84	28.89	12.77	43.51	11.95
2016-06-11 22:00:00	19.63	13.02	30.08	11.84	25.82	12.85	34.28	11.84	28.88	12.76	43.51	11.91
2016-06-11 22:06:00	19.57	13.02	30.08	11.87	25.84	12.84	34.28	11.83	28.89	12.75	43.5	11.93
2016-06-11 22:12:00	19.54	13.05	30.07	11.91	25.83	12.85	34.27	11.82	28.88	12.77	43.5	11.95
2016-06-11 22:18:00	19.55	13.03	30.08	11.89	25.82	12.85	34.27	11.87	28.88	12.76	43.5	11.97
2016-06-11 22:24:00	19.59	13.03	30.08	11.89	25.81	12.84	34.27	11.78	28.87	12.74	43.5	11.95
2016-06-11 22:30:00	19.53	13.0	30.07	11.88	25.81	12.84	34.27	11.83	28.87	12.77	43.5	11.96
2016-06-11 22:36:00	19.57	13.02	30.07	11.91	25.81	12.88	34.26	11.83	28.86	12.76	43.5	11.97
2016-06-11 22:42:00	19.58	13.02	30.08	11.9	25.81	12.82	34.26	11.8	28.86	12.76	43.5	11.93
2016-06-11 22:48:00	19.59	13.04	30.08	11.89	25.8	12.82	34.27	11.84	28.86	12.76	43.5	11.97
2016-06-11 22:54:00	19.57	13.0	30.08	11.95	25.79	12.87	34.26	11.83	28.85	12.73	43.5	11.94
2016-06-11 23:00:00	19.57	13.02	30.08	11.89	25.79	12.81	34.26	11.86	28.85	12.76	43.5	11.95
2016-06-11 23:06:00	19.59	12.97	30.08	11.87	25.78	12.85	34.26	11.85	28.84	12.73	43.5	11.96
2016-06-11 23:06:00	19.59	12.97	30.08	11.87	25.78	12.85	34.26	11.85	28.84	12.75	43.5	11.95
2016-06-11 23:12:00	19.57	12.98	30.08	11.88	25.78	12.83	34.26	11.8	28.84	12.73	43.5	11.95
2016-06-11 23:18:00	19.52	13.01	30.08	11.89	25.77	12.81	34.26	11.83	28.83	12.74	43.5	11.93
2016-06-11 23:24:00	19.56	13.0	30.08	11.89	25.77	12.85	34.26	11.86	28.83	12.72	43.5	11.93
2016-06-11 23:36:00	19.57	13.01	30.08	11.91	25.77	12.81	34.24	11.84	28.82	12.74	43.5	11.94
2016-06-11 23:42:00	19.49	12.98	30.08	11.91	25.76	12.81	34.24	11.84	28.82	12.7	43.5	11.98
2016-06-11 23:48:00	19.53	12.95	30.08	11.93	25.76	12.78	34.24	11.83	28.81	12.7	43.5	11.95
2016-06-11 23:54:00	19.51	12.96	30.08	11.91	25.76	12.77	34.24	11.85	28.82	12.72	43.5	11.98
