d_t	SM1	ST1	SM2	ST2	SM3	ST3	SM4	ST4	SM5	ST5	SM6	ST6
2015-12-26 00:00:00	13.2	7.48	39.02	7.16	30.8	7.47	37.66	7.24	31.92	7.41	43.41	7.2
2015-12-26 00:06:00	13.2	7.46	39.02	7.16	30.8	7.46	37.66	7.23	31.92	7.45	43.4	7.2
2015-12-26 00:12:00	13.2	7.51	39.02	7.13	30.8	7.42	37.65	7.25	31.92	7.45	43.41	7.21
2015-12-26 00:18:00	13.2	7.49	39.02	7.14	30.8	7.46	37.65	7.26	31.91	7.43	43.4	7.22
2015-12-26 00:24:00	13.2	7.48	39.02	7.16	30.8	7.47	37.66	7.26	31.91	7.45	43.41	7.22
2015-12-26 00:30:00	13.2	7.48	39.02	7.13	30.8	7.45	37.65	7.24	31.91	7.45	43.4	7.21
2015-12-26 00:36:00	13.21	7.52	39.02	7.14	30.8	7.48	37.66	7.21	31.91	7.43	43.41	7.21
2015-12-26 00:42:00	13.2	7.48	39.02	7.16	30.8	7.48	37.65	7.26	31.91	7.45	43.41	7.22
2015-12-26 00:48:00	13.2	7.48	39.02	7.14	30.8	7.46	37.65	7.23	31.91	7.45	43.4	7.25
2015-12-26 00:54:00	13.2	7.51	39.02	7.14	30.8	7.51	37.65	7.25	31.91	7.43	43.4	7.24
2015-12-26 01:00:00	13.2	7.52	39.02	7.12	30.8	7.49	37.65	7.25	31.91	7.47	43.4	7.23
2015-12-26 01:06:00	13.2	7.49	39.02	7.16	30.79	7.47	37.65	7.22	31.91	7.46	43.4	7.23
2015-12-26 01:12:00	13.2	7.52	39.02	7.14	30.79	7.51	37.65	7.25	31.91	7.48	43.41	7.24
2015-12-26 01:18:00	13.19	7.55	39.02	7.16	30.79	7.51	37.65	7.26	31.91	7.43	43.4	7.23
2015-12-26 01:24:00	13.2	7.53	39.02	7.17	30.79	7.5	37.66	7.24	31.91	7.48	43.41	7.27
2015-12-26 01:30:00	13.2	7.53	39.02	7.14	30.79	7.51	37.66	7.2	31.91	7.48	43.41	7.24
2015-12-26 01:36:00	13.2	7.51	39.02	7.16	30.79	7.53	37.66	7.24	31.91	7.46	43.4	7.24
2015-12-26 01:42:00	13.2	7.57	39.02	7.15	30.79	7.51	37.66	7.24	31.91	7.5	43.41	7.25
2015-12-26 01:48:00	13.19	7.55	39.02	7.16	30.79	7.53	37.66	7.26	31.91	7.47	43.4	7.23
2015-12-26 01:54:00	13.19	7.52	39.02	7.16	30.79	7.53	37.65	7.27	31.91	7.49	43.4	7.25
2015-12-26 02:00:00	13.19	7.59	39.02	7.16	30.79	7.57	37.65	7.27	31.91	7.47	43.4	7.27
2015-12-26 02:06:00	13.19	7.54	39.01	7.17	30.79	7.5	37.66	7.24	31.91	7.48	43.4	7.25
2015-12-26 02:12:00	13.19	7.55	39.01	7.19	30.79	7.58	37.65	7.27	31.91	7.49	43.4	7.26
2015-12-26 02:18:00	13.19	7.59	39.01	7.17	30.79	7.53	37.65	7.24	31.91	7.48	43.4	7.26
2015-12-26 02:24:00	13.19	7.61	39.01	7.14	30.78	7.55	37.65	7.24	31.92	7.5	43.4	7.26
2015-12-26 02:30:00	13.19	7.59	39.01	7.17	30.79	7.56	37.65	7.27	31.92	7.52	43.4	7.27
2015-12-26 02:36:00	13.19	7.6	39.01	7.17	30.78	7.54	37.65	7.24	31.91	7.52	43.4	7.24
2015-12-26 02:42:00	13.19	7.61	39.01	7.17	30.79	7.55	37.64	7.29	31.9	7.5	43.4	7.3
2015-12-26 02:48:00	13.19	7.59	39.01	7.16	30.79	7.56	37.64	7.24	31.91	7.54	43.4	7.25
2015-12-26 02:54:00	13.19	7.59	39.01	7.19	30.78	7.57	37.64	7.26	31.91	7.52	43.4	7.23
2015-12-26 03:00:00	13.19	7.6	39.01	7.19	30.78	7.56	37.64	7.27	31.91	7.51	43.4	7.26
2015-12-26 03:06:00	13.19	7.63	39.01	7.18	30.79	7.57	37.64	7.25	31.91	7.52	43.4	7.25
2015-12-26 03:12:00	13.19	7.62	39.01	7.16	30.79	7.57	37.64	7.31	31.9	7.5	43.4	7.26
2015-12-26 03:18:00	13.19	7.63	39.01	7.2	30.79	7.56	37.64	7.25	31.91	7.52	43.4	7.23
2015-12-26 03:24:00	13.19	7.61	39.01	7.19	30.79	7.56	37.63	7.3	31.91	7.52	43.4	7.24
2015-12-26 03:30:00	13.19	7.61	39.01	7.16	30.79	7.6	37.63	7.26	31.91	7.53	43.4	7.27
2015-12-26 03:36:00	13.19	7.64	39.01	7.16	30.79	7.55	37.63	7.29	31.91	7.56	43.4	7.27
2015-12-26 03:42:00	13.19	7.63	39.01	7.18	30.79	7.63	37.63	7.27	31.91	7.58	43.4	7.25
2015-12-26 03:48:00	13.19	7.61	39.01	7.2	30.79	7.6	37.63	7.27	31.91	7.56	43.4	7.27
2015-12-26 03:48:00	13.19	7.61	39.01	7.2	30.79	7.6	37.63	7.27	31.91	7.56	43.4	7.29
2015-12-26 04:00:00	13.19	7.63	39.01	7.19	30.79	7.59	37.66	7.27	31.91	7.59	43.4	7.27
2015-12-26 04:06:00	13.19	7.63	39.01	7.18	30.79	7.57	37.66	7.26	31.91	7.53	43.4	7.27
2015-12-26 04:18:00	13.19	7.63	39.01	7.19	30.79	7.59	37.65	7.26	31.91	7.56	43.4	7.29
2015-12-26 04:24:00	13.19	7.63	39.01	7.2	30.8	7.59	37.65	7.3	31.91	7.55	43.4	7.28
2015-12-26 04:30:00	13.19	7.61	39.0	7.23	30.8	7.61	37.65	7.28	31.91	7.56	43.4	7.3
2015-12-26 04:36:00	13.19	7.65	39.01	7.21	30.8	7.62	37.65	7.28	31.91	7.56	43.4	7.29
2015-12-26 04:42:00	13.19	7.64	39.0	7.2	30.8	7.57	37.65	7.3	31.91	7.58	43.4	7.29
2015-12-26 04:48:00	13.19	7.64	39.0	7.16	30.8	7.6	37.64	7.28	31.91	7.59	43.4	7.3
2015-12-26 04:54:00	13.19	7.63	39.01	7.2	30.79	7.6	37.64	7.29	31.91	7.57	43.4	7.28
2015-12-26 05:00:00	13.19	7.65	39.0	7.2	30.79	7.59	37.64	7.28	31.91	7.55	43.4	7.25
2015-12-26 05:06:00	13.19	7.63	39.01	7.2	30.79	7.6	37.64	7.32	31.91	7.59	43.4	7.3
2015-12-26 05:12:00	13.19	7.64	39.0	7.21	30.79	7.59	37.63	7.3	31.91	7.57	43.4	7.27
2015-12-26 05:18:00	13.19	7.66	39.0	7.18	30.79	7.59	37.63	7.3	31.9	7.57	43.4	7.27
2015-12-26 05:24:00	13.19	7.66	39.0	7.19	30.79	7.6	37.63	7.29	31.9	7.59	43.4	7.3
2015-12-26 05:30:00	13.19	7.65	39.01	7.19	30.79	7.61	37.63	7.29	31.9	7.58	43.4	7.27
2015-12-26 05:36:00	13.18	7.65	39.01	7.23	30.79	7.6	37.63	7.26	31.9	7.58	43.4	7.29
2015-12-26 05:42:00	13.19	7.69	39.01	7.2	30.78	7.61	37.63	7.28	31.9	7.55	43.4	7.28
2015-12-26 05:48:00	13.19	7.64	39.0	7.2	30.78	7.6	37.63	7.3	31.9	7.57	43.4	7.28
2015-12-26 05:54:00	13.19	7.66	39.0	7.21	30.78	7.65	37.63	7.32	31.9	7.59	43.4	7.31
2015-12-26 06:00:00	13.19	7.67	39.0	7.22	30.78	7.64	37.62	7.26	31.9	7.59	43.4	7.27
2015-12-26 06:06:00	13.19	7.63	39.0	7.2	30.78	7.63	37.62	7.28	31.9	7.58	43.4	7.3
2015-12-26 06:12:00	13.19	7.66	39.0	7.21	30.78	7.64	37.62	7.29	31.9	7.59	43.4	7.3
2015-12-26 06:18:00	13.18	7.65	39.0	7.21	30.78	7.6	37.62	7.3	31.9	7.63	43.4	7.34
2015-12-26 06:24:00	13.18	7.61	39.0	7.23	30.78	7.61	37.62	7.3	31.9	7.59	43.4	7.32
2015-12-26 06:30:00	13.18	7.66	39.0	7.17	30.78	7.65	37.65	7.3	31.9	7.63	43.4	7.29
2015-12-26 06:36:00	13.19	7.63	39.0	7.22	30.78	7.61	37.65	7.27	31.9	7.59	43.4	7.31
2015-12-26 06:42:00	13.18	7.65	39.0	7.22	30.78	7.63	37.65	7.3	31.9	7.61	43.4	7.3
2015-12-26 06:48:00	13.18	7.65	39.0	7.21	30.78	7.63	37.65	7.3	31.9	7.58	43.4	7.34
2015-12-26 06:54:00	13.18	7.66	39.0	7.22	30.78	7.63	37.65	7.31	31.89	7.61	43.4	7.3
2015-12-26 07:00:00	13.18	7.66	39.0	7.23	30.78	7.63	37.65	7.3	31.89	7.63	43.4	7.33
2015-12-26 07:06:00	13.18	7.69	39.0	7.23	30.78	7.6	37.65	7.29	31.89	7.62	43.4	7.35
2015-12-26 07:12:00	13.18	7.66	39.0	7.23	30.77	7.62	37.65	7.33	31.89	7.58	43.4	7.3
2015-12-26 07:18:00	13.18	7.66	39.0	7.22	30.78	7.63	37.64	7.32	31.89	7.6	43.4	7.31
2015-12-26 07:24:00	13.18	7.66	39.0	7.23	30.78	7.63	37.64	7.33	31.89	7.59	43.4	7.32
2015-12-26 07:30:00	13.18	7.66	39.0	7.23	30.78	7.62	37.64	7.29	31.89	7.59	43.4	7.31
2015-12-26 07:36:00	13.18	7.66	39.0	7.23	30.78	7.63	37.64	7.32	31.89	7.59	43.4	7.33
2015-12-26 07:42:00	13.18	7.67	39.0	7.21	30.77	7.62	37.64	7.34	31.89	7.6	43.4	7.3
2015-12-26 07:48:00	13.18	7.63	39.0	7.22	30.77	7.61	37.64	7.36	31.89	7.6	43.4	7.31
2015-12-26 07:54:00	13.18	7.67	39.0	7.21	30.77	7.64	37.63	7.31	31.88	7.6	43.4	7.34
2015-12-26 08:00:00	13.18	7.66	39.0	7.2	30.77	7.6	37.63	7.36	31.89	7.6	43.4	7.3
2015-12-26 08:06:00	13.18	7.64	39.0	7.18	30.77	7.63	37.63	7.3	31.88	7.59	43.4	7.34
2015-12-26 08:12:00	13.18	7.64	39.0	7.23	30.77	7.6	37.63	7.3	31.88	7.59	43.4	7.33
2015-12-26 08:18:00	13.18	7.65	39.0	7.26	30.77	7.6	37.63	7.34	31.88	7.63	43.4	7.33
2015-12-26 08:24:00	13.18	7.61	39.0	7.23	30.78	7.63	37.62	7.32	31.88	7.61	43.4	7.34
2015-12-26 08:30:00	13.17	7.65	39.0	7.26	30.77	7.64	37.62	7.34	31.88	7.6	43.4	7.3
2015-12-26 08:36:00	13.17	7.63	39.0	7.23	30.77	7.62	37.62	7.34	31.88	7.63	43.4	7.35
2015-12-26 08:42:00	13.17	7.64	38.99	7.25	30.77	7.59	37.62	7.32	31.88	7.63	43.4	7.37
2015-12-26 08:48:00	13.17	7.61	39.0	7.22	30.77	7.6	37.6	7.32	31.88	7.63	43.4	7.33
2015-12-26 08:54:00	13.17	7.63	38.99	7.27	30.77	7.63	37.6	7.35	31.88	7.58	43.4	7.34
2015-12-26 09:00:00	13.17	7.59	38.99	7.22	30.76	7.59	37.6	7.29	31.88	7.63	43.4	7.34
2015-12-26 09:06:00	13.17	7.59	38.99	7.23	30.77	7.59	37.63	7.38	31.88	7.57	43.4	7.37
2015-12-26 09:12:00	13.17	7.61	38.99	7.25	30.77	7.6	37.62	7.36	31.88	7.6	43.4	7.34
2015-12-26 09:18:00	13.17	7.61	38.99	7.25	30.77	7.59	37.62	7.31	31.87	7.58	43.4	7.34
2015-12-26 09:24:00	13.17	7.62	38.99	7.25	30.77	7.58	37.62	7.36	31.87	7.62	43.4	7.37
2015-12-26 09:30:00	13.17	7.61	38.99	7.29	30.77	7.59	37.62	7.37	31.87	7.57	43.4	7.34
2015-12-26 09:36:00	13.17	7.59	38.99	7.25	30.77	7.59	37.62	7.36	31.87	7.63	43.4	7.34
2015-12-26 09:42:00	13.17	7.63	38.99	7.25	30.77	7.57	37.62	7.34	31.87	7.62	43.4	7.35
2015-12-26 09:48:00	13.17	7.61	38.99	7.27	30.76	7.59	37.62	7.36	31.87	7.61	43.4	7.38
2015-12-26 09:54:00	13.17	7.59	38.99	7.27	30.76	7.59	37.6	7.34	31.87	7.59	43.4	7.34
2015-12-26 10:00:00	13.17	7.59	38.99	7.28	30.76	7.6	37.6	7.35	31.88	7.59	43.4	7.36
2015-12-26 10:06:00	13.17	7.59	38.99	7.25	30.76	7.57	37.6	7.33	31.87	7.58	43.4	7.33
2015-12-26 10:12:00	13.17	7.59	38.99	7.26	30.76	7.56	37.6	7.38	31.87	7.58	43.4	7.4
2015-12-26 10:18:00	13.17	7.59	38.99	7.26	30.76	7.55	37.6	7.35	31.87	7.6	43.4	7.34
2015-12-26 10:24:00	13.16	7.58	38.99	7.27	30.76	7.58	37.59	7.38	31.87	7.57	43.4	7.37
2015-12-26 10:30:00	13.16	7.62	38.99	7.26	30.76	7.55	37.59	7.31	31.87	7.6	43.4	7.34
2015-12-26 10:36:00	13.16	7.59	38.99	7.28	30.76	7.55	37.59	7.34	31.87	7.58	43.4	7.34
2015-12-26 10:42:00	13.16	7.61	38.99	7.28	30.76	7.59	37.59	7.36	31.87	7.58	43.4	7.35
2015-12-26 10:48:00	13.16	7.61	38.99	7.28	30.76	7.57	37.6	7.38	31.86	7.57	43.4	7.38
2015-12-26 10:54:00	13.16	7.6	38.99	7.27	30.76	7.62	37.6	7.34	31.87	7.57	43.4	7.35
2015-12-26 11:00:00	13.16	7.59	38.99	7.24	30.76	7.58	37.6	7.38	31.87	7.59	43.39	7.38
2015-12-26 11:06:00	13.16	7.61	38.99	7.24	30.76	7.59	37.6	7.36	31.87	7.55	43.4	7.34
2015-12-26 11:12:00	13.16	7.58	38.99	7.26	30.75	7.59	37.6	7.34	31.87	7.59	43.4	7.38
2015-12-26 11:18:00	13.16	7.59	38.99	7.28	30.75	7.59	37.6	7.34	31.87	7.58	43.39	7.35
2015-12-26 11:24:00	13.16	7.6	38.99	7.27	30.75	7.58	37.6	7.38	31.87	7.58	43.39	7.37
2015-12-26 11:30:00	13.16	7.61	38.98	7.27	30.75	7.61	37.6	7.36	31.86	7.57	43.4	7.33
2015-12-26 11:36:00	13.16	7.62	38.99	7.27	30.75	7.59	37.59	7.38	31.86	7.59	43.4	7.37
2015-12-26 11:42:00	13.16	7.62	38.99	7.25	30.75	7.59	37.59	7.38	31.86	7.58	43.39	7.34
2015-12-26 11:48:00	13.16	7.6	38.98	7.29	30.75	7.59	37.59	7.39	31.86	7.59	43.39	7.37
2015-12-26 11:54:00	13.16	7.61	38.98	7.3	30.75	7.6	37.59	7.37	31.86	7.59	43.39	7.38
2015-12-26 12:00:00	13.16	7.6	38.98	7.3	30.75	7.61	37.59	7.38	31.86	7.59	43.39	7.34
2015-12-26 12:00:00	13.16	7.6	38.98	7.3	30.75	7.61	37.59	7.38	31.86	7.59	43.39	7.38
2015-12-26 12:12:00	13.16	7.61	38.98	7.29	30.75	7.63	37.59	7.36	31.86	7.6	43.39	7.36
2015-12-26 12:18:00	13.16	7.64	38.98	7.28	30.75	7.59	37.59	7.34	31.86	7.62	43.39	7.36
2015-12-26 12:24:00	13.16	7.66	38.99	7.3	30.75	7.61	37.59	7.38	31.86	7.58	43.39	7.39
2015-12-26 12:30:00	13.16	7.66	38.98	7.28	30.75	7.61	37.58	7.38	31.86	7.62	43.39	7.38
2015-12-26 12:36:00	13.16	7.66	38.98	7.28	30.75	7.64	37.59	7.35	31.86	7.59	43.39	7.35
2015-12-26 12:42:00	13.16	7.68	38.99	7.32	30.75	7.64	37.6	7.37	31.86	7.62	43.39	7.36
2015-12-26 12:48:00	13.16	7.68	38.98	7.27	30.75	7.67	37.59	7.37	31.86	7.61	43.39	7.42
2015-12-26 12:54:00	13.16	7.66	38.98	7.27	30.75	7.64	37.59	7.35	31.86	7.62	43.39	7.42
2015-12-26 13:00:00	13.16	7.69	38.98	7.3	30.75	7.67	37.59	7.38	31.86	7.64	43.39	7.38
2015-12-26 13:06:00	13.16	7.69	38.98	7.3	30.75	7.66	37.6	7.37	31.86	7.65	43.39	7.41
2015-12-26 13:12:00	13.15	7.7	38.98	7.28	30.75	7.63	37.62	7.35	31.86	7.61	43.4	7.39
2015-12-26 13:18:00	13.16	7.68	38.98	7.28	30.75	7.66	37.6	7.38	31.86	7.62	43.39	7.36
2015-12-26 13:24:00	13.15	7.7	38.98	7.31	30.75	7.66	37.62	7.38	31.86	7.63	43.39	7.39
2015-12-26 13:30:00	13.16	7.73	38.98	7.31	30.75	7.67	37.59	7.38	31.86	7.63	43.39	7.42
2015-12-26 13:36:00	13.15	7.73	38.98	7.33	30.75	7.66	37.58	7.38	31.86	7.65	43.39	7.41
2015-12-26 13:42:00	13.16	7.72	38.98	7.32	30.75	7.69	37.58	7.39	31.86	7.65	43.39	7.38
2015-12-26 13:48:00	13.16	7.75	38.98	7.32	30.75	7.7	37.58	7.38	31.86	7.66	43.39	7.38
2015-12-26 13:54:00	13.16	7.77	38.98	7.27	30.75	7.69	37.58	7.39	31.86	7.66	43.39	7.38
2015-12-26 14:00:00	13.16	7.77	38.98	7.3	30.75	7.69	37.58	7.38	31.86	7.63	43.39	7.38
2015-12-26 14:06:00	13.15	7.77	38.98	7.29	30.75	7.7	37.58	7.38	31.86	7.65	43.39	7.38
2015-12-26 14:12:00	13.15	7.79	38.98	7.34	30.75	7.71	37.58	7.38	31.85	7.67	43.39	7.41
2015-12-26 14:18:00	13.16	7.77	38.98	7.27	30.75	7.74	37.58	7.4	31.85	7.66	43.39	7.39
2015-12-26 14:24:00	13.15	7.77	38.98	7.28	30.75	7.71	37.57	7.38	31.85	7.66	43.39	7.38
2015-12-26 14:30:00	13.16	7.82	38.98	7.28	30.75	7.73	37.58	7.38	31.85	7.68	43.39	7.39
2015-12-26 14:36:00	13.15	7.82	38.98	7.3	30.75	7.76	37.58	7.38	31.85	7.7	43.39	7.44
2015-12-26 14:42:00	13.15	7.78	38.98	7.33	30.75	7.71	37.58	7.38	31.85	7.7	43.39	7.4
2015-12-26 14:48:00	13.15	7.77	38.98	7.29	30.74	7.76	37.58	7.41	31.85	7.71	43.39	7.44
2015-12-26 14:54:00	13.15	7.8	38.98	7.31	30.74	7.73	37.59	7.42	31.85	7.72	43.39	7.41
2015-12-26 15:00:00	13.15	7.79	38.98	7.32	30.74	7.75	37.58	7.37	31.85	7.7	43.39	7.41
2015-12-26 15:06:00	13.15	7.8	38.98	7.32	30.74	7.78	37.58	7.41	31.85	7.73	43.39	7.41
2015-12-26 15:12:00	13.15	7.83	38.98	7.3	30.74	7.77	37.58	7.38	31.85	7.71	43.39	7.4
2015-12-26 15:18:00	13.15	7.79	38.96	7.28	30.74	7.77	37.57	7.38	31.85	7.7	43.39	7.41
2015-12-26 15:24:00	13.15	7.82	38.96	7.34	30.74	7.78	37.58	7.4	31.85	7.73	43.39	7.37
2015-12-26 15:30:00	13.15	7.84	38.98	7.33	30.74	7.77	37.58	7.43	31.85	7.72	43.39	7.4
2015-12-26 15:36:00	13.15	7.84	38.96	7.3	30.74	7.76	37.57	7.41	31.85	7.71	43.39	7.41
2015-12-26 15:42:00	13.15	7.85	38.98	7.32	30.74	7.74	37.57	7.39	31.85	7.72	43.39	7.44
2015-12-26 15:48:00	13.15	7.82	38.98	7.3	30.74	7.77	37.56	7.41	31.85	7.76	43.39	7.42
2015-12-26 15:54:00	13.15	7.81	38.96	7.3	30.74	7.75	37.56	7.38	31.85	7.74	43.39	7.44
2015-12-26 16:00:00	13.15	7.83	38.96	7.33	30.74	7.77	37.56	7.41	31.85	7.75	43.39	7.41
2015-12-26 16:06:00	13.15	7.82	38.96	7.34	30.74	7.78	37.56	7.37	31.85	7.73	43.39	7.41
2015-12-26 16:12:00	13.15	7.83	38.98	7.35	30.74	7.74	37.56	7.4	31.85	7.74	43.4	7.39
2015-12-26 16:18:00	13.15	7.8	38.98	7.34	30.74	7.8	37.57	7.39	31.84	7.71	43.39	7.43
2015-12-26 16:24:00	13.15	7.81	38.98	7.33	30.74	7.75	37.6	7.43	31.84	7.72	43.39	7.41
2015-12-26 16:30:00	13.15	7.86	38.98	7.34	30.74	7.8	37.59	7.38	31.85	7.74	43.39	7.43
2015-12-26 16:36:00	13.14	7.82	38.96	7.34	30.74	7.76	37.58	7.41	31.84	7.73	43.39	7.44
2015-12-26 16:42:00	13.14	7.82	38.96	7.33	30.74	7.78	37.57	7.41	31.84	7.77	43.4	7.41
2015-12-26 16:48:00	13.15	7.81	38.98	7.35	30.74	7.76	37.57	7.46	31.84	7.73	43.39	7.42
2015-12-26 16:54:00	13.15	7.8	38.98	7.32	30.73	7.73	37.57	7.45	31.84	7.73	43.39	7.39
2015-12-26 17:00:00	13.14	7.81	38.98	7.3	30.74	7.8	37.56	7.41	31.84	7.75	43.39	7.44
2015-12-26 17:06:00	13.14	7.8	38.98	7.34	30.73	7.77	37.56	7.45	31.84	7.73	43.39	7.41
2015-12-26 17:12:00	13.14	7.79	38.98	7.34	30.73	7.77	37.57	7.41	31.84	7.76	43.39	7.43
2015-12-26 17:18:00	13.14	7.79	38.98	7.32	30.73	7.76	37.57	7.45	31.84	7.73	43.39	7.43
2015-12-26 17:24:00	13.14	7.82	38.98	7.31	30.73	7.77	37.57	7.41	31.84	7.73	43.39	7.42
2015-12-26 17:30:00	13.14	7.79	38.96	7.35	30.73	7.75	37.57	7.42	31.84	7.74	43.39	7.44
2015-12-26 17:36:00	13.14	7.8	38.98	7.34	30.73	7.78	37.56	7.4	31.84	7.75	43.39	7.45
2015-12-26 17:42:00	13.14	7.8	38.96	7.37	30.73	7.76	37.55	7.44	31.84	7.74	43.4	7.45
2015-12-26 17:48:00	13.14	7.78	38.96	7.34	30.73	7.76	37.55	7.45	31.85	7.75	43.39	7.42
2015-12-26 17:54:00	13.13	7.78	38.98	7.36	30.73	7.76	37.53	7.39	31.85	7.73	43.39	7.41
2015-12-26 18:00:00	13.14	7.77	38.98	7.37	30.73	7.79	37.53	7.41	31.84	7.73	43.39	7.41
2015-12-26 18:06:00	13.14	7.78	38.96	7.34	30.73	7.8	37.53	7.45	31.84	7.73	43.39	7.43
2015-12-26 18:12:00	13.14	7.77	38.96	7.35	30.73	7.73	37.52	7.42	31.84	7.74	43.39	7.43
2015-12-26 18:18:00	13.15	7.8	38.96	7.37	30.73	7.75	37.52	7.44	31.84	7.77	43.39	7.45
2015-12-26 18:24:00	13.13	7.77	38.96	7.34	30.73	7.76	37.52	7.45	31.84	7.75	43.39	7.41
2015-12-26 18:30:00	13.14	7.8	38.96	7.36	30.72	7.7	37.52	7.41	31.83	7.74	43.39	7.46
2015-12-26 18:36:00	13.14	7.74	38.96	7.35	30.72	7.77	37.52	7.43	31.84	7.71	43.39	7.41
2015-12-26 18:42:00	13.14	7.77	38.96	7.34	30.72	7.72	37.55	7.46	31.84	7.73	43.39	7.45
2015-12-26 18:48:00	13.13	7.78	38.96	7.37	30.72	7.75	37.51	7.44	31.84	7.74	43.39	7.44
2015-12-26 18:54:00	13.13	7.77	38.96	7.37	30.72	7.73	37.53	7.45	31.84	7.73	43.39	7.44
2015-12-26 19:00:00	13.14	7.76	38.96	7.36	30.72	7.74	37.51	7.42	31.84	7.75	43.4	7.45
2015-12-26 19:06:00	13.14	7.75	38.96	7.36	30.72	7.73	37.5	7.47	31.83	7.76	43.4	7.46
2015-12-26 19:12:00	13.13	7.79	38.96	7.36	30.72	7.73	37.5	7.43	31.84	7.73	43.4	7.45
2015-12-26 19:18:00	13.13	7.75	38.96	7.35	30.72	7.73	37.5	7.42	31.84	7.73	43.4	7.42
2015-12-26 19:24:00	13.27	7.75	38.96	7.34	30.72	7.73	37.5	7.41	31.84	7.73	43.4	7.46
2015-12-26 19:30:00	13.56	7.73	38.96	7.38	30.72	7.7	37.5	7.44	31.84	7.74	43.4	7.47
2015-12-26 19:36:00	13.47	7.73	38.96	7.34	30.72	7.73	37.5	7.45	31.83	7.76	43.4	7.45
2015-12-26 19:42:00	13.71	7.73	38.96	7.34	30.72	7.73	37.51	7.41	31.83	7.73	43.4	7.47
2015-12-26 19:48:00	13.68	7.76	38.96	7.38	30.72	7.73	37.58	7.45	31.83	7.73	43.4	7.51
2015-12-26 19:54:00	13.66	7.68	38.96	7.36	30.72	7.71	37.51	7.46	31.83	7.77	43.4	7.44
2015-12-26 20:00:00	13.66	7.71	38.96	7.35	30.71	7.72	37.5	7.49	31.83	7.75	43.4	7.46
2015-12-26 20:06:00	13.58	7.76	38.96	7.37	30.71	7.73	37.5	7.44	31.83	7.7	43.4	7.45
2015-12-26 20:12:00	13.73	7.71	38.96	7.39	30.71	7.7	37.5	7.46	31.83	7.69	43.4	7.43
2015-12-26 20:18:00	13.76	7.7	38.96	7.36	30.71	7.73	37.5	7.46	31.83	7.69	43.4	7.5
2015-12-26 20:24:00	13.7	7.7	38.96	7.36	30.71	7.73	37.5	7.45	31.83	7.72	43.4	7.46
2015-12-26 20:30:00	13.7	7.69	38.96	7.38	30.71	7.68	37.49	7.45	31.83	7.7	43.4	7.47
2015-12-26 20:36:00	13.66	7.7	38.96	7.38	30.71	7.71	37.49	7.45	31.83	7.71	43.39	7.45
2015-12-26 20:42:00	13.54	7.7	38.96	7.36	30.71	7.67	37.49	7.43	31.83	7.7	43.4	7.47
2015-12-26 20:48:00	13.56	7.69	38.96	7.37	30.66	7.71	37.47	7.48	31.83	7.7	43.39	7.47
2015-12-26 20:54:00	13.56	7.7	38.96	7.36	30.66	7.7	37.47	7.46	31.83	7.72	43.39	7.46
2015-12-26 21:00:00	13.56	7.69	38.95	7.36	30.71	7.67	37.47	7.44	31.83	7.72	43.39	7.48
2015-12-26 21:06:00	13.57	7.67	38.96	7.36	30.66	7.7	37.47	7.47	31.82	7.7	43.39	7.47
2015-12-26 21:12:00	13.58	7.69	38.96	7.34	30.66	7.67	37.45	7.45	31.82	7.7	43.39	7.45
2015-12-26 21:18:00	13.57	7.69	38.96	7.39	30.66	7.66	37.45	7.45	31.82	7.68	43.39	7.47
2015-12-26 21:24:00	13.74	7.65	38.95	7.39	30.66	7.67	37.45	7.48	31.82	7.7	43.39	7.44
2015-12-26 21:30:00	13.63	7.65	38.95	7.38	30.66	7.68	37.45	7.47	31.82	7.69	43.39	7.48
2015-12-26 21:36:00	13.62	7.67	38.95	7.41	30.66	7.65	37.45	7.45	31.82	7.7	43.39	7.46
2015-12-26 21:42:00	13.74	7.63	38.95	7.42	30.66	7.68	37.45	7.45	31.82	7.66	43.39	7.47
2015-12-26 21:48:00	13.71	7.67	38.95	7.38	30.71	7.66	37.44	7.47	31.82	7.7	43.39	7.48
2015-12-26 21:54:00	13.71	7.66	38.95	7.37	30.66	7.66	37.44	7.45	31.82	7.68	43.4	7.47
2015-12-26 22:00:00	13.69	7.61	38.95	7.4	30.66	7.66	37.44	7.45	31.82	7.68	43.39	7.48
2015-12-26 22:06:00	13.72	7.65	38.95	7.4	30.66	7.66	37.44	7.45	31.82	7.7	43.39	7.45
2015-12-26 22:12:00	13.73	7.62	38.95	7.38	30.66	7.64	37.44	7.46	31.82	7.68	43.39	7.5
2015-12-26 22:18:00	13.75	7.61	38.95	7.37	30.66	7.63	37.43	7.45	31.82	7.66	43.4	7.49
2015-12-26 22:24:00	13.75	7.59	38.95	7.4	30.66	7.64	37.43	7.46	31.82	7.66	43.39	7.48
2015-12-26 22:30:00	13.75	7.6	38.95	7.4	30.66	7.66	37.43	7.47	31.82	7.69	43.39	7.45
2015-12-26 22:36:00	13.75	7.59	38.95	7.41	30.66	7.63	37.43	7.44	31.82	7.67	43.39	7.47
2015-12-26 22:42:00	13.76	7.6	38.95	7.38	30.66	7.61	37.43	7.46	31.81	7.64	43.39	7.46
2015-12-26 22:48:00	13.82	7.61	38.95	7.4	30.66	7.59	37.43	7.48	31.81	7.66	43.39	7.49
2015-12-26 22:54:00	13.79	7.62	38.95	7.4	30.66	7.6	37.43	7.48	31.81	7.66	43.39	7.48
2015-12-26 23:00:00	13.78	7.55	38.95	7.41	30.66	7.59	37.43	7.48	31.81	7.66	43.39	7.5
2015-12-26 23:06:00	13.79	7.56	38.95	7.38	30.66	7.61	37.42	7.45	31.81	7.66	43.4	7.48
2015-12-26 23:12:00	13.79	7.55	38.95	7.38	30.66	7.59	37.43	7.48	31.81	7.63	43.39	7.49
2015-12-26 23:18:00	13.76	7.54	38.95	7.38	30.66	7.6	37.42	7.48	31.81	7.63	43.39	7.45
2015-12-26 23:24:00	13.79	7.56	38.95	7.39	30.66	7.57	37.42	7.48	31.81	7.63	43.39	7.49
2015-12-26 23:30:00	13.79	7.55	38.95	7.38	30.66	7.56	37.42	7.47	31.81	7.63	43.39	7.48
2015-12-26 23:36:00	13.78	7.57	38.95	7.39	30.66	7.58	37.42	7.5	31.81	7.63	43.4	7.45
2015-12-26 23:42:00	13.77	7.56	38.95	7.38	30.66	7.6	37.42	7.45	31.81	7.64	43.39	7.48
2015-12-26 23:48:00	13.76	7.54	38.95	7.38	30.66	7.54	37.41	7.48	31.81	7.61	43.39	7.52
2015-12-26 23:54:00	13.76	7.55	38.95	7.38	30.66	7.55	37.41	7.47	31.81	7.63	43.39	7.49
