09.07.2020	00:00:00	RO_SE_001	3589	22965	108	0	13405	8.79	16.4	13.11	4.97	11707	15.56	28.44	12.76	4.97	12439	12.19	22.9	13.02	4.97	11623	16.37	29.64	12.73	4.99	12702	10.99	20.72	12.99	4.89	10626	25.89	40.9	12.74	4.97															2020-07-09 00:00:00
09.07.2020	00:06:00	RO_SE_001	3589	22966	108	0	13406	8.78	16.39	13.09	4.97	11707	15.56	28.44	12.77	4.97	12440	12.19	22.89	12.98	4.97	11623	16.37	29.64	12.73	4.99	12701	10.99	20.73	13.01	4.89	10626	25.89	40.9	12.71	4.99															2020-07-09 00:06:00
09.07.2020	00:12:00	RO_SE_001	3589	22967	87	0	13406	8.78	16.39	13.1	4.97	11706	15.57	28.45	12.76	4.97	12440	12.19	22.89	13.02	4.97	11623	16.37	29.64	12.73	4.99	12701	10.99	20.73	12.99	4.89	10626	25.89	40.9	12.73	4.99															2020-07-09 00:12:00
09.07.2020	00:18:00	RO_SE_001	3589	22968	87	0	13406	8.78	16.39	13.1	4.97	11707	15.56	28.44	12.78	4.97	12440	12.19	22.89	12.98	4.97	11623	16.37	29.64	12.7	4.99	12701	10.99	20.73	12.98	4.89	10626	25.89	40.9	12.7	4.97															2020-07-09 00:18:00
09.07.2020	00:24:00	RO_SE_001	3589	22969	87	0	13406	8.78	16.39	13.06	4.97	11707	15.56	28.44	12.78	4.97	12440	12.19	22.89	13.02	4.97	11623	16.37	29.64	12.73	4.99	12701	10.99	20.73	13.0	4.89	10626	25.89	40.9	12.74	4.99															2020-07-09 00:24:00
09.07.2020	00:30:00	RO_SE_001	3589	22970	87	0	13406	8.78	16.39	13.08	4.97	11706	15.57	28.45	12.75	4.97	12441	12.18	22.88	13.0	4.97	11623	16.37	29.64	12.73	4.99	12700	11.00	20.73	12.98	4.89	10626	25.89	40.9	12.7	4.97															2020-07-09 00:30:00
09.07.2020	00:36:00	RO_SE_001	3589	22971	87	0	13406	8.78	16.39	13.03	4.97	11707	15.56	28.44	12.73	4.97	12441	12.18	22.88	13.05	4.97	11624	16.36	29.64	12.73	4.99	12700	11.00	20.73	13.0	4.89	10626	25.89	40.9	12.73	4.97															2020-07-09 00:36:00
09.07.2020	00:42:00	RO_SE_001	3590	22972	87	0	13405	8.79	16.4	13.1	4.97	11707	15.56	28.44	12.74	4.97	12441	12.18	22.88	13.02	4.97	11624	16.36	29.64	12.73	5.02	12699	11.00	20.74	13.01	4.89	10626	25.89	40.9	12.69	4.99															2020-07-09 00:42:00
09.07.2020	00:48:00	RO_SE_001	3553	22973	0	0	13405	8.79	16.4	13.05	4.97	11707	15.56	28.44	12.75	4.97	12441	12.18	22.88	12.98	4.97	11624	16.36	29.64	12.71	4.99	12698	11.01	20.75	12.96	4.89	10626	25.89	40.9	12.71	4.97															2020-07-09 00:48:00
09.07.2020	00:54:00	RO_SE_001	3584	22974	126	0	13405	8.79	16.4	13.02	4.97	11707	15.56	28.44	12.78	4.97	12442	12.18	22.88	12.99	4.97	11624	16.36	29.64	12.73	4.99	12698	11.01	20.75	12.98	4.89	10626	25.89	40.9	12.7	4.97															2020-07-09 00:54:00
09.07.2020	01:00:00	RO_SE_001	3587	22975	126	0	13405	8.79	16.4	13.04	4.97	11706	15.57	28.45	12.78	4.97	12442	12.18	22.88	12.99	4.99	11624	16.36	29.64	12.71	4.99	12697	11.01	20.76	12.97	4.91	10627	25.88	40.89	12.7	4.97															2020-07-09 01:00:00
09.07.2020	01:06:00	RO_SE_001	3588	22976	132	0	13405	8.79	16.4	13.07	4.97	11707	15.56	28.44	12.8	4.97	12443	12.17	22.87	13.02	4.97	11624	16.36	29.64	12.74	4.99	12697	11.01	20.76	12.95	4.91	10627	25.88	40.89	12.72	4.99															2020-07-09 01:06:00
09.07.2020	01:12:00	RO_SE_001	3588	22977	132	0	13405	8.79	16.4	13.05	4.97	11706	15.57	28.45	12.74	4.97	12443	12.17	22.87	12.98	4.97	11625	16.35	29.63	12.7	4.99	12696	11.01	20.76	12.95	4.89	10627	25.88	40.89	12.7	4.97															2020-07-09 01:12:00
09.07.2020	01:18:00	RO_SE_001	3588	22978	132	0	13405	8.79	16.4	13.06	4.97	11706	15.57	28.45	12.78	4.97	12443	12.17	22.87	13.0	4.97	11625	16.35	29.63	12.73	4.99	12696	11.01	20.76	12.98	4.89	10627	25.88	40.89	12.73	4.99															2020-07-09 01:18:00
09.07.2020	01:24:00	RO_SE_001	3589	22979	99	0	13405	8.79	16.4	13.07	4.97	11706	15.57	28.45	12.75	4.97	12443	12.17	22.87	12.98	4.97	11625	16.35	29.63	12.69	4.99	12696	11.01	20.76	12.97	4.91	10627	25.88	40.89	12.71	4.97															2020-07-09 01:24:00
09.07.2020	01:30:00	RO_SE_001	3589	22980	99	0	13405	8.79	16.4	13.07	4.97	11707	15.56	28.44	12.76	4.97	12444	12.17	22.86	13.01	4.99	11625	16.35	29.63	12.74	4.99	12695	11.02	20.77	12.94	4.91	10627	25.88	40.89	12.7	4.97															2020-07-09 01:30:00
09.07.2020	01:36:00	RO_SE_001	3589	22981	99	0	13405	8.79	16.4	13.04	4.97	11707	15.56	28.44	12.76	4.97	12444	12.17	22.86	13.0	4.97	11625	16.35	29.63	12.72	4.99	12695	11.02	20.77	12.92	4.89	10627	25.88	40.89	12.72	4.99															2020-07-09 01:36:00
09.07.2020	01:42:00	RO_SE_001	3589	22982	99	0	13405	8.79	16.4	13.05	4.97	11707	15.56	28.44	12.75	4.97	12444	12.17	22.86	12.99	4.97	11625	16.35	29.63	12.73	4.99	12695	11.02	20.77	12.97	4.89	10627	25.88	40.89	12.73	4.99															2020-07-09 01:42:00
09.07.2020	01:48:00	RO_SE_001	3589	22983	132	0	13405	8.79	16.4	13.04	4.97	11706	15.57	28.45	12.78	4.97	12445	12.16	22.86	13.02	4.97	11625	16.35	29.63	12.73	4.99	12694	11.02	20.78	12.95	4.91	10627	25.88	40.89	12.71	4.99															2020-07-09 01:48:00
09.07.2020	01:54:00	RO_SE_001	3592	22984	132	0	13405	8.79	16.4	13.04	4.97	11707	15.56	28.44	12.79	4.97	12445	12.16	22.86	13.02	4.97	11626	16.35	29.62	12.73	4.99	12694	11.02	20.78	12.95	4.89	10627	25.88	40.89	12.71	4.97															2020-07-09 01:54:00
09.07.2020	02:00:00	RO_SE_001	3590	22985	132	0	13405	8.79	16.4	13.03	4.97	11707	15.56	28.44	12.77	4.97	12445	12.16	22.86	12.98	4.97	11626	16.35	29.62	12.7	4.99	12694	11.02	20.78	12.95	4.91	10627	25.88	40.89	12.67	4.99															2020-07-09 02:00:00
09.07.2020	02:06:00	RO_SE_001	3592	22986	120	0	13405	8.79	16.4	13.03	4.97	11707	15.56	28.44	12.79	4.97	12445	12.16	22.86	13.02	4.97	11626	16.35	29.62	12.73	4.99	12694	11.02	20.78	12.97	4.89	10627	25.88	40.89	12.72	4.99															2020-07-09 02:06:00
09.07.2020	02:12:00	RO_SE_001	3590	22987	120	0	13405	8.79	16.4	13.03	4.97	11707	15.56	28.44	12.74	4.97	12446	12.16	22.85	12.95	4.97	11626	16.35	29.62	12.73	4.99	12693	11.02	20.78	12.98	4.91	10627	25.88	40.89	12.71	4.99															2020-07-09 02:12:00
09.07.2020	02:18:00	RO_SE_001	3591	22988	120	0	13405	8.79	16.4	13.0	4.97	11706	15.57	28.45	12.77	4.97	12446	12.16	22.85	12.97	4.97	11626	16.35	29.62	12.72	4.99	12693	11.02	20.78	12.92	4.89	10627	25.88	40.89	12.71	4.99															2020-07-09 02:18:00
09.07.2020	02:24:00	RO_SE_001	3590	22989	120	0	13405	8.79	16.4	13.04	4.97	11707	15.56	28.44	12.77	4.97	12446	12.16	22.85	12.98	4.97	11626	16.35	29.62	12.73	4.99	12692	11.03	20.79	12.93	4.89	10627	25.88	40.89	12.74	4.97															2020-07-09 02:24:00
09.07.2020	02:30:00	RO_SE_001	3590	22990	120	0	13405	8.79	16.4	13.02	4.97	11707	15.56	28.44	12.8	4.97	12446	12.16	22.85	12.98	4.97	11625	16.35	29.63	12.73	4.99	12692	11.03	20.79	12.93	4.91	10627	25.88	40.89	12.7	4.97															2020-07-09 02:30:00
09.07.2020	02:36:00	RO_SE_001	3591	22991	123	0	13405	8.79	16.4	13.05	4.97	11707	15.56	28.44	12.77	4.97	12446	12.16	22.85	12.95	4.97	11625	16.35	29.63	12.71	4.99	12691	11.03	20.8	12.93	4.91	10627	25.88	40.89	12.72	4.99															2020-07-09 02:36:00
09.07.2020	02:42:00	RO_SE_001	3589	22992	132	0	13405	8.79	16.4	13.02	4.97	11707	15.56	28.44	12.76	4.97	12447	12.16	22.84	12.98	4.97	11626	16.35	29.62	12.72	4.99	12691	11.03	20.8	12.96	4.89	10628	25.87	40.87	12.7	4.97															2020-07-09 02:42:00
09.07.2020	02:48:00	RO_SE_001	3590	22993	132	0	13405	8.79	16.4	13.02	4.97	11707	15.56	28.44	12.74	4.97	12446	12.16	22.85	12.95	4.97	11627	16.34	29.61	12.7	4.99	12691	11.03	20.8	12.92	4.89	10627	25.88	40.89	12.73	4.99															2020-07-09 02:48:00
09.07.2020	02:54:00	RO_SE_001	3590	22994	132	0	13405	8.79	16.4	13.02	4.97	11707	15.56	28.44	12.75	4.97	12447	12.16	22.84	12.97	4.97	11627	16.34	29.61	12.73	4.99	12690	11.04	20.8	12.92	4.89	10628	25.87	40.87	12.7	4.99															2020-07-09 02:54:00
09.07.2020	03:00:00	RO_SE_001	3591	22995	132	0	13405	8.79	16.4	13.02	4.97	11707	15.56	28.44	12.77	4.97	12446	12.16	22.85	12.97	4.97	11626	16.35	29.62	12.73	4.99	12690	11.04	20.8	12.9	4.91	10628	25.87	40.87	12.71	4.97															2020-07-09 03:00:00
09.07.2020	03:06:00	RO_SE_001	3589	22996	132	0	13405	8.79	16.4	13.03	4.97	11707	15.56	28.44	12.75	4.97	12447	12.16	22.84	12.95	4.97	11626	16.35	29.62	12.72	4.99	12690	11.04	20.8	12.93	4.91	10628	25.87	40.87	12.72	4.97															2020-07-09 03:06:00
09.07.2020	03:12:00	RO_SE_001	3590	22997	132	0	13405	8.79	16.4	12.98	4.97	11706	15.57	28.45	12.75	4.97	12447	12.16	22.84	12.97	4.97	11626	16.35	29.62	12.71	4.99	12689	11.04	20.81	12.91	4.89	10628	25.87	40.87	12.7	4.99															2020-07-09 03:12:00
09.07.2020	03:18:00	RO_SE_001	3590	22998	132	0	13405	8.79	16.4	13.03	4.97	11707	15.56	28.44	12.78	4.97	12448	12.15	22.83	12.98	4.97	11626	16.35	29.62	12.73	4.99	12689	11.04	20.81	12.9	4.89	10628	25.87	40.87	12.72	4.97															2020-07-09 03:18:00
09.07.2020	03:24:00	RO_SE_001	3590	22999	132	0	13405	8.79	16.4	13.02	4.97	11707	15.56	28.44	12.75	4.97	12448	12.15	22.83	12.95	4.97	11626	16.35	29.62	12.73	4.99	12688	11.04	20.82	12.93	4.91	10628	25.87	40.87	12.7	4.97															2020-07-09 03:24:00
09.07.2020	03:30:00	RO_SE_001	3591	23000	132	0	13405	8.79	16.4	13.02	4.97	11707	15.56	28.44	12.76	4.97	12448	12.15	22.83	12.94	4.97	11626	16.35	29.62	12.7	4.99	12688	11.04	20.82	12.91	4.89	10628	25.87	40.87	12.7	4.97															2020-07-09 03:30:00
09.07.2020	03:36:00	RO_SE_001	3591	23001	132	0	13406	8.78	16.39	13.05	4.97	11707	15.56	28.44	12.73	4.97	12449	12.15	22.83	12.95	4.97	11626	16.35	29.62	12.71	4.99	12689	11.04	20.81	12.91	4.89	10628	25.87	40.87	12.69	4.99															2020-07-09 03:36:00
09.07.2020	03:42:00	RO_SE_001	3555	23002	0	0	13405	8.79	16.4	13.02	4.97	11707	15.56	28.44	12.73	4.97	12449	12.15	22.83	12.99	4.97	11626	16.35	29.62	12.71	4.99	12688	11.04	20.82	12.91	4.91	10628	25.87	40.87	12.73	4.97															2020-07-09 03:42:00
09.07.2020	03:48:00	RO_SE_001	3586	23003	108	0	13406	8.78	16.39	12.99	4.97	11708	15.56	28.44	12.76	4.97	12449	12.15	22.83	12.95	4.97	11627	16.34	29.61	12.76	4.99	12688	11.04	20.82	12.92	4.91	10628	25.87	40.87	12.7	4.99															2020-07-09 03:48:00
09.07.2020	03:54:00	RO_SE_001	3588	23004	108	0	13405	8.79	16.4	13.02	4.97	11708	15.56	28.44	12.75	4.97	12450	12.14	22.82	12.94	4.97	11627	16.34	29.61	12.7	4.99	12688	11.04	20.82	12.91	4.89	10628	25.87	40.87	12.7	4.97															2020-07-09 03:54:00
09.07.2020	04:00:00	RO_SE_001	3589	23005	108	0	13406	8.78	16.39	12.99	4.97	11707	15.56	28.44	12.76	4.97	12450	12.14	22.82	12.95	4.97	11627	16.34	29.61	12.73	4.99	12688	11.04	20.82	12.89	4.91	10628	25.87	40.87	12.71	4.97															2020-07-09 04:00:00
09.07.2020	04:06:00	RO_SE_001	3590	23006	108	0	13406	8.78	16.39	12.99	4.97	11707	15.56	28.44	12.77	4.97	12450	12.14	22.82	12.96	4.97	11627	16.34	29.61	12.7	4.99	12687	11.05	20.83	12.88	4.91	10628	25.87	40.87	12.69	4.99															2020-07-09 04:06:00
09.07.2020	04:12:00	RO_SE_001	3590	23007	108	0	13406	8.78	16.39	12.98	4.97	11708	15.56	28.44	12.78	4.97	12450	12.14	22.82	12.92	4.97	11627	16.34	29.61	12.68	4.99	12687	11.05	20.83	12.91	4.89	10627	25.88	40.89	12.72	4.97															2020-07-09 04:12:00
09.07.2020	04:18:00	RO_SE_001	3591	23008	132	0	13405	8.79	16.4	12.98	4.97	11708	15.56	28.44	12.72	4.97	12451	12.14	22.81	12.94	4.97	11627	16.34	29.61	12.72	4.99	12686	11.05	20.83	12.88	4.89	10628	25.87	40.87	12.71	4.97															2020-07-09 04:18:00
09.07.2020	04:24:00	RO_SE_001	3590	23009	132	0	13405	8.79	16.4	12.98	4.97	11708	15.56	28.44	12.77	4.97	12451	12.14	22.81	12.94	4.99	11627	16.34	29.61	12.7	4.99	12686	11.05	20.83	12.89	4.89	10628	25.87	40.87	12.7	4.97															2020-07-09 04:24:00
09.07.2020	04:30:00	RO_SE_001	3590	23010	132	0	13405	8.79	16.4	12.98	4.97	11707	15.56	28.44	12.77	4.97	12451	12.14	22.81	12.92	4.97	11627	16.34	29.61	12.7	4.99	12686	11.05	20.83	12.9	4.91	10628	25.87	40.87	12.69	4.99															2020-07-09 04:30:00
09.07.2020	04:36:00	RO_SE_001	3590	23011	132	0	13405	8.79	16.4	12.98	4.97	11708	15.56	28.44	12.75	4.97	12452	12.13	22.8	12.92	4.97	11627	16.34	29.61	12.68	4.99	12685	11.06	20.84	12.91	4.91	10628	25.87	40.87	12.7	4.97															2020-07-09 04:36:00
09.07.2020	04:42:00	RO_SE_001	3590	23012	120	0	13406	8.78	16.39	12.95	4.97	11708	15.56	28.44	12.74	4.97	12452	12.13	22.8	12.91	4.97	11627	16.34	29.61	12.7	4.99	12685	11.06	20.84	12.9	4.89	10628	25.87	40.87	12.69	4.99															2020-07-09 04:42:00
09.07.2020	04:48:00	RO_SE_001	3591	23013	132	0	13405	8.79	16.4	12.97	4.97	11707	15.56	28.44	12.77	4.97	12452	12.13	22.8	12.91	4.97	11628	16.34	29.6	12.73	4.99	12685	11.06	20.84	12.9	4.91	10629	25.85	40.86	12.76	4.97															2020-07-09 04:48:00
09.07.2020	04:54:00	RO_SE_001	3591	23014	132	0	13406	8.78	16.39	12.96	4.97	11708	15.56	28.44	12.73	4.97	12452	12.13	22.8	12.94	4.97	11628	16.34	29.6	12.69	4.99	12685	11.06	20.84	12.91	4.89	10629	25.85	40.86	12.7	4.97															2020-07-09 04:54:00
09.07.2020	05:00:00	RO_SE_001	3591	23015	132	0	13405	8.79	16.4	12.96	4.97	11707	15.56	28.44	12.76	4.97	12453	12.13	22.8	12.93	4.97	11628	16.34	29.6	12.73	4.99	12684	11.06	20.85	12.88	4.89	10628	25.87	40.87	12.68	4.97															2020-07-09 05:00:00
09.07.2020	05:06:00	RO_SE_001	3591	23016	132	0	13405	8.79	16.4	12.96	4.97	11708	15.56	28.44	12.77	4.97	12453	12.13	22.8	12.91	4.97	11628	16.34	29.6	12.7	4.99	12684	11.06	20.85	12.88	4.89	10629	25.85	40.86	12.68	4.99															2020-07-09 05:06:00
09.07.2020	05:12:00	RO_SE_001	3590	23017	132	0	13405	8.79	16.4	12.97	4.97	11707	15.56	28.44	12.77	4.97	12453	12.13	22.8	12.91	4.97	11628	16.34	29.6	12.69	4.99	12683	11.06	20.85	12.87	4.89	10628	25.87	40.87	12.66	4.99															2020-07-09 05:12:00
09.07.2020	05:18:00	RO_SE_001	3591	23018	132	0	13405	8.79	16.4	12.98	4.97	11707	15.56	28.44	12.78	4.97	12453	12.13	22.8	12.88	4.97	11629	16.33	29.59	12.69	4.99	12683	11.06	20.85	12.91	4.91	10628	25.87	40.87	12.72	4.99															2020-07-09 05:18:00
09.07.2020	05:24:00	RO_SE_001	3591	23019	132	0	13405	8.79	16.4	12.95	4.97	11707	15.56	28.44	12.74	4.97	12453	12.13	22.8	12.92	4.97	11629	16.33	29.59	12.69	4.99	12683	11.06	20.85	12.9	4.91	10629	25.85	40.86	12.66	4.99															2020-07-09 05:24:00
09.07.2020	05:30:00	RO_SE_001	3591	23020	132	0	13405	8.79	16.4	12.97	4.97	11707	15.56	28.44	12.75	4.97	12454	12.13	22.79	12.91	4.97	11629	16.33	29.59	12.7	5.02	12682	11.07	20.86	12.9	4.91	10629	25.85	40.86	12.7	4.97															2020-07-09 05:30:00
09.07.2020	05:36:00	RO_SE_001	3591	23021	138	0	13404	8.79	16.41	12.98	4.97	11707	15.56	28.44	12.75	4.97	12453	12.13	22.8	12.93	4.97	11629	16.33	29.59	12.69	4.99	12682	11.07	20.86	12.91	4.89	10628	25.87	40.87	12.69	4.97															2020-07-09 05:36:00
09.07.2020	05:42:00	RO_SE_001	3590	23022	138	0	13404	8.79	16.41	12.96	4.97	11707	15.56	28.44	12.75	4.97	12454	12.13	22.79	12.89	4.97	11629	16.33	29.59	12.7	4.99	12682	11.07	20.86	12.89	4.89	10628	25.87	40.87	12.67	4.99															2020-07-09 05:42:00
09.07.2020	05:48:00	RO_SE_001	3592	23023	138	0	13405	8.79	16.4	12.97	4.97	11708	15.56	28.44	12.74	4.97	12454	12.13	22.79	12.91	4.97	11629	16.33	29.59	12.7	4.99	12681	11.07	20.87	12.89	4.89	10628	25.87	40.87	12.66	4.99															2020-07-09 05:48:00
09.07.2020	05:54:00	RO_SE_001	3591	23024	138	0	13404	8.79	16.41	12.98	4.97	11707	15.56	28.44	12.72	4.97	12454	12.13	22.79	12.89	4.97	11629	16.33	29.59	12.73	4.99	12681	11.07	20.87	12.87	4.91	10628	25.87	40.87	12.66	4.99															2020-07-09 05:54:00
09.07.2020	06:00:00	RO_SE_001	3592	23025	138	0	13404	8.79	16.41	12.98	4.97	11707	15.56	28.44	12.73	4.97	12454	12.13	22.79	12.91	4.97	11629	16.33	29.59	12.72	4.99	12681	11.07	20.87	12.86	4.89	10628	25.87	40.87	12.7	4.99															2020-07-09 06:00:00
09.07.2020	06:06:00	RO_SE_001	3591	23026	138	0	13405	8.79	16.4	12.95	4.97	11707	15.56	28.44	12.74	4.97	12454	12.13	22.79	12.89	4.97	11629	16.33	29.59	12.69	4.99	12681	11.07	20.87	12.86	4.89	10628	25.87	40.87	12.69	4.99															2020-07-09 06:06:00
09.07.2020	06:12:00	RO_SE_001	3591	23027	138	0	13404	8.79	16.41	12.95	4.97	11707	15.56	28.44	12.72	4.97	12455	12.12	22.78	12.91	4.97	11629	16.33	29.59	12.66	4.99	12680	11.07	20.87	12.88	4.91	10628	25.87	40.87	12.73	4.97															2020-07-09 06:12:00
09.07.2020	06:18:00	RO_SE_001	3591	23028	135	0	13404	8.79	16.41	12.97	4.97	11707	15.56	28.44	12.73	4.97	12455	12.12	22.78	12.92	4.97	11630	16.32	29.58	12.73	4.99	12680	11.07	20.87	12.88	4.91	10628	25.87	40.87	12.72	4.97															2020-07-09 06:18:00
09.07.2020	06:24:00	RO_SE_001	3592	23029	135	0	13404	8.79	16.41	12.96	4.97	11707	15.56	28.44	12.73	4.97	12455	12.12	22.78	12.88	4.97	11630	16.32	29.58	12.7	4.99	12681	11.07	20.87	12.89	4.91	10628	25.87	40.87	12.68	4.97															2020-07-09 06:24:00
09.07.2020	06:30:00	RO_SE_001	3592	23030	135	0	13405	8.79	16.4	12.98	4.97	11707	15.56	28.44	12.74	4.97	12455	12.12	22.78	12.95	4.97	11630	16.32	29.58	12.7	4.99	12680	11.07	20.87	12.87	4.89	10628	25.87	40.87	12.68	4.99															2020-07-09 06:30:00
09.07.2020	06:36:00	RO_SE_001	3592	23031	141	0	13405	8.79	16.4	12.97	4.97	11707	15.56	28.44	12.71	4.97	12456	12.12	22.77	12.87	4.97	11630	16.32	29.58	12.72	4.99	12680	11.07	20.87	12.86	4.91	10628	25.87	40.87	12.66	4.97															2020-07-09 06:36:00
09.07.2020	06:42:00	RO_SE_001	3591	23032	141	0	13405	8.79	16.4	13.0	4.97	11707	15.56	28.44	12.7	4.97	12456	12.12	22.77	12.92	4.97	11630	16.32	29.58	12.69	4.99	12680	11.07	20.87	12.85	4.89	10629	25.85	40.86	12.69	4.97															2020-07-09 06:42:00
09.07.2020	06:48:00	RO_SE_001	3591	23033	132	0	13405	8.79	16.4	13.02	4.97	11707	15.56	28.44	12.77	4.97	12456	12.12	22.77	12.92	4.97	11630	16.32	29.58	12.68	4.99	12680	11.07	20.87	12.89	4.91	10629	25.85	40.86	12.7	4.99															2020-07-09 06:48:00
09.07.2020	06:54:00	RO_SE_001	3590	23034	132	0	13405	8.79	16.4	12.94	4.97	11707	15.56	28.44	12.72	4.97	12456	12.12	22.77	12.93	4.97	11630	16.32	29.58	12.67	4.99	12679	11.08	20.88	12.88	4.89	10629	25.85	40.86	12.69	4.99															2020-07-09 06:54:00
09.07.2020	07:00:00	RO_SE_001	3590	23035	132	0	13405	8.79	16.4	13.02	4.97	11707	15.56	28.44	12.73	4.97	12457	12.11	22.77	12.95	4.97	11630	16.32	29.58	12.68	4.99	12679	11.08	20.88	12.86	4.89	10629	25.85	40.86	12.66	4.97															2020-07-09 07:00:00
09.07.2020	07:06:00	RO_SE_001	3590	23036	141	0	13404	8.79	16.41	13.01	4.97	11707	15.56	28.44	12.73	4.97	12457	12.11	22.77	12.93	4.97	11630	16.32	29.58	12.7	4.99	12679	11.08	20.88	12.88	4.91	10629	25.85	40.86	12.64	4.99															2020-07-09 07:06:00
09.07.2020	07:12:00	RO_SE_001	3590	23037	141	0	13404	8.79	16.41	12.98	4.97	11707	15.56	28.44	12.73	4.97	12457	12.11	22.77	12.93	4.97	11630	16.32	29.58	12.7	4.99	12678	11.08	20.89	12.9	4.91	10629	25.85	40.86	12.69	4.99															2020-07-09 07:12:00
09.07.2020	07:18:00	RO_SE_001	3590	23038	132	0	13404	8.79	16.41	13.0	4.97	11707	15.56	28.44	12.69	4.97	12458	12.11	22.76	12.92	4.97	11631	16.32	29.57	12.7	5.02	12678	11.08	20.89	12.89	4.89	10629	25.85	40.86	12.68	4.99															2020-07-09 07:18:00
09.07.2020	07:24:00	RO_SE_001	3590	23039	132	0	13405	8.79	16.4	13.02	4.97	11707	15.56	28.44	12.73	4.97	12458	12.11	22.76	12.96	4.97	11631	16.32	29.57	12.72	4.99	12678	11.08	20.89	12.9	4.89	10629	25.85	40.86	12.66	4.97															2020-07-09 07:24:00
09.07.2020	07:30:00	RO_SE_001	3591	23040	132	0	13404	8.79	16.41	13.0	4.97	11707	15.56	28.44	12.73	4.94	12459	12.11	22.75	12.96	4.97	11631	16.32	29.57	12.67	4.99	12678	11.08	20.89	12.9	4.89	10629	25.85	40.86	12.66	4.97															2020-07-09 07:30:00
09.07.2020	07:36:00	RO_SE_001	3591	23041	132	0	13404	8.79	16.41	12.98	4.97	11707	15.56	28.44	12.73	4.97	12460	12.10	22.74	12.99	4.97	11631	16.32	29.57	12.68	4.99	12677	11.09	20.9	12.86	4.91	10629	25.85	40.86	12.67	4.99															2020-07-09 07:36:00
09.07.2020	07:42:00	RO_SE_001	3592	23042	132	0	13404	8.79	16.41	13.0	4.97	11707	15.56	28.44	12.73	4.97	12460	12.10	22.74	12.97	4.97	11631	16.32	29.57	12.66	4.99	12677	11.09	20.9	12.89	4.89	10629	25.85	40.86	12.65	4.97															2020-07-09 07:42:00
09.07.2020	07:48:00	RO_SE_001	3591	23043	132	0	13404	8.79	16.41	13.02	4.97	11708	15.56	28.44	12.7	4.97	12458	12.11	22.76	12.98	4.97	11631	16.32	29.57	12.67	5.02	12677	11.09	20.9	12.91	4.89	10629	25.85	40.86	12.68	4.97															2020-07-09 07:48:00
09.07.2020	07:54:00	RO_SE_001	3555	23044	0	0	13404	8.79	16.41	13.05	4.97	11707	15.56	28.44	12.71	4.97	12453	12.13	22.8	12.99	4.97	11631	16.32	29.57	12.7	5.02	12677	11.09	20.9	12.93	4.91	10629	25.85	40.86	12.63	4.97															2020-07-09 07:54:00
09.07.2020	08:00:00	RO_SE_001	3586	23045	135	0	13404	8.79	16.41	13.03	4.97	11707	15.56	28.44	12.7	4.97	12447	12.16	22.84	13.01	4.97	11631	16.32	29.57	12.69	4.99	12677	11.09	20.9	12.94	4.91	10629	25.85	40.86	12.66	4.97															2020-07-09 08:00:00
09.07.2020	08:06:00	RO_SE_001	3588	23046	135	0	13403	8.79	16.41	13.05	4.97	11707	15.56	28.44	12.72	4.97	12424	12.25	23.01	12.99	4.97	11631	16.32	29.57	12.72	4.99	12676	11.09	20.9	12.9	4.89	10629	25.85	40.86	12.67	4.97															2020-07-09 08:06:00
09.07.2020	08:12:00	RO_SE_001	3589	23047	135	0	13402	8.79	16.42	13.04	4.97	11707	15.56	28.44	12.73	4.97	12358	12.54	23.51	13.02	4.97	11631	16.32	29.57	12.69	4.99	12676	11.09	20.9	12.92	4.89	10628	25.87	40.87	12.66	4.99															2020-07-09 08:12:00
09.07.2020	08:18:00	RO_SE_001	3590	23048	135	0	13402	8.79	16.42	13.05	4.97	11707	15.56	28.44	12.7	4.97	12284	12.87	24.08	13.04	4.97	11631	16.32	29.57	12.67	4.99	12676	11.09	20.9	12.92	4.89	10628	25.87	40.87	12.64	4.99															2020-07-09 08:18:00
09.07.2020	08:24:00	RO_SE_001	3590	23049	138	0	13360	8.91	16.66	13.06	4.97	11707	15.56	28.44	12.73	4.97	12242	13.06	24.41	13.01	4.97	11632	16.31	29.56	12.65	5.02	12676	11.09	20.9	12.94	4.89	10629	25.85	40.86	12.66	4.99															2020-07-09 08:24:00
09.07.2020	08:30:00	RO_SE_001	3590	23050	138	0	13345	8.96	16.75	13.09	4.97	11707	15.56	28.44	12.7	4.97	12217	13.18	24.61	13.02	4.97	11632	16.31	29.56	12.68	4.99	12676	11.09	20.9	12.94	4.89	10629	25.85	40.86	12.66	4.97															2020-07-09 08:30:00
09.07.2020	08:36:00	RO_SE_001	3590	23051	138	0	13336	8.98	16.8	13.09	4.97	11707	15.56	28.44	12.7	4.97	12201	13.25	24.74	13.05	4.97	11632	16.31	29.56	12.7	4.99	12675	11.09	20.91	12.93	4.91	10629	25.85	40.86	12.67	4.99															2020-07-09 08:36:00
09.07.2020	08:42:00	RO_SE_001	3590	23052	138	0	13330	9.00	16.84	13.1	4.97	11707	15.56	28.44	12.72	4.97	12190	13.31	24.83	13.04	4.97	11632	16.31	29.56	12.71	4.99	12675	11.09	20.91	12.93	4.89	10629	25.85	40.86	12.67	4.97															2020-07-09 08:42:00
09.07.2020	08:48:00	RO_SE_001	3590	23053	138	0	13324	9.02	16.87	13.11	4.97	11707	15.56	28.44	12.71	4.97	12180	13.35	24.91	13.05	4.97	11632	16.31	29.56	12.7	4.99	12674	11.10	20.92	12.91	4.91	10629	25.85	40.86	12.67	4.99															2020-07-09 08:48:00
09.07.2020	08:54:00	RO_SE_001	3590	23054	138	0	13321	9.03	16.89	13.09	4.97	11707	15.56	28.44	12.71	4.97	12170	13.40	24.99	13.09	4.97	11632	16.31	29.56	12.65	4.99	12674	11.10	20.92	12.93	4.91	10629	25.85	40.86	12.66	4.99															2020-07-09 08:54:00
09.07.2020	09:00:00	RO_SE_001	3554	23055	0	0	13314	9.05	16.93	13.13	4.97	11708	15.56	28.44	12.7	4.97	12160	13.45	25.07	13.08	4.97	11632	16.31	29.56	12.68	4.99	12673	11.10	20.92	12.95	4.89	10629	25.85	40.86	12.67	4.97															2020-07-09 09:00:00
09.07.2020	09:06:00	RO_SE_001	3585	23056	138	0	13310	9.06	16.96	13.13	4.97	11707	15.56	28.44	12.71	4.97	12153	13.48	25.13	13.08	4.97	11632	16.31	29.56	12.67	4.99	12674	11.10	20.92	12.95	4.91	10629	25.85	40.86	12.63	4.99															2020-07-09 09:06:00
09.07.2020	09:12:00	RO_SE_001	3588	23057	147	0	13306	9.07	16.98	13.11	4.97	11708	15.56	28.44	12.7	4.97	12147	13.51	25.17	13.07	4.97	11632	16.31	29.56	12.66	4.99	12673	11.10	20.92	12.97	4.89	10629	25.85	40.86	12.63	4.99															2020-07-09 09:12:00
09.07.2020	09:18:00	RO_SE_001	3588	23058	147	0	13301	9.08	17.01	13.18	4.97	11707	15.56	28.44	12.7	4.97	12142	13.54	25.22	13.09	4.97	11632	16.31	29.56	12.69	5.02	12673	11.10	20.92	12.99	4.91	10629	25.85	40.86	12.66	4.99															2020-07-09 09:18:00
09.07.2020	09:24:00	RO_SE_001	3590	23059	147	0	13300	9.09	17.01	13.18	4.97	11708	15.56	28.44	12.71	4.97	12138	13.56	25.25	13.1	4.97	11632	16.31	29.56	12.69	4.99	12672	11.10	20.93	13.03	4.89	10629	25.85	40.86	12.65	4.99															2020-07-09 09:24:00
09.07.2020	09:30:00	RO_SE_001	3590	23060	147	0	13296	9.10	17.04	13.2	4.97	11707	15.56	28.44	12.73	4.97	12134	13.58	25.28	13.11	4.97	11633	16.30	29.55	12.65	4.99	12671	11.11	20.94	13.02	4.91	10629	25.85	40.86	12.66	4.99															2020-07-09 09:30:00
09.07.2020	09:36:00	RO_SE_001	3591	23061	147	0	13293	9.11	17.06	13.16	4.97	11707	15.56	28.44	12.69	4.97	12131	13.59	25.3	13.13	4.97	11633	16.30	29.55	12.65	4.99	12671	11.11	20.94	13.01	4.91	10629	25.85	40.86	12.68	4.99															2020-07-09 09:36:00
09.07.2020	09:42:00	RO_SE_001	3592	23062	147	0	13290	9.12	17.07	13.2	4.97	11707	15.56	28.44	12.7	4.97	12129	13.60	25.32	13.14	4.97	11633	16.30	29.55	12.68	5.02	12670	11.11	20.95	13.03	4.89	10629	25.85	40.86	12.66	4.97															2020-07-09 09:42:00
09.07.2020	09:48:00	RO_SE_001	3555	23063	0	0	13285	9.13	17.1	13.22	4.97	11708	15.56	28.44	12.74	4.97	12125	13.62	25.35	13.16	4.97	11633	16.30	29.55	12.66	4.99	12669	11.12	20.95	13.07	4.89	10629	25.85	40.86	12.63	4.99															2020-07-09 09:48:00
09.07.2020	09:54:00	RO_SE_001	3586	23064	132	0	13282	9.14	17.12	13.2	4.97	11707	15.56	28.44	12.7	4.97	12123	13.63	25.37	13.17	4.97	11633	16.30	29.55	12.66	4.99	12669	11.12	20.95	13.02	4.89	10629	25.85	40.86	12.64	4.99															2020-07-09 09:54:00
09.07.2020	10:00:00	RO_SE_001	3589	23065	132	0	13279	9.15	17.14	13.25	4.97	11708	15.56	28.44	12.72	4.97	12122	13.63	25.38	13.19	4.97	11633	16.30	29.55	12.7	4.99	12668	11.12	20.96	13.05	4.91	10629	25.85	40.86	12.68	4.99															2020-07-09 10:00:00
09.07.2020	10:06:00	RO_SE_001	3590	23066	132	0	13277	9.15	17.15	13.26	4.97	11707	15.56	28.44	12.68	4.97	12121	13.64	25.39	13.22	4.97	11633	16.30	29.55	12.67	4.99	12667	11.12	20.97	13.07	4.89	10629	25.85	40.86	12.61	4.97															2020-07-09 10:06:00
09.07.2020	10:12:00	RO_SE_001	3591	23067	132	0	13274	9.16	17.17	13.3	4.97	11707	15.56	28.44	12.7	4.97	12119	13.65	25.4	13.18	4.97	11633	16.30	29.55	12.66	4.99	12666	11.13	20.97	13.07	4.89	10629	25.85	40.86	12.66	4.97															2020-07-09 10:12:00
09.07.2020	10:18:00	RO_SE_001	3590	23068	132	0	13271	9.17	17.19	13.27	4.97	11707	15.56	28.44	12.67	4.97	12118	13.65	25.41	13.22	4.97	11633	16.30	29.55	12.66	4.99	12666	11.13	20.97	13.09	4.89	10629	25.85	40.86	12.66	4.99															2020-07-09 10:18:00
09.07.2020	10:24:00	RO_SE_001	3591	23069	132	0	13270	9.17	17.19	13.31	4.97	11707	15.56	28.44	12.7	4.97	12117	13.66	25.42	13.24	4.97	11633	16.30	29.55	12.66	4.99	12666	11.13	20.97	13.08	4.89	10629	25.85	40.86	12.66	4.99															2020-07-09 10:24:00
09.07.2020	10:30:00	RO_SE_001	3555	23070	0	0	13268	9.18	17.2	13.34	4.97	11707	15.56	28.44	12.7	4.97	12116	13.66	25.43	13.29	4.97	11634	16.30	29.54	12.64	5.02	12664	11.13	20.99	13.09	4.89	10629	25.85	40.86	12.68	4.97															2020-07-09 10:30:00
09.07.2020	10:36:00	RO_SE_001	3585	23071	135	0	13267	9.18	17.21	13.32	4.97	11707	15.56	28.44	12.74	4.97	12116	13.66	25.43	13.27	4.97	11633	16.30	29.55	12.65	4.99	12664	11.13	20.99	13.11	4.89	10629	25.85	40.86	12.63	4.99															2020-07-09 10:36:00
09.07.2020	10:42:00	RO_SE_001	3588	23072	132	0	13266	9.19	17.22	13.34	4.97	11707	15.56	28.44	12.72	4.97	12115	13.67	25.44	13.27	4.97	11634	16.30	29.54	12.69	4.99	12663	11.14	20.99	13.15	4.89	10629	25.85	40.86	12.67	4.99															2020-07-09 10:42:00
09.07.2020	10:48:00	RO_SE_001	3589	23073	132	0	13265	9.19	17.22	13.36	4.97	11707	15.56	28.44	12.72	4.97	12114	13.67	25.44	13.27	4.97	11633	16.30	29.55	12.66	4.99	12662	11.14	21.0	13.13	4.89	10629	25.85	40.86	12.66	4.99															2020-07-09 10:48:00
09.07.2020	10:54:00	RO_SE_001	3591	23074	132	0	13267	9.18	17.21	13.38	4.97	11708	15.56	28.44	12.7	4.97	12114	13.67	25.44	13.3	4.97	11634	16.30	29.54	12.63	5.02	12661	11.15	21.01	13.13	4.89	10629	25.85	40.86	12.68	4.99															2020-07-09 10:54:00
09.07.2020	11:00:00	RO_SE_001	3592	23075	123	0	13269	9.18	17.2	13.36	4.97	11707	15.56	28.44	12.71	4.97	12113	13.68	25.45	13.31	4.97	11633	16.30	29.55	12.66	4.99	12660	11.15	21.02	13.16	4.89	10629	25.85	40.86	12.66	4.97															2020-07-09 11:00:00
09.07.2020	11:06:00	RO_SE_001	3592	23076	123	0	13271	9.17	17.19	13.38	4.97	11707	15.56	28.44	12.71	4.97	12113	13.68	25.45	13.35	4.97	11633	16.30	29.55	12.69	4.99	12659	11.15	21.02	13.14	4.89	10630	25.84	40.85	12.63	4.97															2020-07-09 11:06:00
09.07.2020	11:12:00	RO_SE_001	3592	23077	123	0	13273	9.17	17.17	13.42	4.97	11707	15.56	28.44	12.7	4.97	12112	13.68	25.46	13.34	4.97	11633	16.30	29.55	12.67	4.99	12658	11.16	21.03	13.17	4.89	10630	25.84	40.85	12.63	4.99															2020-07-09 11:12:00
09.07.2020	11:18:00	RO_SE_001	3592	23078	123	0	13276	9.16	17.16	13.42	4.97	11707	15.56	28.44	12.72	4.97	12112	13.68	25.46	13.38	4.99	11633	16.30	29.55	12.65	4.99	12657	11.16	21.04	13.22	4.91	10630	25.84	40.85	12.66	4.97															2020-07-09 11:18:00
09.07.2020	11:24:00	RO_SE_001	3592	23079	123	0	13279	9.15	17.14	13.41	4.97	11707	15.56	28.44	12.71	4.97	12112	13.68	25.46	13.37	4.97	11634	16.30	29.54	12.63	4.99	12656	11.16	21.04	13.2	4.89	10630	25.84	40.85	12.65	4.99															2020-07-09 11:24:00
09.07.2020	11:30:00	RO_SE_001	3592	23080	132	0	13281	9.14	17.13	13.43	4.97	11708	15.56	28.44	12.72	4.97	12111	13.69	25.47	13.4	4.97	11634	16.30	29.54	12.68	4.99	12655	11.17	21.05	13.21	4.89	10630	25.84	40.85	12.66	4.99															2020-07-09 11:30:00
09.07.2020	11:36:00	RO_SE_001	3593	23081	108	0	13283	9.14	17.12	13.46	4.97	11707	15.56	28.44	12.73	4.97	12111	13.69	25.47	13.39	4.97	11633	16.30	29.55	12.65	4.99	12654	11.17	21.06	13.2	4.91	10630	25.84	40.85	12.65	4.99															2020-07-09 11:36:00
09.07.2020	11:42:00	RO_SE_001	3593	23082	108	0	13286	9.13	17.1	13.45	4.97	11708	15.56	28.44	12.7	4.97	12111	13.69	25.47	13.41	4.97	11634	16.30	29.54	12.68	4.99	12653	11.18	21.07	13.21	4.89	10630	25.84	40.85	12.63	4.99															2020-07-09 11:42:00
09.07.2020	11:48:00	RO_SE_001	3593	23083	141	0	13288	9.12	17.09	13.47	4.97	11707	15.56	28.44	12.69	4.97	12111	13.69	25.47	13.38	4.99	11634	16.30	29.54	12.66	4.99	12652	11.18	21.07	13.23	4.91	10630	25.84	40.85	12.63	4.99															2020-07-09 11:48:00
09.07.2020	11:54:00	RO_SE_001	3593	23084	132	0	13290	9.12	17.07	13.49	4.97	11707	15.56	28.44	12.72	4.97	12111	13.69	25.47	13.42	4.97	11634	16.30	29.54	12.65	4.99	12651	11.18	21.08	13.23	4.89	10630	25.84	40.85	12.66	4.99															2020-07-09 11:54:00
09.07.2020	12:00:00	RO_SE_001	3593	23085	132	0	13293	9.11	17.06	13.49	4.97	11708	15.56	28.44	12.67	4.97	12110	13.69	25.48	13.45	4.97	11634	16.30	29.54	12.66	4.99	12650	11.19	21.09	13.23	4.89	10630	25.84	40.85	12.66	4.97															2020-07-09 12:00:00
09.07.2020	12:06:00	RO_SE_001	3593	23086	132	0	13296	9.10	17.04	13.5	4.97	11707	15.56	28.44	12.71	4.97	12110	13.69	25.48	13.44	4.97	11634	16.30	29.54	12.64	4.99	12649	11.19	21.09	13.27	4.89	10630	25.84	40.85	12.69	4.99															2020-07-09 12:06:00
09.07.2020	12:12:00	RO_SE_001	3593	23087	132	0	13298	9.09	17.03	13.51	4.97	11707	15.56	28.44	12.7	4.97	12111	13.69	25.47	13.45	4.97	11634	16.30	29.54	12.62	4.99	12648	11.20	21.1	13.27	4.89	10630	25.84	40.85	12.64	4.97															2020-07-09 12:12:00
09.07.2020	12:18:00	RO_SE_001	3593	23088	132	0	13300	9.09	17.01	13.54	4.97	11708	15.56	28.44	12.69	4.97	12110	13.69	25.48	13.54	4.97	11634	16.30	29.54	12.69	4.99	12646	11.20	21.11	13.27	4.89	10630	25.84	40.85	12.65	4.97															2020-07-09 12:18:00
09.07.2020	12:24:00	RO_SE_001	3593	23089	132	0	13300	9.09	17.01	13.55	4.97	11708	15.56	28.44	12.69	4.97	12111	13.69	25.47	13.55	4.97	11634	16.30	29.54	12.67	5.02	12645	11.21	21.12	13.3	4.89	10630	25.84	40.85	12.63	4.97															2020-07-09 12:24:00
09.07.2020	12:30:00	RO_SE_001	3594	23090	132	0	13302	9.08	17.0	13.59	4.97	11708	15.56	28.44	12.71	4.97	12111	13.69	25.47	13.55	4.97	11634	16.30	29.54	12.63	4.99	12645	11.21	21.12	13.3	4.91	10630	25.84	40.85	12.65	4.97															2020-07-09 12:30:00
09.07.2020	12:36:00	RO_SE_001	3593	23091	132	0	13304	9.07	16.99	13.62	4.97	11709	15.55	28.43	12.72	4.97	12111	13.69	25.47	13.6	4.97	11635	16.29	29.53	12.65	4.99	12644	11.21	21.13	13.32	4.89	10630	25.84	40.85	12.66	4.99															2020-07-09 12:36:00
09.07.2020	12:42:00	RO_SE_001	3593	23092	132	0	13306	9.07	16.98	13.66	4.97	11709	15.55	28.43	12.71	4.97	12111	13.69	25.47	13.63	4.97	11635	16.29	29.53	12.66	4.99	12643	11.21	21.14	13.35	4.91	10630	25.84	40.85	12.62	4.99															2020-07-09 12:42:00
09.07.2020	12:48:00	RO_SE_001	3593	23093	132	0	13307	9.07	16.97	13.7	4.97	11710	15.55	28.42	12.7	4.97	12112	13.68	25.46	13.63	4.99	11635	16.29	29.53	12.62	4.99	12642	11.22	21.14	13.33	4.91	10630	25.84	40.85	12.63	4.99															2020-07-09 12:48:00
09.07.2020	12:54:00	RO_SE_001	3593	23094	102	0	13309	9.06	16.96	13.73	4.97	11710	15.55	28.42	12.71	4.97	12113	13.68	25.45	13.68	4.97	11635	16.29	29.53	12.66	4.99	12640	11.23	21.16	13.38	4.91	10630	25.84	40.85	12.66	4.97															2020-07-09 12:54:00
09.07.2020	13:00:00	RO_SE_001	3593	23095	102	0	13312	9.05	16.94	13.75	4.97	11711	15.54	28.41	12.7	4.97	12113	13.68	25.45	13.75	4.97	11635	16.29	29.53	12.69	4.99	12639	11.23	21.16	13.39	4.89	10630	25.84	40.85	12.65	4.97															2020-07-09 13:00:00
09.07.2020	13:06:00	RO_SE_001	3593	23096	102	0	13313	9.05	16.94	13.84	4.97	11711	15.54	28.41	12.7	4.97	12114	13.67	25.44	13.74	4.99	11635	16.29	29.53	12.66	5.02	12639	11.23	21.16	13.43	4.91	10630	25.84	40.85	12.65	4.99															2020-07-09 13:06:00
09.07.2020	13:12:00	RO_SE_001	3593	23097	129	0	13314	9.05	16.93	13.88	4.97	11711	15.54	28.41	12.7	4.97	12115	13.67	25.44	13.77	4.97	11636	16.28	29.52	12.65	4.99	12638	11.23	21.17	13.44	4.89	10630	25.84	40.85	12.68	4.97															2020-07-09 13:12:00
09.07.2020	13:18:00	RO_SE_001	3593	23098	129	0	13321	9.03	16.89	13.9	4.97	11712	15.53	28.4	12.71	4.97	12115	13.67	25.44	13.8	4.99	11636	16.28	29.52	12.66	5.02	12638	11.23	21.17	13.48	4.89	10630	25.84	40.85	12.66	4.99															2020-07-09 13:18:00
09.07.2020	13:24:00	RO_SE_001	3593	23099	129	0	13321	9.03	16.89	13.96	4.97	11713	15.53	28.39	12.73	4.97	12116	13.66	25.43	13.86	4.97	11636	16.28	29.52	12.67	4.99	12637	11.24	21.18	13.51	4.91	10630	25.84	40.85	12.69	4.97															2020-07-09 13:24:00
09.07.2020	13:30:00	RO_SE_001	3593	23100	129	0	13321	9.03	16.89	14.01	4.97	11713	15.53	28.39	12.73	4.97	12116	13.66	25.43	13.87	4.97	11636	16.28	29.52	12.65	4.99	12636	11.24	21.19	13.53	4.89	10630	25.84	40.85	12.66	4.97															2020-07-09 13:30:00
09.07.2020	13:36:00	RO_SE_001	3594	23101	129	0	13321	9.03	16.89	14.03	4.97	11714	15.52	28.38	12.7	4.97	12117	13.66	25.42	13.9	4.97	11636	16.28	29.52	12.66	4.99	12635	11.25	21.19	13.56	4.89	10630	25.84	40.85	12.67	4.99															2020-07-09 13:36:00
09.07.2020	13:42:00	RO_SE_001	3594	23102	123	0	13321	9.03	16.89	14.03	4.97	11713	15.53	28.39	12.72	4.97	12119	13.65	25.4	13.95	4.97	11636	16.28	29.52	12.67	5.02	12634	11.25	21.2	13.58	4.91	10630	25.84	40.85	12.68	4.99															2020-07-09 13:42:00
09.07.2020	13:48:00	RO_SE_001	3594	23103	126	0	13323	9.02	16.88	14.1	4.97	11714	15.52	28.38	12.67	4.97	12119	13.65	25.4	13.98	4.97	11637	16.28	29.51	12.68	4.99	12634	11.25	21.2	13.56	4.89	10630	25.84	40.85	12.66	4.99															2020-07-09 13:48:00
09.07.2020	13:54:00	RO_SE_001	3594	23104	126	0	13326	9.01	16.86	14.15	4.97	11715	15.52	28.37	12.73	4.97	12120	13.64	25.39	14.02	4.97	11637	16.28	29.51	12.64	4.99	12633	11.25	21.21	13.62	4.89	10630	25.84	40.85	12.66	4.99															2020-07-09 13:54:00
09.07.2020	14:00:00	RO_SE_001	3595	23105	126	0	13326	9.01	16.86	14.14	4.97	11715	15.52	28.37	12.73	4.97	12122	13.63	25.38	14.05	4.97	11637	16.28	29.51	12.66	4.99	12632	11.26	21.21	13.63	4.91	10630	25.84	40.85	12.66	4.99															2020-07-09 14:00:00
09.07.2020	14:06:00	RO_SE_001	3595	23106	132	0	13327	9.01	16.85	14.15	4.97	11715	15.52	28.37	12.7	4.97	12123	13.63	25.37	14.05	4.99	11637	16.28	29.51	12.67	4.99	12631	11.26	21.22	13.65	4.91	10630	25.84	40.85	12.65	4.99															2020-07-09 14:06:00
09.07.2020	14:12:00	RO_SE_001	3595	23107	123	0	13329	9.00	16.84	14.23	4.97	11715	15.52	28.37	12.73	4.97	12123	13.63	25.37	14.06	4.97	11638	16.27	29.5	12.7	4.99	12630	11.26	21.23	13.67	4.91	10630	25.84	40.85	12.7	4.99															2020-07-09 14:12:00
09.07.2020	14:18:00	RO_SE_001	3595	23108	123	0	13330	9.00	16.84	14.21	4.97	11716	15.51	28.36	12.7	4.97	12124	13.62	25.36	14.13	4.97	11638	16.27	29.5	12.7	4.99	12631	11.26	21.22	13.7	4.91	10630	25.84	40.85	12.63	4.97															2020-07-09 14:18:00
09.07.2020	14:24:00	RO_SE_001	3595	23109	99	0	13332	8.99	16.83	14.25	4.97	11717	15.50	28.35	12.73	4.97	12125	13.62	25.35	14.1	4.97	11638	16.27	29.5	12.67	4.99	12630	11.26	21.23	13.7	4.89	10630	25.84	40.85	12.65	4.99															2020-07-09 14:24:00
09.07.2020	14:30:00	RO_SE_001	3595	23110	99	0	13334	8.99	16.81	14.29	4.97	11717	15.50	28.35	12.71	4.97	12126	13.61	25.35	14.16	4.97	11638	16.27	29.5	12.66	4.99	12629	11.27	21.24	13.73	4.89	10630	25.84	40.85	12.66	4.97															2020-07-09 14:30:00
09.07.2020	14:36:00	RO_SE_001	3595	23111	102	0	13336	8.98	16.8	14.32	4.97	11716	15.51	28.36	12.72	4.97	12128	13.61	25.33	14.16	4.97	11638	16.27	29.5	12.69	4.99	12629	11.27	21.24	13.74	4.89	10630	25.84	40.85	12.66	4.99															2020-07-09 14:36:00
09.07.2020	14:42:00	RO_SE_001	3594	23112	102	0	13337	8.98	16.8	14.28	4.97	11718	15.50	28.34	12.73	4.97	12129	13.60	25.32	14.17	4.97	11639	16.27	29.49	12.66	4.99	12628	11.27	21.24	13.8	4.91	10630	25.84	40.85	12.72	4.97															2020-07-09 14:42:00
09.07.2020	14:48:00	RO_SE_001	3594	23113	99	0	13338	8.98	16.79	14.31	4.97	11719	15.49	28.34	12.72	4.97	12130	13.60	25.31	14.19	4.97	11639	16.27	29.49	12.67	4.99	12627	11.28	21.25	13.78	4.89	10630	25.84	40.85	12.66	4.97															2020-07-09 14:48:00
09.07.2020	14:54:00	RO_SE_001	3595	23114	99	0	13340	8.97	16.78	14.32	4.97	11719	15.49	28.34	12.73	4.97	12131	13.59	25.3	14.23	4.97	11639	16.27	29.49	12.67	4.99	12627	11.28	21.25	13.83	4.89	10630	25.84	40.85	12.69	4.99															2020-07-09 14:54:00
09.07.2020	15:00:00	RO_SE_001	3595	23115	99	0	13340	8.97	16.78	14.34	4.97	11717	15.50	28.35	12.72	4.97	12132	13.59	25.3	14.27	4.97	11639	16.27	29.49	12.68	4.99	12626	11.28	21.26	13.84	4.89	10630	25.84	40.85	12.68	4.97															2020-07-09 15:00:00
09.07.2020	15:06:00	RO_SE_001	3596	23116	120	0	13342	8.96	16.77	14.35	4.97	11720	15.49	28.33	12.72	4.97	12134	13.58	25.28	14.24	4.99	11640	16.26	29.49	12.71	4.99	12626	11.28	21.26	13.87	4.91	10630	25.84	40.85	12.69	4.97															2020-07-09 15:06:00
09.07.2020	15:12:00	RO_SE_001	3595	23117	123	0	13343	8.96	16.76	14.38	4.97	11720	15.49	28.33	12.73	4.97	12135	13.57	25.27	14.28	4.97	11640	16.26	29.49	12.69	5.02	12625	11.28	21.26	13.88	4.89	10630	25.84	40.85	12.7	4.99															2020-07-09 15:12:00
09.07.2020	15:18:00	RO_SE_001	3595	23118	123	0	13345	8.96	16.75	14.4	4.97	11721	15.48	28.32	12.71	4.97	12137	13.56	25.26	14.3	4.97	11640	16.26	29.49	12.66	4.99	12624	11.29	21.27	13.9	4.89	10630	25.84	40.85	12.73	4.99															2020-07-09 15:18:00
09.07.2020	15:24:00	RO_SE_001	3595	23119	135	0	13346	8.95	16.74	14.41	4.97	11721	15.48	28.32	12.73	4.97	12137	13.56	25.26	14.3	4.97	11640	16.26	29.49	12.69	4.99	12624	11.29	21.27	13.91	4.91	10630	25.84	40.85	12.7	4.99															2020-07-09 15:24:00
09.07.2020	15:30:00	RO_SE_001	3596	23120	135	0	13348	8.95	16.73	14.42	4.97	11721	15.48	28.32	12.76	4.97	12139	13.55	25.24	14.36	4.97	11640	16.26	29.49	12.7	5.02	12623	11.29	21.28	13.92	4.89	10630	25.84	40.85	12.71	4.97															2020-07-09 15:30:00
09.07.2020	15:36:00	RO_SE_001	3595	23121	102	0	13349	8.94	16.73	14.47	4.97	11722	15.47	28.31	12.75	4.97	12140	13.55	25.23	14.32	4.97	11640	16.26	29.49	12.72	4.99	12623	11.29	21.28	13.94	4.89	10630	25.84	40.85	12.68	4.99															2020-07-09 15:36:00
09.07.2020	15:42:00	RO_SE_001	3596	23122	102	0	13350	8.94	16.72	14.48	4.97	11723	15.47	28.3	12.72	4.97	12142	13.54	25.22	14.38	4.97	11640	16.26	29.49	12.7	4.99	12623	11.29	21.28	13.95	4.89	10631	25.82	40.83	12.72	4.99															2020-07-09 15:42:00
09.07.2020	15:48:00	RO_SE_001	3595	23123	102	0	13352	8.94	16.71	14.5	4.97	11723	15.47	28.3	12.72	4.97	12143	13.53	25.21	14.4	4.97	11641	16.25	29.48	12.69	4.99	12623	11.29	21.28	13.98	4.89	10631	25.82	40.83	12.7	4.97															2020-07-09 15:48:00
09.07.2020	15:54:00	RO_SE_001	3596	23124	102	0	13353	8.93	16.7	14.51	4.97	11724	15.46	28.29	12.76	4.97	12144	13.53	25.2	14.4	4.97	11641	16.25	29.48	12.67	4.99	12622	11.30	21.29	13.97	4.91	10631	25.82	40.83	12.73	4.99															2020-07-09 15:54:00
09.07.2020	16:00:00	RO_SE_001	3596	23125	132	0	13355	8.93	16.69	14.51	4.97	11724	15.46	28.29	12.76	4.97	12146	13.52	25.18	14.41	4.97	11641	16.25	29.48	12.7	4.99	12622	11.30	21.29	14.01	4.89	10631	25.82	40.83	12.68	4.99															2020-07-09 16:00:00
09.07.2020	16:06:00	RO_SE_001	3595	23126	132	0	13355	8.93	16.69	14.58	4.97	11724	15.46	28.29	12.73	4.97	12148	13.51	25.17	14.43	4.97	11642	16.25	29.47	12.7	4.99	12621	11.30	21.29	14.02	4.89	10631	25.82	40.83	12.74	4.97															2020-07-09 16:06:00
09.07.2020	16:12:00	RO_SE_001	3597	23127	108	0	13356	8.92	16.68	14.56	4.97	11723	15.47	28.3	12.75	4.97	12149	13.50	25.16	14.48	4.97	11642	16.25	29.47	12.7	4.99	12621	11.30	21.29	14.03	4.89	10631	25.82	40.83	12.75	4.97															2020-07-09 16:12:00
09.07.2020	16:18:00	RO_SE_001	3597	23128	108	0	13358	8.92	16.67	14.59	4.97	11727	15.44	28.26	12.79	4.97	12151	13.49	25.14	14.46	4.97	11642	16.25	29.47	12.74	4.99	12621	11.30	21.29	14.04	4.89	10631	25.82	40.83	12.71	4.97															2020-07-09 16:18:00
09.07.2020	16:24:00	RO_SE_001	3596	23129	108	0	13360	8.91	16.66	14.59	4.97	11727	15.44	28.26	12.77	4.97	12152	13.49	25.13	14.52	4.97	11642	16.25	29.47	12.7	4.99	12620	11.30	21.3	14.08	4.89	10631	25.82	40.83	12.73	4.99															2020-07-09 16:24:00
09.07.2020	16:30:00	RO_SE_001	3596	23130	123	0	13362	8.91	16.65	14.64	4.97	11727	15.44	28.26	12.74	4.97	12153	13.48	25.13	14.48	4.97	11643	16.24	29.46	12.7	4.99	12620	11.30	21.3	14.06	4.89	10631	25.82	40.83	12.71	4.99															2020-07-09 16:30:00
09.07.2020	16:36:00	RO_SE_001	3596	23131	123	0	13362	8.91	16.65	14.64	4.97	11727	15.44	28.26	12.75	4.97	12155	13.47	25.11	14.53	4.97	11643	16.24	29.46	12.7	4.99	12620	11.30	21.3	14.09	4.91	10631	25.82	40.83	12.73	4.99															2020-07-09 16:36:00
09.07.2020	16:42:00	RO_SE_001	3596	23132	123	0	13363	8.90	16.64	14.65	4.97	11728	15.44	28.25	12.79	4.97	12157	13.46	25.09	14.52	4.97	11643	16.24	29.46	12.73	4.99	12619	11.31	21.31	14.11	4.89	10631	25.82	40.83	12.71	4.99															2020-07-09 16:42:00
09.07.2020	16:48:00	RO_SE_001	3597	23133	132	0	13364	8.90	16.64	14.67	4.97	11728	15.44	28.25	12.77	4.97	12157	13.46	25.09	14.55	4.97	11644	16.23	29.45	12.74	4.99	12619	11.31	21.31	14.12	4.91	10631	25.82	40.83	12.77	4.99															2020-07-09 16:48:00
09.07.2020	16:54:00	RO_SE_001	3597	23134	132	0	13365	8.90	16.63	14.71	4.97	11728	15.44	28.25	12.79	4.97	12159	13.45	25.08	14.6	4.97	11644	16.23	29.45	12.71	4.99	12619	11.31	21.31	14.15	4.89	10631	25.82	40.83	12.74	4.99															2020-07-09 16:54:00
09.07.2020	17:00:00	RO_SE_001	3596	23135	132	0	13366	8.90	16.63	14.71	4.97	11729	15.43	28.24	12.79	4.97	12160	13.45	25.07	14.55	4.97	11644	16.23	29.45	12.75	4.99	12618	11.31	21.31	14.16	4.91	10631	25.82	40.83	12.74	4.99															2020-07-09 17:00:00
09.07.2020	17:06:00	RO_SE_001	3596	23136	132	0	13367	8.89	16.62	14.72	4.97	11728	15.44	28.25	12.77	4.97	12162	13.44	25.05	14.58	4.99	11644	16.23	29.45	12.73	4.99	12618	11.31	21.31	14.21	4.91	10631	25.82	40.83	12.76	4.99															2020-07-09 17:06:00
09.07.2020	17:12:00	RO_SE_001	3597	23137	132	0	13368	8.89	16.61	14.75	4.97	11729	15.43	28.24	12.77	4.97	12163	13.43	25.05	14.59	4.99	11645	16.23	29.44	12.73	4.99	12618	11.31	21.31	14.21	4.89	10631	25.82	40.83	12.76	4.99															2020-07-09 17:12:00
09.07.2020	17:18:00	RO_SE_001	3596	23138	132	0	13370	8.88	16.6	14.72	4.97	11729	15.43	28.24	12.77	4.97	12165	13.43	25.03	14.59	4.99	11645	16.23	29.44	12.76	5.02	12617	11.32	21.32	14.19	4.91	10631	25.82	40.83	12.76	4.99															2020-07-09 17:18:00
09.07.2020	17:24:00	RO_SE_001	3596	23139	117	0	13371	8.88	16.6	14.77	4.97	11729	15.43	28.24	12.8	4.97	12165	13.43	25.03	14.64	4.97	11645	16.23	29.44	12.73	4.99	12617	11.32	21.32	14.2	4.89	10631	25.82	40.83	12.77	4.99															2020-07-09 17:24:00
09.07.2020	17:30:00	RO_SE_001	3597	23140	117	0	13371	8.88	16.6	14.77	4.97	11729	15.43	28.24	12.83	4.97	12167	13.42	25.01	14.63	4.97	11646	16.22	29.43	12.74	4.99	12616	11.32	21.33	14.21	4.91	10631	25.82	40.83	12.76	4.99															2020-07-09 17:30:00
09.07.2020	17:36:00	RO_SE_001	3597	23141	117	0	13372	8.88	16.59	14.79	4.97	11729	15.43	28.24	12.8	4.97	12168	13.41	25.0	14.68	4.97	11646	16.22	29.43	12.75	5.02	12617	11.32	21.32	14.23	4.89	10631	25.82	40.83	12.79	4.99															2020-07-09 17:36:00
09.07.2020	17:42:00	RO_SE_001	3597	23142	117	0	13373	8.88	16.59	14.8	4.97	11729	15.43	28.24	12.81	4.97	12170	13.40	24.99	14.67	4.97	11646	16.22	29.43	12.74	4.99	12616	11.32	21.33	14.23	4.89	10631	25.82	40.83	12.77	4.97															2020-07-09 17:42:00
09.07.2020	17:48:00	RO_SE_001	3597	23143	108	0	13374	8.87	16.58	14.8	4.97	11730	15.43	28.24	12.82	4.97	12171	13.40	24.98	14.67	4.97	11646	16.22	29.43	12.78	4.99	12616	11.32	21.33	14.27	4.89	10631	25.82	40.83	12.79	4.99															2020-07-09 17:48:00
09.07.2020	17:54:00	RO_SE_001	3597	23144	117	0	13375	8.87	16.57	14.82	4.97	11729	15.43	28.24	12.84	4.97	12172	13.39	24.97	14.67	4.97	11647	16.21	29.42	12.74	4.99	12616	11.32	21.33	14.27	4.89	10631	25.82	40.83	12.81	4.99															2020-07-09 17:54:00
09.07.2020	18:00:00	RO_SE_001	3557	23145	108	0	13375	8.87	16.57	14.85	4.97	11730	15.43	28.24	12.79	4.97	12173	13.39	24.96	14.69	4.97	11647	16.21	29.42	12.74	4.99	12616	11.32	21.33	14.28	4.91	10631	25.82	40.83	12.82	4.97															2020-07-09 18:00:00
09.07.2020	18:06:00	RO_SE_001	3596	23146	108	0	13375	8.87	16.57	14.84	4.97	11730	15.43	28.24	12.84	4.97	12175	13.38	24.95	14.71	4.99	11647	16.21	29.42	12.77	4.99	12615	11.32	21.34	14.27	4.89	10632	25.81	40.82	12.8	4.99															2020-07-09 18:06:00
09.07.2020	18:12:00	RO_SE_001	3597	23147	108	0	13375	8.87	16.57	14.83	4.97	11730	15.43	28.24	12.89	4.97	12176	13.37	24.94	14.7	4.97	11647	16.21	29.42	12.75	4.99	12615	11.32	21.34	14.3	4.89	10632	25.81	40.82	12.8	4.97															2020-07-09 18:12:00
09.07.2020	18:18:00	RO_SE_001	3597	23148	108	0	13376	8.87	16.57	14.86	4.97	11730	15.43	28.24	12.84	4.97	12177	13.37	24.93	14.74	4.97	11648	16.21	29.41	12.74	4.99	12615	11.32	21.34	14.3	4.89	10632	25.81	40.82	12.82	4.97															2020-07-09 18:18:00
09.07.2020	18:24:00	RO_SE_001	3597	23149	108	0	13377	8.86	16.56	14.86	4.97	11730	15.43	28.24	12.84	4.97	12178	13.36	24.92	14.75	4.99	11648	16.21	29.41	12.77	5.02	12614	11.33	21.34	14.32	4.89	10632	25.81	40.82	12.81	4.99															2020-07-09 18:24:00
09.07.2020	18:30:00	RO_SE_001	3597	23150	108	0	13378	8.86	16.56	14.89	4.97	11730	15.43	28.24	12.84	4.97	12178	13.36	24.92	14.73	4.97	11647	16.21	29.42	12.77	4.99	12614	11.33	21.34	14.31	4.89	10632	25.81	40.82	12.79	4.99															2020-07-09 18:30:00
09.07.2020	18:36:00	RO_SE_001	3563	23151	0	0	13378	8.86	16.56	14.89	4.97	11729	15.43	28.24	12.86	4.97	12179	13.36	24.92	14.73	4.97	11647	16.21	29.42	12.77	4.99	12613	11.33	21.35	14.32	4.89	10632	25.81	40.82	12.84	4.97															2020-07-09 18:36:00
09.07.2020	18:42:00	RO_SE_001	3592	23152	111	0	13378	8.86	16.56	14.9	4.97	11729	15.43	28.24	12.84	4.97	12181	13.35	24.9	14.73	4.97	11647	16.21	29.42	12.77	4.99	12613	11.33	21.35	14.34	4.89	10632	25.81	40.82	12.83	4.99															2020-07-09 18:42:00
09.07.2020	18:48:00	RO_SE_001	3595	23153	111	0	13379	8.86	16.55	14.89	4.97	11728	15.44	28.25	12.85	4.97	12182	13.34	24.89	14.72	4.97	11647	16.21	29.42	12.78	4.99	12613	11.33	21.35	14.36	4.89	10632	25.81	40.82	12.82	4.99															2020-07-09 18:48:00
09.07.2020	18:54:00	RO_SE_001	3595	23154	84	0	13380	8.86	16.54	14.91	4.97	11729	15.43	28.24	12.87	4.97	12183	13.34	24.88	14.73	4.99	11648	16.21	29.41	12.8	4.99	12612	11.33	21.36	14.36	4.89	10632	25.81	40.82	12.83	4.99															2020-07-09 18:54:00
09.07.2020	19:00:00	RO_SE_001	3596	23155	84	0	13380	8.86	16.54	14.88	4.97	11730	15.43	28.24	12.9	4.97	12184	13.33	24.88	14.77	4.97	11648	16.21	29.41	12.78	4.99	12612	11.33	21.36	14.39	4.91	10632	25.81	40.82	12.86	4.97															2020-07-09 19:00:00
09.07.2020	19:06:00	RO_SE_001	3596	23156	87	0	13381	8.85	16.54	14.95	4.97	11730	15.43	28.24	12.87	4.97	12185	13.33	24.87	14.77	4.99	11648	16.21	29.41	12.77	4.99	12611	11.34	21.36	14.38	4.89	10632	25.81	40.82	12.86	4.97															2020-07-09 19:06:00
09.07.2020	19:12:00	RO_SE_001	3596	23157	105	0	13381	8.85	16.54	14.93	4.97	11729	15.43	28.24	12.88	4.97	12185	13.33	24.87	14.72	4.97	11648	16.21	29.41	12.85	4.99	12611	11.34	21.36	14.36	4.91	10632	25.81	40.82	12.87	4.97															2020-07-09 19:12:00
09.07.2020	19:18:00	RO_SE_001	3596	23158	105	0	13382	8.85	16.53	14.95	4.97	11730	15.43	28.24	12.87	4.97	12186	13.32	24.86	14.76	4.97	11648	16.21	29.41	12.77	4.99	12610	11.34	21.37	14.37	4.91	10632	25.81	40.82	12.85	4.99															2020-07-09 19:18:00
09.07.2020	19:24:00	RO_SE_001	3597	23159	117	0	13381	8.85	16.54	14.94	4.97	11729	15.43	28.24	12.88	4.97	12187	13.32	24.85	14.74	4.97	11648	16.21	29.41	12.8	4.99	12610	11.34	21.37	14.38	4.89	10632	25.81	40.82	12.88	4.99															2020-07-09 19:24:00
09.07.2020	19:30:00	RO_SE_001	3598	23160	117	0	13382	8.85	16.53	14.93	4.97	11729	15.43	28.24	12.88	4.97	12188	13.32	24.84	14.77	4.97	11649	16.20	29.4	12.81	4.99	12609	11.35	21.38	14.38	4.91	10632	25.81	40.82	12.86	4.99															2020-07-09 19:30:00
09.07.2020	19:36:00	RO_SE_001	3597	23161	117	0	13381	8.85	16.54	14.9	4.97	11729	15.43	28.24	12.91	4.97	12189	13.31	24.84	14.8	4.97	11649	16.20	29.4	12.81	4.99	12609	11.35	21.38	14.35	4.89	10632	25.81	40.82	12.88	4.97															2020-07-09 19:36:00
09.07.2020	19:42:00	RO_SE_001	3598	23162	117	0	13382	8.85	16.53	14.88	4.97	11729	15.43	28.24	12.91	4.97	12190	13.31	24.83	14.76	4.97	11649	16.20	29.4	12.81	4.99	12609	11.35	21.38	14.4	4.91	10632	25.81	40.82	12.88	4.99															2020-07-09 19:42:00
09.07.2020	19:48:00	RO_SE_001	3598	23163	117	0	13382	8.85	16.53	14.93	4.97	11729	15.43	28.24	12.87	4.97	12191	13.30	24.82	14.8	4.97	11649	16.20	29.4	12.84	4.99	12609	11.35	21.38	14.38	4.89	10632	25.81	40.82	12.86	4.99															2020-07-09 19:48:00
09.07.2020	19:54:00	RO_SE_001	3598	23164	117	0	13382	8.85	16.53	14.95	4.97	11729	15.43	28.24	12.94	4.97	12192	13.30	24.81	14.76	4.97	11649	16.20	29.4	12.84	4.99	12608	11.35	21.39	14.44	4.89	10632	25.81	40.82	12.88	4.97															2020-07-09 19:54:00
09.07.2020	20:00:00	RO_SE_001	3564	23165	0	0	13382	8.85	16.53	14.92	4.97	11729	15.43	28.24	12.91	4.97	12193	13.29	24.8	14.77	4.97	11650	16.20	29.39	12.83	4.99	12608	11.35	21.39	14.44	4.89	10632	25.81	40.82	12.91	4.97															2020-07-09 20:00:00
09.07.2020	20:06:00	RO_SE_001	3593	23166	72	0	13382	8.85	16.53	14.95	4.97	11729	15.43	28.24	12.9	4.97	12192	13.30	24.81	14.8	4.97	11650	16.20	29.39	12.84	4.99	12607	11.35	21.39	14.44	4.89	10632	25.81	40.82	12.87	4.97															2020-07-09 20:06:00
09.07.2020	20:12:00	RO_SE_001	3595	23167	72	0	13382	8.85	16.53	14.9	4.97	11729	15.43	28.24	12.91	4.97	12193	13.29	24.8	14.76	4.97	11650	16.20	29.39	12.85	4.99	12607	11.35	21.39	14.41	4.89	10632	25.81	40.82	12.88	4.97															2020-07-09 20:12:00
09.07.2020	20:18:00	RO_SE_001	3595	23168	75	0	13382	8.85	16.53	14.93	4.97	11729	15.43	28.24	12.91	4.97	12194	13.29	24.8	14.79	4.97	11650	16.20	29.39	12.83	4.99	12606	11.36	21.4	14.41	4.89	10632	25.81	40.82	12.9	4.99															2020-07-09 20:18:00
09.07.2020	20:24:00	RO_SE_001	3596	23169	75	0	13382	8.85	16.53	14.92	4.97	11729	15.43	28.24	12.91	4.97	12195	13.28	24.79	14.76	4.97	11650	16.20	29.39	12.83	4.99	12606	11.36	21.4	14.4	4.89	10632	25.81	40.82	12.91	4.97															2020-07-09 20:24:00
09.07.2020	20:30:00	RO_SE_001	3596	23170	72	0	13383	8.85	16.53	14.91	4.97	11729	15.43	28.24	12.96	4.97	12196	13.28	24.78	14.75	4.97	11650	16.20	29.39	12.8	4.99	12605	11.36	21.41	14.4	4.89	10632	25.81	40.82	12.95	4.97															2020-07-09 20:30:00
09.07.2020	20:36:00	RO_SE_001	3596	23171	72	0	13383	8.85	16.53	14.89	4.97	11728	15.44	28.25	12.95	4.97	12197	13.27	24.77	14.73	4.97	11651	16.19	29.38	12.82	4.99	12605	11.36	21.41	14.4	4.91	10632	25.81	40.82	12.94	4.99															2020-07-09 20:36:00
09.07.2020	20:42:00	RO_SE_001	3597	23172	63	0	13383	8.85	16.53	14.89	4.97	11729	15.43	28.24	12.93	4.97	12197	13.27	24.77	14.73	4.97	11651	16.19	29.38	12.87	4.99	12604	11.37	21.41	14.41	4.89	10632	25.81	40.82	12.95	4.97															2020-07-09 20:42:00
09.07.2020	20:48:00	RO_SE_001	3596	23173	69	0	13383	8.85	16.53	14.92	4.97	11728	15.44	28.25	12.97	4.97	12198	13.27	24.76	14.73	4.97	11651	16.19	29.38	12.84	4.99	12604	11.37	21.41	14.38	4.89	10632	25.81	40.82	12.92	4.97															2020-07-09 20:48:00
09.07.2020	20:54:00	RO_SE_001	3596	23174	75	0	13383	8.85	16.53	14.94	4.97	11728	15.44	28.25	12.95	4.97	12197	13.27	24.77	14.75	4.97	11651	16.19	29.38	12.87	4.99	12603	11.37	21.42	14.42	4.89	10632	25.81	40.82	12.93	4.99															2020-07-09 20:54:00
09.07.2020	21:00:00	RO_SE_001	3596	23175	72	0	13383	8.85	16.53	14.91	4.97	11728	15.44	28.25	12.97	4.97	12198	13.27	24.76	14.74	4.97	11651	16.19	29.38	12.89	5.02	12603	11.37	21.42	14.43	4.89	10632	25.81	40.82	12.94	4.97															2020-07-09 21:00:00
09.07.2020	21:06:00	RO_SE_001	3596	23176	72	0	13384	8.84	16.52	14.88	4.97	11728	15.44	28.25	12.93	4.97	12198	13.27	24.76	14.73	4.97	11652	16.18	29.37	12.86	5.02	12602	11.37	21.43	14.42	4.91	10632	25.81	40.82	12.94	4.99															2020-07-09 21:06:00
09.07.2020	21:12:00	RO_SE_001	3596	23177	72	0	13384	8.84	16.52	14.88	4.97	11728	15.44	28.25	12.95	4.97	12199	13.26	24.76	14.73	4.97	11652	16.18	29.37	12.88	4.99	12603	11.37	21.42	14.41	4.91	10633	25.80	40.81	12.95	4.99															2020-07-09 21:12:00
09.07.2020	21:18:00	RO_SE_001	3596	23178	72	0	13384	8.84	16.52	14.88	4.97	11728	15.44	28.25	12.96	4.97	12199	13.26	24.76	14.7	4.97	11652	16.18	29.37	12.87	4.99	12603	11.37	21.42	14.41	4.89	10633	25.80	40.81	12.95	4.97															2020-07-09 21:18:00
09.07.2020	21:24:00	RO_SE_001	3597	23179	72	0	13384	8.84	16.52	14.9	4.97	11728	15.44	28.25	12.96	4.97	12199	13.26	24.76	14.73	4.97	11652	16.18	29.37	12.87	4.99	12602	11.37	21.43	14.41	4.89	10633	25.80	40.81	12.95	4.99															2020-07-09 21:24:00
09.07.2020	21:30:00	RO_SE_001	3597	23180	66	0	13384	8.84	16.52	14.88	4.97	11728	15.44	28.25	12.99	4.97	12199	13.26	24.76	14.69	4.97	11652	16.18	29.37	12.89	4.99	12602	11.37	21.43	14.39	4.89	10633	25.80	40.81	12.96	4.99															2020-07-09 21:30:00
09.07.2020	21:36:00	RO_SE_001	3597	23181	63	0	13385	8.84	16.52	14.89	4.97	11728	15.44	28.25	12.98	4.97	12200	13.26	24.75	14.7	4.97	11652	16.18	29.37	12.9	4.99	12601	11.38	21.44	14.43	4.89	10633	25.80	40.81	12.95	4.99															2020-07-09 21:36:00
09.07.2020	21:42:00	RO_SE_001	3597	23182	69	0	13385	8.84	16.52	14.88	4.97	11728	15.44	28.25	12.98	4.97	12200	13.26	24.75	14.69	4.97	11652	16.18	29.37	12.88	5.02	12601	11.38	21.44	14.44	4.89	10633	25.80	40.81	12.95	4.97															2020-07-09 21:42:00
09.07.2020	21:48:00	RO_SE_001	3597	23183	69	0	13385	8.84	16.52	14.86	4.97	11728	15.44	28.25	12.98	4.97	12200	13.26	24.75	14.72	4.97	11653	16.18	29.36	12.92	4.99	12601	11.38	21.44	14.39	4.89	10633	25.80	40.81	12.94	4.99															2020-07-09 21:48:00
09.07.2020	21:54:00	RO_SE_001	3597	23184	69	0	13385	8.84	16.52	14.88	4.97	11728	15.44	28.25	12.98	4.97	12200	13.26	24.75	14.7	4.99	11653	16.18	29.36	12.89	4.99	12600	11.38	21.44	14.44	4.91	10633	25.80	40.81	12.97	4.97															2020-07-09 21:54:00
09.07.2020	22:00:00	RO_SE_001	3596	23185	69	0	13385	8.84	16.52	14.85	4.97	11728	15.44	28.25	12.96	4.97	12201	13.25	24.74	14.67	4.99	11653	16.18	29.36	12.9	4.99	12599	11.39	21.45	14.42	4.89	10633	25.80	40.81	13.0	4.99															2020-07-09 22:00:00
09.07.2020	22:06:00	RO_SE_001	3596	23186	63	0	13385	8.84	16.52	14.84	4.97	11728	15.44	28.25	12.99	4.97	12202	13.25	24.73	14.68	4.97	11653	16.18	29.36	12.94	4.99	12599	11.39	21.45	14.42	4.89	10633	25.80	40.81	12.99	4.97															2020-07-09 22:06:00
09.07.2020	22:12:00	RO_SE_001	3596	23187	63	0	13385	8.84	16.52	14.83	4.97	11728	15.44	28.25	13.02	4.97	12205	13.23	24.71	14.7	4.97	11653	16.18	29.36	12.91	4.99	12599	11.39	21.45	14.42	4.89	10633	25.80	40.81	12.97	4.97															2020-07-09 22:12:00
09.07.2020	22:18:00	RO_SE_001	3596	23188	63	0	13385	8.84	16.52	14.81	4.97	11728	15.44	28.25	13.02	4.97	12206	13.23	24.7	14.66	4.97	11654	16.17	29.35	12.91	4.99	12598	11.39	21.46	14.4	4.89	10633	25.80	40.81	13.02	4.99															2020-07-09 22:18:00
09.07.2020	22:24:00	RO_SE_001	3596	23189	63	0	13385	8.84	16.52	14.81	4.97	11728	15.44	28.25	13.04	4.97	12206	13.23	24.7	14.65	4.99	11654	16.17	29.35	12.93	4.99	12598	11.39	21.46	14.41	4.91	10633	25.80	40.81	13.02	4.97															2020-07-09 22:24:00
09.07.2020	22:30:00	RO_SE_001	3596	23190	63	0	13385	8.84	16.52	14.84	4.97	11728	15.44	28.25	13.02	4.97	12206	13.23	24.7	14.66	4.97	11654	16.17	29.35	12.94	4.99	12597	11.39	21.46	14.39	4.89	10633	25.80	40.81	12.98	4.99															2020-07-09 22:30:00
09.07.2020	22:36:00	RO_SE_001	3596	23191	69	0	13385	8.84	16.52	14.82	4.97	11728	15.44	28.25	13.04	4.97	12207	13.22	24.69	14.64	4.97	11654	16.17	29.35	12.92	4.99	12597	11.39	21.46	14.4	4.89	10633	25.80	40.81	12.98	4.99															2020-07-09 22:36:00
09.07.2020	22:42:00	RO_SE_001	3597	23192	69	0	13385	8.84	16.52	14.82	4.97	11728	15.44	28.25	13.03	4.97	12209	13.22	24.68	14.63	4.97	11654	16.17	29.35	12.92	4.99	12596	11.40	21.47	14.38	4.89	10633	25.80	40.81	12.99	4.99															2020-07-09 22:42:00
09.07.2020	22:48:00	RO_SE_001	3596	23193	69	0	13385	8.84	16.52	14.81	4.97	11728	15.44	28.25	13.02	4.97	12210	13.21	24.67	14.63	4.97	11654	16.17	29.35	12.95	5.02	12596	11.40	21.47	14.38	4.89	10633	25.80	40.81	13.01	4.99															2020-07-09 22:48:00
09.07.2020	22:54:00	RO_SE_001	3596	23194	72	0	13385	8.84	16.52	14.76	4.97	11729	15.43	28.24	13.01	4.97	12210	13.21	24.67	14.65	4.99	11655	16.16	29.35	12.91	4.99	12596	11.40	21.47	14.39	4.89	10633	25.80	40.81	13.03	4.99															2020-07-09 22:54:00
09.07.2020	23:00:00	RO_SE_001	3596	23195	72	0	13385	8.84	16.52	14.79	4.97	11728	15.44	28.25	13.05	4.97	12209	13.22	24.68	14.63	4.97	11655	16.16	29.35	12.92	5.02	12595	11.40	21.48	14.4	4.89	10633	25.80	40.81	13.02	4.99															2020-07-09 23:00:00
09.07.2020	23:06:00	RO_SE_001	3596	23196	72	0	13385	8.84	16.52	14.77	4.97	11728	15.44	28.25	13.05	4.97	12212	13.20	24.65	14.63	4.97	11654	16.17	29.35	12.98	4.99	12595	11.40	21.48	14.4	4.89	10633	25.80	40.81	13.02	4.97															2020-07-09 23:06:00
09.07.2020	23:12:00	RO_SE_001	3597	23197	72	0	13385	8.84	16.52	14.77	4.97	11728	15.44	28.25	13.06	4.97	12212	13.20	24.65	14.6	4.97	11654	16.17	29.35	12.93	4.99	12596	11.40	21.47	14.38	4.91	10633	25.80	40.81	12.99	4.99															2020-07-09 23:12:00
09.07.2020	23:18:00	RO_SE_001	3596	23198	69	0	13385	8.84	16.52	14.77	4.97	11728	15.44	28.25	13.07	4.97	12213	13.20	24.64	14.62	4.97	11654	16.17	29.35	12.97	5.02	12595	11.40	21.48	14.38	4.89	10633	25.80	40.81	13.05	4.99															2020-07-09 23:18:00
09.07.2020	23:24:00	RO_SE_001	3597	23199	69	0	13385	8.84	16.52	14.77	4.97	11729	15.43	28.24	13.05	4.97	12214	13.19	24.64	14.59	4.97	11654	16.17	29.35	12.97	4.99	12594	11.40	21.49	14.38	4.89	10633	25.80	40.81	13.02	4.99															2020-07-09 23:24:00
09.07.2020	23:30:00	RO_SE_001	3596	23200	69	0	13385	8.84	16.52	14.77	4.97	11728	15.44	28.25	13.02	4.97	12214	13.19	24.64	14.62	4.97	11655	16.16	29.35	12.95	4.99	12594	11.40	21.49	14.35	4.91	10633	25.80	40.81	13.02	4.99															2020-07-09 23:30:00
09.07.2020	23:36:00	RO_SE_001	3596	23201	69	0	13385	8.84	16.52	14.75	4.97	11728	15.44	28.25	13.09	4.97	12214	13.19	24.64	14.6	4.97	11655	16.16	29.35	12.95	4.99	12594	11.40	21.49	14.37	4.89	10633	25.80	40.81	13.04	4.97															2020-07-09 23:36:00
09.07.2020	23:42:00	RO_SE_001	3596	23202	69	0	13385	8.84	16.52	14.74	4.97	11728	15.44	28.25	13.06	4.97	12215	13.19	24.63	14.58	4.97	11655	16.16	29.35	12.98	4.99	12593	11.41	21.49	14.36	4.89	10633	25.80	40.81	13.07	4.99															2020-07-09 23:42:00
09.07.2020	23:48:00	RO_SE_001	3596	23203	69	0	13385	8.84	16.52	14.77	4.97	11728	15.44	28.25	13.05	4.97	12216	13.18	24.62	14.6	4.99	11655	16.16	29.35	12.97	4.99	12593	11.41	21.49	14.35	4.89	10633	25.80	40.81	13.06	4.99															2020-07-09 23:48:00
09.07.2020	23:54:00	RO_SE_001	3597	23204	69	0	13384	8.84	16.52	14.74	4.97	11728	15.44	28.25	13.06	4.97	12217	13.18	24.61	14.55	4.97	11655	16.16	29.35	12.98	4.99	12593	11.41	21.49	14.38	4.91	10633	25.80	40.81	13.07	4.97															2020-07-09 23:54:00
