08.07.2020	00:00:00	RO_SE_001	3592	22736	84	0	13436	8.70	16.22	13.28	4.97	11699	15.61	28.52	13.02	4.97	12762	10.92	20.59	13.16	4.97	11591	16.57	29.95	12.95	4.99	12821	10.56	19.9	13.21	4.89	10613	26.08	41.07	12.94	4.99															2020-07-08 00:00:00
08.07.2020	00:06:00	RO_SE_001	3592	22737	105	0	13436	8.70	16.22	13.33	4.97	11699	15.61	28.52	12.99	4.97	12762	10.92	20.59	13.17	4.97	11592	16.57	29.94	12.96	4.99	12821	10.56	19.9	13.22	4.89	10613	26.08	41.07	12.95	4.99															2020-07-08 00:06:00
08.07.2020	00:12:00	RO_SE_001	3592	22738	105	0	13436	8.70	16.22	13.27	4.97	11699	15.61	28.52	13.0	4.97	12762	10.92	20.59	13.16	4.97	11592	16.57	29.94	12.94	4.99	12821	10.56	19.9	13.19	4.89	10613	26.08	41.07	12.95	4.97															2020-07-08 00:12:00
08.07.2020	00:18:00	RO_SE_001	3592	22739	102	0	13436	8.70	16.22	13.3	4.97	11699	15.61	28.52	13.01	4.97	12763	10.92	20.58	13.13	4.97	11591	16.57	29.95	12.97	5.02	12822	10.55	19.9	13.22	4.89	10614	26.06	41.06	12.92	4.97															2020-07-08 00:18:00
08.07.2020	00:24:00	RO_SE_001	3589	22740	105	0	13436	8.70	16.22	13.3	4.97	11699	15.61	28.52	12.99	4.97	12763	10.92	20.58	13.16	4.97	11591	16.57	29.95	12.94	4.99	12822	10.55	19.9	13.17	4.89	10614	26.06	41.06	12.94	4.99															2020-07-08 00:24:00
08.07.2020	00:30:00	RO_SE_001	3588	22741	105	0	13436	8.70	16.22	13.29	4.97	11699	15.61	28.52	12.99	4.97	12763	10.92	20.58	13.13	4.97	11591	16.57	29.95	12.97	4.99	12822	10.55	19.9	13.18	4.89	10614	26.06	41.06	12.95	4.99															2020-07-08 00:30:00
08.07.2020	00:36:00	RO_SE_001	3589	22742	102	0	13436	8.70	16.22	13.27	4.97	11699	15.61	28.52	13.01	4.97	12763	10.92	20.58	13.1	4.97	11592	16.57	29.94	12.95	5.02	12822	10.55	19.9	13.18	4.91	10614	26.06	41.06	12.93	4.97															2020-07-08 00:36:00
08.07.2020	00:42:00	RO_SE_001	3589	22743	102	0	13437	8.70	16.22	13.25	4.97	11699	15.61	28.52	13.0	4.97	12763	10.92	20.58	13.09	4.97	11592	16.57	29.94	12.95	4.99	12822	10.55	19.9	13.16	4.91	10614	26.06	41.06	12.92	4.99															2020-07-08 00:42:00
08.07.2020	00:48:00	RO_SE_001	3588	22744	105	0	13437	8.70	16.22	13.24	4.97	11699	15.61	28.52	12.99	4.97	12764	10.91	20.58	13.1	4.97	11592	16.57	29.94	12.94	4.99	12822	10.55	19.9	13.16	4.89	10614	26.06	41.06	12.94	4.99															2020-07-08 00:48:00
08.07.2020	00:54:00	RO_SE_001	3589	22745	99	0	13437	8.70	16.22	13.25	4.97	11699	15.61	28.52	12.98	4.97	12764	10.91	20.58	13.11	4.97	11592	16.57	29.94	12.93	4.99	12823	10.55	19.89	13.13	4.89	10614	26.06	41.06	12.93	4.99															2020-07-08 00:54:00
08.07.2020	01:00:00	RO_SE_001	3591	22746	111	0	13437	8.70	16.22	13.21	4.97	11699	15.61	28.52	12.97	4.97	12764	10.91	20.58	13.09	4.97	11592	16.57	29.94	12.95	4.99	12822	10.55	19.9	13.16	4.89	10614	26.06	41.06	12.93	4.99															2020-07-08 01:00:00
08.07.2020	01:06:00	RO_SE_001	3591	22747	111	0	13437	8.70	16.22	13.21	4.97	11699	15.61	28.52	12.98	4.97	12764	10.91	20.58	13.05	4.97	11593	16.56	29.93	12.93	4.99	12822	10.55	19.9	13.13	4.91	10614	26.06	41.06	12.95	4.99															2020-07-08 01:06:00
08.07.2020	01:12:00	RO_SE_001	3592	22748	111	0	13438	8.69	16.21	13.22	4.97	11699	15.61	28.52	12.99	4.97	12764	10.91	20.58	13.07	4.97	11593	16.56	29.93	12.96	5.02	12823	10.55	19.89	13.13	4.89	10613	26.08	41.07	12.92	4.99															2020-07-08 01:12:00
08.07.2020	01:18:00	RO_SE_001	3588	22749	72	0	13438	8.69	16.21	13.19	4.97	11699	15.61	28.52	12.98	4.97	12764	10.91	20.58	13.07	4.97	11593	16.56	29.93	12.93	4.99	12823	10.55	19.89	13.14	4.91	10613	26.08	41.07	12.96	4.97															2020-07-08 01:18:00
08.07.2020	01:24:00	RO_SE_001	3589	22750	84	0	13438	8.69	16.21	13.19	4.97	11699	15.61	28.52	12.97	4.97	12765	10.91	20.57	13.05	4.97	11593	16.56	29.93	12.95	4.99	12823	10.55	19.89	13.12	4.89	10615	26.05	41.04	12.92	4.99															2020-07-08 01:24:00
08.07.2020	01:30:00	RO_SE_001	3590	22751	84	0	13438	8.69	16.21	13.19	4.97	11700	15.61	28.51	12.95	4.97	12765	10.91	20.57	13.09	4.97	11593	16.56	29.93	12.9	5.02	12823	10.55	19.89	13.12	4.89	10614	26.06	41.06	12.93	4.97															2020-07-08 01:30:00
08.07.2020	01:36:00	RO_SE_001	3592	22752	84	0	13438	8.69	16.21	13.18	4.97	11699	15.61	28.52	12.98	4.97	12765	10.91	20.57	13.04	4.97	11594	16.56	29.92	12.95	4.99	12823	10.55	19.89	13.1	4.89	10614	26.06	41.06	12.91	4.97															2020-07-08 01:36:00
08.07.2020	01:42:00	RO_SE_001	3593	22753	105	0	13437	8.70	16.22	13.17	4.97	11700	15.61	28.51	12.96	4.97	12765	10.91	20.57	13.02	4.97	11594	16.56	29.92	12.96	4.99	12823	10.55	19.89	13.13	4.89	10614	26.06	41.06	12.95	4.99															2020-07-08 01:42:00
08.07.2020	01:48:00	RO_SE_001	3593	22754	111	0	13437	8.70	16.22	13.19	4.97	11699	15.61	28.52	12.99	4.97	12765	10.91	20.57	13.05	4.97	11594	16.56	29.92	12.94	4.99	12824	10.55	19.88	13.11	4.89	10614	26.06	41.06	12.93	4.97															2020-07-08 01:48:00
08.07.2020	01:54:00	RO_SE_001	3593	22755	123	0	13437	8.70	16.22	13.14	4.97	11700	15.61	28.51	12.96	4.97	12766	10.91	20.56	13.02	4.97	11594	16.56	29.92	12.93	4.99	12824	10.55	19.88	13.09	4.89	10614	26.06	41.06	12.91	4.99															2020-07-08 01:54:00
08.07.2020	02:00:00	RO_SE_001	3593	22756	99	0	13437	8.70	16.22	13.15	4.97	11700	15.61	28.51	12.97	4.97	12766	10.91	20.56	13.02	4.97	11595	16.55	29.91	12.93	5.02	12824	10.55	19.88	13.09	4.89	10614	26.06	41.06	12.94	4.99															2020-07-08 02:00:00
08.07.2020	02:06:00	RO_SE_001	3592	22757	105	0	13437	8.70	16.22	13.13	4.97	11700	15.61	28.51	12.97	4.97	12766	10.91	20.56	13.01	4.97	11595	16.55	29.91	12.89	5.02	12824	10.55	19.88	13.06	4.89	10614	26.06	41.06	12.93	4.99															2020-07-08 02:06:00
08.07.2020	02:12:00	RO_SE_001	3593	22758	102	0	13437	8.70	16.22	13.14	4.97	11700	15.61	28.51	12.96	4.97	12766	10.91	20.56	12.99	4.97	11595	16.55	29.91	12.93	4.99	12824	10.55	19.88	13.05	4.91	10614	26.06	41.06	12.94	4.99															2020-07-08 02:12:00
08.07.2020	02:18:00	RO_SE_001	3592	22759	111	0	13437	8.70	16.22	13.11	4.97	11700	15.61	28.51	12.97	4.97	12766	10.91	20.56	13.05	4.97	11595	16.55	29.91	12.9	4.99	12824	10.55	19.88	13.04	4.89	10614	26.06	41.06	12.91	4.99															2020-07-08 02:18:00
08.07.2020	02:24:00	RO_SE_001	3592	22760	111	0	13437	8.70	16.22	13.13	4.97	11700	15.61	28.51	12.96	4.97	12766	10.91	20.56	13.0	4.97	11595	16.55	29.91	12.94	4.99	12824	10.55	19.88	13.05	4.89	10614	26.06	41.06	12.9	4.97															2020-07-08 02:24:00
08.07.2020	02:30:00	RO_SE_001	3592	22761	93	0	13437	8.70	16.22	13.13	4.97	11700	15.61	28.51	12.98	4.97	12766	10.91	20.56	12.98	4.97	11596	16.54	29.9	12.93	4.99	12824	10.55	19.88	13.06	4.91	10614	26.06	41.06	12.94	4.97															2020-07-08 02:30:00
08.07.2020	02:36:00	RO_SE_001	3588	22762	90	0	13437	8.70	16.22	13.13	4.97	11700	15.61	28.51	12.98	4.97	12766	10.91	20.56	12.96	4.97	11596	16.54	29.9	12.91	4.99	12825	10.54	19.88	13.05	4.89	10615	26.05	41.04	12.91	4.99															2020-07-08 02:36:00
08.07.2020	02:42:00	RO_SE_001	3589	22763	69	0	13437	8.70	16.22	13.12	4.97	11700	15.61	28.51	12.98	4.97	12767	10.90	20.55	12.98	4.97	11596	16.54	29.9	12.9	4.99	12824	10.55	19.88	13.02	4.91	10615	26.05	41.04	12.93	4.99															2020-07-08 02:42:00
08.07.2020	02:48:00	RO_SE_001	3590	22764	84	0	13437	8.70	16.22	13.09	4.97	11700	15.61	28.51	12.98	4.97	12767	10.90	20.55	12.95	4.97	11596	16.54	29.9	12.91	4.99	12824	10.55	19.88	13.02	4.89	10615	26.05	41.04	12.91	4.99															2020-07-08 02:48:00
08.07.2020	02:54:00	RO_SE_001	3590	22765	84	0	13437	8.70	16.22	13.09	4.97	11700	15.61	28.51	12.93	4.97	12767	10.90	20.55	12.95	4.97	11597	16.54	29.89	12.92	4.99	12824	10.55	19.88	13.01	4.91	10615	26.05	41.04	12.91	4.99															2020-07-08 02:54:00
08.07.2020	03:00:00	RO_SE_001	3589	22766	75	0	13437	8.70	16.22	13.08	4.97	11700	15.61	28.51	12.96	4.97	12767	10.90	20.55	12.94	4.97	11597	16.54	29.89	12.91	4.99	12825	10.54	19.88	13.04	4.91	10615	26.05	41.04	12.91	4.99															2020-07-08 03:00:00
08.07.2020	03:06:00	RO_SE_001	3591	22767	105	0	13436	8.70	16.22	13.08	4.97	11700	15.61	28.51	12.95	4.97	12767	10.90	20.55	12.92	4.97	11597	16.54	29.89	12.96	4.99	12825	10.54	19.88	13.0	4.89	10615	26.05	41.04	12.92	4.99															2020-07-08 03:06:00
08.07.2020	03:12:00	RO_SE_001	3591	22768	105	0	13436	8.70	16.22	13.08	4.97	11700	15.61	28.51	12.95	4.97	12767	10.90	20.55	12.95	4.97	11597	16.54	29.89	12.92	4.99	12825	10.54	19.88	12.98	4.89	10615	26.05	41.04	12.95	4.97															2020-07-08 03:12:00
08.07.2020	03:18:00	RO_SE_001	3590	22769	108	0	13436	8.70	16.22	13.05	4.97	11700	15.61	28.51	12.98	4.97	12768	10.90	20.55	12.92	4.97	11597	16.54	29.89	12.9	5.02	12825	10.54	19.88	12.98	4.89	10615	26.05	41.04	12.92	4.97															2020-07-08 03:18:00
08.07.2020	03:24:00	RO_SE_001	3591	22770	108	0	13437	8.70	16.22	13.05	4.97	11700	15.61	28.51	12.95	4.97	12768	10.90	20.55	12.92	4.97	11598	16.53	29.88	12.91	4.99	12825	10.54	19.88	12.97	4.91	10615	26.05	41.04	12.91	4.99															2020-07-08 03:24:00
08.07.2020	03:30:00	RO_SE_001	3590	22771	108	0	13437	8.70	16.22	13.07	4.97	11700	15.61	28.51	12.95	4.97	12768	10.90	20.55	12.92	4.97	11598	16.53	29.88	12.93	4.99	12825	10.54	19.88	13.0	4.91	10615	26.05	41.04	12.93	4.97															2020-07-08 03:30:00
08.07.2020	03:36:00	RO_SE_001	3589	22772	126	0	13437	8.70	16.22	13.05	4.97	11700	15.61	28.51	12.98	4.97	12768	10.90	20.55	12.88	4.97	11598	16.53	29.88	12.93	4.99	12825	10.54	19.88	12.97	4.91	10615	26.05	41.04	12.94	4.97															2020-07-08 03:36:00
08.07.2020	03:42:00	RO_SE_001	3589	22773	132	0	13437	8.70	16.22	13.04	4.97	11700	15.61	28.51	12.96	4.97	12768	10.90	20.55	12.91	4.97	11598	16.53	29.88	12.95	5.02	12826	10.54	19.87	12.98	4.91	10615	26.05	41.04	12.91	4.97															2020-07-08 03:42:00
08.07.2020	03:48:00	RO_SE_001	3589	22774	126	0	13437	8.70	16.22	13.03	4.97	11700	15.61	28.51	12.97	4.97	12768	10.90	20.55	12.91	4.97	11598	16.53	29.88	12.89	4.99	12826	10.54	19.87	12.97	4.91	10615	26.05	41.04	12.9	4.97															2020-07-08 03:48:00
08.07.2020	03:54:00	RO_SE_001	3589	22775	126	0	13437	8.70	16.22	13.03	4.97	11699	15.61	28.52	12.95	4.97	12768	10.90	20.55	12.86	4.97	11598	16.53	29.88	12.92	4.99	12826	10.54	19.87	12.98	4.91	10616	26.04	41.03	12.91	4.97															2020-07-08 03:54:00
08.07.2020	04:00:00	RO_SE_001	3589	22776	126	0	13437	8.70	16.22	13.04	4.97	11700	15.61	28.51	12.95	4.97	12768	10.90	20.55	12.84	4.97	11598	16.53	29.88	12.92	5.02	12826	10.54	19.87	12.96	4.89	10616	26.04	41.03	12.92	4.97															2020-07-08 04:00:00
08.07.2020	04:06:00	RO_SE_001	3589	22777	126	0	13437	8.70	16.22	13.04	4.97	11700	15.61	28.51	12.98	4.97	12768	10.90	20.55	12.85	4.97	11598	16.53	29.88	12.94	4.99	12826	10.54	19.87	12.93	4.91	10616	26.04	41.03	12.92	4.99															2020-07-08 04:06:00
08.07.2020	04:12:00	RO_SE_001	3589	22778	126	0	13437	8.70	16.22	13.02	4.97	11700	15.61	28.51	12.94	4.97	12769	10.90	20.54	12.86	4.97	11598	16.53	29.88	12.92	4.99	12826	10.54	19.87	12.94	4.89	10616	26.04	41.03	12.9	4.99															2020-07-08 04:12:00
08.07.2020	04:18:00	RO_SE_001	3586	22779	57	0	13437	8.70	16.22	13.0	4.97	11700	15.61	28.51	12.96	4.97	12769	10.90	20.54	12.85	4.97	11598	16.53	29.88	12.88	5.02	12826	10.54	19.87	12.96	4.89	10616	26.04	41.03	12.91	4.97															2020-07-08 04:18:00
08.07.2020	04:24:00	RO_SE_001	3588	22780	57	0	13437	8.70	16.22	13.02	4.97	11699	15.61	28.52	12.95	4.97	12769	10.90	20.54	12.84	4.97	11598	16.53	29.88	12.89	4.99	12826	10.54	19.87	12.94	4.89	10616	26.04	41.03	12.88	4.97															2020-07-08 04:24:00
08.07.2020	04:30:00	RO_SE_001	3587	22781	60	0	13437	8.70	16.22	12.98	4.97	11700	15.61	28.51	12.95	4.97	12769	10.90	20.54	12.84	4.97	11599	16.52	29.87	12.92	4.99	12826	10.54	19.87	12.95	4.89	10616	26.04	41.03	12.91	4.99															2020-07-08 04:30:00
08.07.2020	04:36:00	RO_SE_001	3588	22782	63	0	13437	8.70	16.22	12.98	4.97	11699	15.61	28.52	12.96	4.97	12769	10.90	20.54	12.84	4.97	11599	16.52	29.87	12.91	5.02	12826	10.54	19.87	12.92	4.91	10616	26.04	41.03	12.92	4.97															2020-07-08 04:36:00
08.07.2020	04:42:00	RO_SE_001	3589	22783	57	0	13437	8.70	16.22	12.98	4.97	11700	15.61	28.51	12.95	4.97	12769	10.90	20.54	12.84	4.97	11599	16.52	29.87	12.91	4.99	12826	10.54	19.87	12.93	4.89	10616	26.04	41.03	12.9	4.99															2020-07-08 04:42:00
08.07.2020	04:48:00	RO_SE_001	3590	22784	57	0	13437	8.70	16.22	12.95	4.97	11700	15.61	28.51	12.93	4.97	12769	10.90	20.54	12.84	4.97	11599	16.52	29.87	12.9	4.99	12826	10.54	19.87	12.91	4.91	10616	26.04	41.03	12.9	4.99															2020-07-08 04:48:00
08.07.2020	04:54:00	RO_SE_001	3590	22785	57	0	13437	8.70	16.22	12.95	4.97	11700	15.61	28.51	12.95	4.97	12769	10.90	20.54	12.81	4.97	11599	16.52	29.87	12.9	4.99	12827	10.54	19.86	12.94	4.89	10616	26.04	41.03	12.88	4.99															2020-07-08 04:54:00
08.07.2020	05:00:00	RO_SE_001	3590	22786	60	0	13437	8.70	16.22	12.95	4.97	11700	15.61	28.51	12.98	4.97	12769	10.90	20.54	12.79	4.97	11599	16.52	29.87	12.88	4.99	12827	10.54	19.86	12.91	4.89	10616	26.04	41.03	12.87	4.99															2020-07-08 05:00:00
08.07.2020	05:06:00	RO_SE_001	3591	22787	57	0	13437	8.70	16.22	12.98	4.97	11700	15.61	28.51	12.94	4.97	12769	10.90	20.54	12.81	4.97	11600	16.52	29.86	12.91	4.99	12827	10.54	19.86	12.89	4.89	10616	26.04	41.03	12.87	4.99															2020-07-08 05:06:00
08.07.2020	05:12:00	RO_SE_001	3591	22788	60	0	13437	8.70	16.22	12.91	4.97	11700	15.61	28.51	12.91	4.97	12769	10.90	20.54	12.78	4.97	11600	16.52	29.86	12.93	4.99	12827	10.54	19.86	12.87	4.91	10617	26.02	41.02	12.88	4.99															2020-07-08 05:12:00
08.07.2020	05:18:00	RO_SE_001	3589	22789	54	0	13438	8.69	16.21	12.94	4.97	11699	15.61	28.52	12.92	4.97	12769	10.90	20.54	12.78	4.97	11600	16.52	29.86	12.9	4.99	12827	10.54	19.86	12.87	4.89	10617	26.02	41.02	12.89	4.99															2020-07-08 05:18:00
08.07.2020	05:30:00	RO_SE_001	3545	22790	0	0	13437	8.70	16.22	12.94	4.97	11700	15.61	28.51	12.94	4.97	12770	10.89	20.53	12.79	4.97	11600	16.52	29.86	12.91	4.99	12827	10.54	19.86	12.92	4.91	10617	26.02	41.02	12.91	4.99															2020-07-08 05:30:00
08.07.2020	05:36:00	RO_SE_001	3578	22791	48	0	13438	8.69	16.21	12.91	4.97	11699	15.61	28.52	12.93	4.97	12770	10.89	20.53	12.77	4.97	11600	16.52	29.86	12.9	4.99	12828	10.53	19.86	12.86	4.91	10617	26.02	41.02	12.91	4.97															2020-07-08 05:36:00
08.07.2020	05:42:00	RO_SE_001	3584	22792	57	0	13438	8.69	16.21	12.93	4.97	11700	15.61	28.51	12.92	4.97	12770	10.89	20.53	12.82	4.97	11600	16.52	29.86	12.9	4.99	12828	10.53	19.86	12.89	4.89	10617	26.02	41.02	12.88	4.97															2020-07-08 05:42:00
08.07.2020	05:48:00	RO_SE_001	3586	22793	57	0	13438	8.69	16.21	12.91	4.97	11699	15.61	28.52	12.94	4.97	12770	10.89	20.53	12.77	4.97	11601	16.51	29.85	12.92	4.99	12827	10.54	19.86	12.84	4.89	10617	26.02	41.02	12.91	4.99															2020-07-08 05:48:00
08.07.2020	05:54:00	RO_SE_001	3587	22794	57	0	13438	8.69	16.21	12.91	4.97	11700	15.61	28.51	12.96	4.97	12770	10.89	20.53	12.7	4.97	11601	16.51	29.85	12.9	4.99	12828	10.53	19.86	12.88	4.91	10617	26.02	41.02	12.87	4.99															2020-07-08 05:54:00
08.07.2020	06:00:00	RO_SE_001	3588	22795	57	0	13438	8.69	16.21	12.89	4.97	11700	15.61	28.51	12.92	4.97	12770	10.89	20.53	12.77	4.97	11601	16.51	29.85	12.91	4.99	12827	10.54	19.86	12.85	4.91	10617	26.02	41.02	12.88	4.99															2020-07-08 06:00:00
08.07.2020	06:06:00	RO_SE_001	3588	22796	63	0	13438	8.69	16.21	12.88	4.97	11700	15.61	28.51	12.91	4.97	12770	10.89	20.53	12.75	4.97	11601	16.51	29.85	12.88	4.99	12828	10.53	19.86	12.84	4.89	10617	26.02	41.02	12.87	4.97															2020-07-08 06:06:00
08.07.2020	06:12:00	RO_SE_001	3589	22797	63	0	13438	8.69	16.21	12.88	4.97	11700	15.61	28.51	12.96	4.97	12770	10.89	20.53	12.77	4.97	11601	16.51	29.85	12.9	4.99	12827	10.54	19.86	12.84	4.89	10617	26.02	41.02	12.84	4.99															2020-07-08 06:12:00
08.07.2020	06:18:00	RO_SE_001	3589	22798	60	0	13438	8.69	16.21	12.89	4.97	11700	15.61	28.51	12.92	4.97	12771	10.89	20.53	12.74	4.97	11601	16.51	29.85	12.9	4.99	12828	10.53	19.86	12.85	4.89	10617	26.02	41.02	12.91	4.99															2020-07-08 06:18:00
08.07.2020	06:24:00	RO_SE_001	3590	22799	57	0	13438	8.69	16.21	12.9	4.97	11700	15.61	28.51	12.95	4.97	12771	10.89	20.53	12.75	4.97	11601	16.51	29.85	12.88	4.99	12828	10.53	19.86	12.85	4.91	10617	26.02	41.02	12.88	4.99															2020-07-08 06:24:00
08.07.2020	06:30:00	RO_SE_001	3590	22800	60	0	13438	8.69	16.21	12.87	4.97	11700	15.61	28.51	12.9	4.97	12771	10.89	20.53	12.72	4.97	11602	16.50	29.84	12.89	4.99	12828	10.53	19.86	12.81	4.89	10617	26.02	41.02	12.85	4.99															2020-07-08 06:30:00
08.07.2020	06:36:00	RO_SE_001	3591	22801	57	0	13438	8.69	16.21	12.85	4.97	11701	15.60	28.5	12.93	4.97	12770	10.89	20.53	12.77	4.97	11602	16.50	29.84	12.85	4.99	12828	10.53	19.86	12.83	4.91	10617	26.02	41.02	12.88	4.97															2020-07-08 06:36:00
08.07.2020	06:42:00	RO_SE_001	3592	22802	60	0	13439	8.69	16.21	12.88	4.97	11700	15.61	28.51	12.93	4.97	12769	10.90	20.54	12.73	4.97	11602	16.50	29.84	12.88	4.99	12827	10.54	19.86	12.82	4.91	10618	26.01	41.0	12.86	4.99															2020-07-08 06:42:00
08.07.2020	06:48:00	RO_SE_001	3591	22803	63	0	13439	8.69	16.21	12.86	4.97	11700	15.61	28.51	12.9	4.97	12768	10.90	20.55	12.74	4.97	11602	16.50	29.84	12.89	4.99	12828	10.53	19.86	12.86	4.91	10618	26.01	41.0	12.88	4.99															2020-07-08 06:48:00
08.07.2020	06:54:00	RO_SE_001	3591	22804	63	0	13439	8.69	16.21	12.89	4.97	11700	15.61	28.51	12.92	4.97	12766	10.91	20.56	12.73	4.97	11602	16.50	29.84	12.9	4.99	12828	10.53	19.86	12.82	4.89	10618	26.01	41.0	12.84	4.99															2020-07-08 06:54:00
08.07.2020	07:00:00	RO_SE_001	3591	22805	63	0	13439	8.69	16.21	12.88	4.97	11700	15.61	28.51	12.93	4.97	12764	10.91	20.58	12.7	4.97	11602	16.50	29.84	12.88	4.99	12827	10.54	19.86	12.81	4.89	10618	26.01	41.0	12.84	4.99															2020-07-08 07:00:00
08.07.2020	07:06:00	RO_SE_001	3589	22806	51	0	13439	8.69	16.21	12.86	4.97	11700	15.61	28.51	12.91	4.97	12762	10.92	20.59	12.72	4.97	11602	16.50	29.84	12.84	4.99	12826	10.54	19.87	12.79	4.91	10618	26.01	41.0	12.85	4.97															2020-07-08 07:06:00
08.07.2020	07:12:00	RO_SE_001	3589	22807	51	0	13440	8.69	16.2	12.85	4.97	11700	15.61	28.51	12.93	4.97	12758	10.94	20.62	12.72	4.97	11602	16.50	29.84	12.91	4.99	12824	10.55	19.88	12.8	4.91	10618	26.01	41.0	12.81	4.99															2020-07-08 07:12:00
08.07.2020	07:18:00	RO_SE_001	3589	22808	51	0	13440	8.69	16.2	12.86	4.97	11700	15.61	28.51	12.9	4.97	12751	10.96	20.66	12.73	4.97	11603	16.50	29.83	12.86	4.99	12823	10.55	19.89	12.78	4.89	10618	26.01	41.0	12.85	4.99															2020-07-08 07:18:00
08.07.2020	07:24:00	RO_SE_001	3590	22809	51	0	13440	8.69	16.2	12.84	4.97	11700	15.61	28.51	12.91	4.97	12744	10.99	20.71	12.69	4.97	11603	16.50	29.83	12.88	4.99	12821	10.56	19.9	12.79	4.89	10618	26.01	41.0	12.81	4.99															2020-07-08 07:24:00
08.07.2020	07:30:00	RO_SE_001	3589	22810	51	0	13440	8.69	16.2	12.84	4.97	11700	15.61	28.51	12.91	4.97	12734	11.02	20.78	12.73	4.97	11603	16.50	29.83	12.85	4.99	12821	10.56	19.9	12.79	4.91	10618	26.01	41.0	12.8	4.97															2020-07-08 07:30:00
08.07.2020	07:36:00	RO_SE_001	3589	22811	51	0	13440	8.69	16.2	12.85	4.97	11700	15.61	28.51	12.94	4.97	12721	11.07	20.87	12.69	4.97	11603	16.50	29.83	12.87	4.99	12820	10.56	19.91	12.77	4.89	10618	26.01	41.0	12.84	4.99															2020-07-08 07:36:00
08.07.2020	08:38:00	RO_SE_001	3535	22812	0	0	13363	8.90	16.64	12.79	4.97	11700	15.61	28.51	12.89	4.97	12517	11.87	22.32	12.66	4.97	11604	16.49	29.82	12.88	4.99	12809	10.60	19.99	12.74	4.89	10618	26.01	41.0	12.85	4.99															2020-07-08 08:38:00
08.07.2020	08:48:00	RO_SE_001	3581	22813	48	0	13354	8.93	16.7	12.81	4.97	11700	15.61	28.51	12.88	4.97	12508	11.90	22.39	12.6	4.97	11604	16.49	29.82	12.84	4.99	12809	10.60	19.99	12.73	4.89	10618	26.01	41.0	12.81	4.97															2020-07-08 08:48:00
08.07.2020	08:54:00	RO_SE_001	3585	22814	48	0	13349	8.94	16.73	12.8	4.97	11700	15.61	28.51	12.89	4.97	12503	11.92	22.43	12.64	4.97	11605	16.48	29.81	12.86	4.99	12809	10.60	19.99	12.76	4.89	10618	26.01	41.0	12.82	4.97															2020-07-08 08:54:00
08.07.2020	09:00:00	RO_SE_001	3588	22815	48	0	13345	8.96	16.75	12.8	4.97	11700	15.61	28.51	12.89	4.97	12500	11.94	22.45	12.63	4.97	11605	16.48	29.81	12.86	4.99	12809	10.60	19.99	12.74	4.91	10618	26.01	41.0	12.78	4.99															2020-07-08 09:00:00
08.07.2020	09:06:00	RO_SE_001	3588	22816	48	0	13341	8.97	16.77	12.8	4.97	11700	15.61	28.51	12.84	4.97	12496	11.95	22.48	12.66	4.97	11605	16.48	29.81	12.85	4.99	12809	10.60	19.99	12.74	4.89	10618	26.01	41.0	12.8	4.99															2020-07-08 09:06:00
08.07.2020	09:12:00	RO_SE_001	3545	22817	0	0	13335	8.98	16.81	12.78	4.97	11700	15.61	28.51	12.87	4.97	12493	11.96	22.5	12.64	4.97	11605	16.48	29.81	12.84	4.99	12809	10.60	19.99	12.73	4.89	10618	26.01	41.0	12.79	4.97															2020-07-08 09:12:00
08.07.2020	09:18:00	RO_SE_001	3578	22818	0	0	13332	8.99	16.83	12.76	4.97	11700	15.61	28.51	12.89	4.97	12490	11.98	22.52	12.64	4.97	11605	16.48	29.81	12.83	4.99	12809	10.60	19.99	12.7	4.89	10618	26.01	41.0	12.82	4.97															2020-07-08 09:18:00
08.07.2020	09:24:00	RO_SE_001	3582	22819	0	0	13330	9.00	16.84	12.77	4.97	11700	15.61	28.51	12.85	4.97	12488	11.98	22.54	12.64	4.97	11605	16.48	29.81	12.85	4.99	12802	10.63	20.03	12.72	4.89	10619	25.99	40.99	12.79	4.97															2020-07-08 09:24:00
08.07.2020	09:30:00	RO_SE_001	3584	22820	0	0	13328	9.01	16.85	12.78	4.97	11700	15.61	28.51	12.86	4.97	12485	12.00	22.56	12.63	4.97	11605	16.48	29.81	12.84	4.99	12801	10.63	20.04	12.74	4.91	10619	25.99	40.99	12.82	4.97															2020-07-08 09:30:00
08.07.2020	09:36:00	RO_SE_001	3583	22821	63	0	13324	9.02	16.87	12.77	4.97	11700	15.61	28.51	12.85	4.97	12482	12.01	22.58	12.66	4.97	11605	16.48	29.81	12.84	4.99	12800	10.63	20.05	12.7	4.89	10619	25.99	40.99	12.77	4.99															2020-07-08 09:36:00
08.07.2020	09:42:00	RO_SE_001	3586	22822	63	0	13321	9.03	16.89	12.77	4.97	11700	15.61	28.51	12.87	4.97	12481	12.01	22.59	12.64	4.97	11605	16.48	29.81	12.82	4.99	12799	10.64	20.05	12.7	4.91	10619	25.99	40.99	12.84	4.99															2020-07-08 09:42:00
08.07.2020	09:54:00	RO_SE_001	3588	22824	84	0	13321	9.03	16.89	12.79	4.97	11701	15.60	28.5	12.84	4.97	12477	12.03	22.62	12.65	4.97	11605	16.48	29.81	12.82	4.99	12798	10.64	20.06	12.7	4.89	10619	25.99	40.99	12.8	4.99															2020-07-08 09:54:00
08.07.2020	10:00:00	RO_SE_001	3588	22825	69	0	13321	9.03	16.89	12.8	4.97	11700	15.61	28.51	12.86	4.97	12476	12.03	22.62	12.67	4.99	11605	16.48	29.81	12.84	4.99	12797	10.64	20.07	12.7	4.91	10619	25.99	40.99	12.79	4.99															2020-07-08 10:00:00
08.07.2020	10:06:00	RO_SE_001	3589	22826	69	0	13321	9.03	16.89	12.82	4.97	11700	15.61	28.51	12.82	4.97	12474	12.04	22.64	12.65	4.97	11605	16.48	29.81	12.83	4.99	12795	10.65	20.08	12.72	4.89	10619	25.99	40.99	12.83	4.97															2020-07-08 10:06:00
08.07.2020	10:12:00	RO_SE_001	3588	22827	93	0	13321	9.03	16.89	12.8	4.97	11701	15.60	28.5	12.88	4.97	12474	12.04	22.64	12.66	4.97	11606	16.48	29.8	12.81	4.99	12794	10.65	20.09	12.74	4.89	10619	25.99	40.99	12.79	4.99															2020-07-08 10:12:00
08.07.2020	10:18:00	RO_SE_001	3590	22828	75	0	13322	9.02	16.88	12.8	4.97	11701	15.60	28.5	12.84	4.97	12472	12.05	22.65	12.68	4.97	11605	16.48	29.81	12.81	4.99	12793	10.66	20.09	12.74	4.89	10619	25.99	40.99	12.77	4.99															2020-07-08 10:18:00
08.07.2020	10:24:00	RO_SE_001	3589	22829	75	0	13325	9.01	16.87	12.84	4.97	11701	15.60	28.5	12.84	4.97	12471	12.06	22.66	12.68	4.97	11605	16.48	29.81	12.8	4.99	12793	10.66	20.09	12.7	4.89	10619	25.99	40.99	12.78	4.99															2020-07-08 10:24:00
08.07.2020	10:30:00	RO_SE_001	3590	22830	75	0	13328	9.01	16.85	12.84	4.97	11701	15.60	28.5	12.84	4.97	12469	12.06	22.68	12.73	4.97	11605	16.48	29.81	12.79	4.99	12792	10.66	20.1	12.73	4.91	10619	25.99	40.99	12.82	4.97															2020-07-08 10:30:00
08.07.2020	10:36:00	RO_SE_001	3589	22831	75	0	13331	9.00	16.83	12.82	4.97	11701	15.60	28.5	12.84	4.97	12468	12.07	22.68	12.73	4.97	11605	16.48	29.81	12.81	4.99	12791	10.66	20.11	12.75	4.89	10620	25.98	40.98	12.79	4.99															2020-07-08 10:36:00
08.07.2020	10:42:00	RO_SE_001	3590	22832	75	0	13335	8.98	16.81	12.82	4.97	11701	15.60	28.5	12.83	4.97	12467	12.07	22.69	12.68	4.97	11605	16.48	29.81	12.81	4.99	12790	10.67	20.11	12.75	4.89	10620	25.98	40.98	12.78	4.97															2020-07-08 10:42:00
08.07.2020	10:48:00	RO_SE_001	3583	22833	75	0	13336	8.98	16.8	12.8	4.97	11701	15.60	28.5	12.85	4.97	12466	12.08	22.7	12.7	4.97	11606	16.48	29.8	12.82	4.99	12789	10.67	20.12	12.71	4.89	10620	25.98	40.98	12.77	4.97															2020-07-08 10:48:00
08.07.2020	11:00:00	RO_SE_001	3588	22835	60	0	13342	8.96	16.77	12.85	4.97	11701	15.60	28.5	12.85	4.97	12463	12.09	22.72	12.73	4.97	11606	16.48	29.8	12.78	4.99	12787	10.68	20.13	12.74	4.89	10620	25.98	40.98	12.79	4.97															2020-07-08 11:00:00
08.07.2020	11:06:00	RO_SE_001	3588	22836	60	0	13345	8.96	16.75	12.88	4.97	11701	15.60	28.5	12.83	4.97	12462	12.09	22.73	12.77	4.97	11606	16.48	29.8	12.77	4.99	12786	10.68	20.14	12.74	4.91	10620	25.98	40.98	12.77	4.97															2020-07-08 11:06:00
08.07.2020	11:12:00	RO_SE_001	3589	22837	60	0	13348	8.95	16.73	12.84	4.97	11701	15.60	28.5	12.81	4.97	12460	12.10	22.74	12.75	4.97	11606	16.48	29.8	12.78	4.99	12786	10.68	20.14	12.77	4.91	10620	25.98	40.98	12.75	4.97															2020-07-08 11:12:00
08.07.2020	11:18:00	RO_SE_001	3588	22838	84	0	13349	8.94	16.73	12.86	4.97	11701	15.60	28.5	12.82	4.97	12460	12.10	22.74	12.8	4.97	11606	16.48	29.8	12.8	4.99	12784	10.69	20.16	12.77	4.89	10620	25.98	40.98	12.77	4.99															2020-07-08 11:18:00
08.07.2020	11:24:00	RO_SE_001	3589	22839	84	0	13351	8.94	16.71	12.88	4.97	11701	15.60	28.5	12.83	4.97	12459	12.11	22.75	12.77	4.97	11606	16.48	29.8	12.78	4.99	12783	10.69	20.16	12.78	4.91	10620	25.98	40.98	12.77	4.99															2020-07-08 11:24:00
08.07.2020	11:30:00	RO_SE_001	3590	22840	93	0	13353	8.93	16.7	12.88	4.97	11701	15.60	28.5	12.8	4.97	12457	12.11	22.77	12.77	4.97	11606	16.48	29.8	12.8	5.02	12782	10.70	20.17	12.77	4.89	10620	25.98	40.98	12.76	4.97															2020-07-08 11:30:00
08.07.2020	11:36:00	RO_SE_001	3592	22841	90	0	13355	8.93	16.69	12.87	4.97	11701	15.60	28.5	12.81	4.97	12456	12.12	22.77	12.78	4.97	11606	16.48	29.8	12.78	4.99	12781	10.70	20.18	12.8	4.89	10620	25.98	40.98	12.76	4.99															2020-07-08 11:36:00
08.07.2020	11:42:00	RO_SE_001	3592	22842	87	0	13356	8.92	16.68	12.86	4.97	11701	15.60	28.5	12.8	4.97	12455	12.12	22.78	12.86	4.97	11607	16.47	29.8	12.78	4.99	12780	10.70	20.18	12.77	4.89	10620	25.98	40.98	12.76	4.97															2020-07-08 11:42:00
08.07.2020	11:48:00	RO_SE_001	3592	22843	87	0	13358	8.92	16.67	12.88	4.97	11701	15.60	28.5	12.8	4.97	12454	12.13	22.79	12.75	4.97	11607	16.47	29.8	12.82	4.99	12779	10.71	20.19	12.77	4.89	10620	25.98	40.98	12.74	4.99															2020-07-08 11:48:00
08.07.2020	11:54:00	RO_SE_001	3593	22844	96	0	13359	8.92	16.67	12.88	4.97	11701	15.60	28.5	12.82	4.97	12453	12.13	22.8	12.82	4.97	11607	16.47	29.8	12.79	4.99	12779	10.71	20.19	12.77	4.89	10621	25.97	40.97	12.78	4.97															2020-07-08 11:54:00
08.07.2020	12:00:00	RO_SE_001	3593	22845	93	0	13361	8.91	16.66	12.89	4.97	11701	15.60	28.5	12.8	4.97	12452	12.13	22.8	12.84	4.97	11606	16.48	29.8	12.78	4.99	12778	10.71	20.2	12.79	4.89	10620	25.98	40.98	12.72	4.99															2020-07-08 12:00:00
08.07.2020	12:06:00	RO_SE_001	3593	22846	84	0	13362	8.91	16.65	12.91	4.97	11701	15.60	28.5	12.84	4.97	12451	12.14	22.81	12.86	4.97	11607	16.47	29.8	12.79	4.99	12777	10.72	20.2	12.79	4.89	10620	25.98	40.98	12.79	4.97															2020-07-08 12:06:00
08.07.2020	12:12:00	RO_SE_001	3593	22847	84	0	13363	8.90	16.64	12.91	4.97	11701	15.60	28.5	12.84	4.97	12450	12.14	22.82	12.84	4.97	11607	16.47	29.8	12.79	4.99	12776	10.72	20.21	12.8	4.89	10620	25.98	40.98	12.73	4.99															2020-07-08 12:12:00
08.07.2020	12:18:00	RO_SE_001	3592	22848	90	0	13363	8.90	16.64	12.89	4.97	11701	15.60	28.5	12.8	4.97	12449	12.15	22.83	12.87	4.97	11607	16.47	29.8	12.76	4.99	12775	10.72	20.22	12.8	4.89	10620	25.98	40.98	12.73	4.99															2020-07-08 12:18:00
08.07.2020	12:24:00	RO_SE_001	3591	22849	93	0	13364	8.90	16.64	12.91	4.97	11701	15.60	28.5	12.83	4.97	12447	12.16	22.84	12.86	4.97	11607	16.47	29.8	12.8	4.99	12773	10.73	20.23	12.78	4.89	10621	25.97	40.97	12.74	4.99															2020-07-08 12:24:00
08.07.2020	12:30:00	RO_SE_001	3592	22850	78	0	13365	8.90	16.63	12.91	4.97	11701	15.60	28.5	12.83	4.97	12447	12.16	22.84	12.88	4.97	11607	16.47	29.8	12.77	4.99	12772	10.73	20.24	12.8	4.89	10621	25.97	40.97	12.75	4.99															2020-07-08 12:30:00
08.07.2020	12:36:00	RO_SE_001	3593	22851	75	0	13367	8.89	16.62	12.95	4.97	11701	15.60	28.5	12.84	4.97	12446	12.16	22.85	12.87	4.97	11607	16.47	29.8	12.77	4.99	12771	10.74	20.24	12.8	4.91	10621	25.97	40.97	12.77	4.97															2020-07-08 12:36:00
08.07.2020	12:42:00	RO_SE_001	3593	22852	84	0	13368	8.89	16.61	12.9	4.97	11702	15.59	28.49	12.8	4.97	12445	12.16	22.86	12.92	4.97	11607	16.47	29.8	12.78	4.99	12771	10.74	20.24	12.81	4.91	10621	25.97	40.97	12.74	4.99															2020-07-08 12:42:00
08.07.2020	12:48:00	RO_SE_001	3592	22853	84	0	13369	8.89	16.61	12.95	4.97	11702	15.59	28.49	12.8	4.97	12444	12.17	22.86	12.89	4.97	11607	16.47	29.8	12.79	4.99	12770	10.74	20.25	12.82	4.89	10621	25.97	40.97	12.73	4.99															2020-07-08 12:48:00
08.07.2020	12:54:00	RO_SE_001	3592	22854	84	0	13369	8.89	16.61	12.95	4.97	11702	15.59	28.49	12.78	4.97	12443	12.17	22.87	12.91	4.97	11608	16.46	29.79	12.77	4.99	12769	10.74	20.26	12.83	4.91	10621	25.97	40.97	12.74	4.99															2020-07-08 12:54:00
08.07.2020	13:00:00	RO_SE_001	3592	22855	84	0	13370	8.88	16.6	12.95	4.97	11702	15.59	28.49	12.78	4.97	12442	12.18	22.88	12.92	4.97	11608	16.46	29.79	12.75	4.99	12768	10.75	20.26	12.79	4.91	10621	25.97	40.97	12.73	4.99															2020-07-08 13:00:00
08.07.2020	13:06:00	RO_SE_001	3591	22856	84	0	13371	8.88	16.6	12.96	4.97	11702	15.59	28.49	12.78	4.97	12441	12.18	22.88	12.94	4.97	11608	16.46	29.79	12.77	4.99	12767	10.75	20.27	12.81	4.89	10621	25.97	40.97	12.74	4.97															2020-07-08 13:06:00
08.07.2020	13:12:00	RO_SE_001	3591	22857	78	0	13371	8.88	16.6	12.91	4.97	11702	15.59	28.49	12.8	4.97	12440	12.19	22.89	12.92	4.97	11608	16.46	29.79	12.74	4.99	12766	10.76	20.28	12.85	4.91	10621	25.97	40.97	12.73	4.97															2020-07-08 13:12:00
08.07.2020	13:18:00	RO_SE_001	3588	22858	78	0	13372	8.88	16.59	12.98	4.97	11702	15.59	28.49	12.8	4.97	12439	12.19	22.9	12.93	4.97	11608	16.46	29.79	12.77	4.99	12765	10.76	20.29	12.86	4.89	10621	25.97	40.97	12.73	4.99															2020-07-08 13:18:00
08.07.2020	13:24:00	RO_SE_001	3585	22859	78	0	13373	8.88	16.59	13.0	4.97	11703	15.59	28.48	12.79	4.97	12439	12.19	22.9	12.92	4.97	11608	16.46	29.79	12.75	4.99	12765	10.76	20.29	12.86	4.89	10621	25.97	40.97	12.73	4.97															2020-07-08 13:24:00
08.07.2020	13:30:00	RO_SE_001	3588	22860	75	0	13373	8.88	16.59	13.01	4.97	11702	15.59	28.49	12.79	4.97	12438	12.19	22.91	12.95	4.97	11608	16.46	29.79	12.75	4.99	12764	10.76	20.29	12.84	4.89	10620	25.98	40.98	12.73	4.99															2020-07-08 13:30:00
08.07.2020	13:36:00	RO_SE_001	3589	22861	72	0	13374	8.87	16.58	12.99	4.97	11702	15.59	28.49	12.77	4.97	12437	12.20	22.91	12.94	4.97	11609	16.46	29.78	12.76	5.02	12763	10.77	20.3	12.87	4.89	10621	25.97	40.97	12.72	4.99															2020-07-08 13:36:00
08.07.2020	13:42:00	RO_SE_001	3590	22862	60	0	13375	8.87	16.57	13.0	4.97	11703	15.59	28.48	12.79	4.97	12436	12.20	22.92	12.98	4.97	11609	16.46	29.78	12.73	4.99	12762	10.77	20.31	12.89	4.89	10621	25.97	40.97	12.74	4.97															2020-07-08 13:42:00
08.07.2020	13:48:00	RO_SE_001	3591	22863	60	0	13376	8.87	16.57	13.03	4.97	11703	15.59	28.48	12.8	4.97	12435	12.21	22.93	13.0	4.97	11609	16.46	29.78	12.73	4.99	12761	10.77	20.31	12.88	4.91	10621	25.97	40.97	12.7	4.99															2020-07-08 13:48:00
08.07.2020	13:54:00	RO_SE_001	3592	22864	60	0	13376	8.87	16.57	13.04	4.97	11703	15.59	28.48	12.8	4.97	12434	12.21	22.94	12.99	4.97	11609	16.46	29.78	12.73	4.99	12760	10.78	20.32	12.88	4.89	10622	25.95	40.95	12.74	4.99															2020-07-08 13:54:00
08.07.2020	14:00:00	RO_SE_001	3592	22865	66	0	13377	8.86	16.56	13.02	4.97	11703	15.59	28.48	12.82	4.97	12434	12.21	22.94	12.97	4.97	11609	16.46	29.78	12.76	4.99	12759	10.78	20.33	12.88	4.89	10622	25.95	40.95	12.72	4.97															2020-07-08 14:00:00
08.07.2020	14:06:00	RO_SE_001	3588	22866	72	0	13378	8.86	16.56	13.04	4.97	11703	15.59	28.48	12.8	4.97	12433	12.21	22.94	13.02	4.97	11609	16.46	29.78	12.75	4.99	12758	10.78	20.33	12.9	4.89	10622	25.95	40.95	12.7	4.97															2020-07-08 14:06:00
08.07.2020	14:12:00	RO_SE_001	3588	22867	78	0	13378	8.86	16.56	13.05	4.97	11703	15.59	28.48	12.8	4.97	12432	12.22	22.95	13.04	4.97	11609	16.46	29.78	12.73	4.99	12758	10.78	20.33	12.94	4.89	10621	25.97	40.97	12.73	4.97															2020-07-08 14:12:00
08.07.2020	14:18:00	RO_SE_001	3590	22868	78	0	13379	8.86	16.55	13.09	4.97	11703	15.59	28.48	12.8	4.97	12432	12.22	22.95	13.02	4.97	11609	16.46	29.78	12.8	4.99	12757	10.79	20.34	12.94	4.89	10621	25.97	40.97	12.73	4.97															2020-07-08 14:18:00
08.07.2020	14:24:00	RO_SE_001	3589	22869	78	0	13380	8.86	16.54	13.11	4.97	11703	15.59	28.48	12.78	4.97	12432	12.22	22.95	13.03	4.97	11609	16.46	29.78	12.78	4.99	12756	10.79	20.35	12.92	4.91	10621	25.97	40.97	12.74	4.97															2020-07-08 14:24:00
08.07.2020	14:30:00	RO_SE_001	3591	22870	81	0	13380	8.86	16.54	13.1	4.97	11703	15.59	28.48	12.76	4.97	12431	12.22	22.96	13.02	4.97	11610	16.45	29.77	12.73	4.99	12755	10.80	20.35	12.93	4.89	10622	25.95	40.95	12.73	4.97															2020-07-08 14:30:00
08.07.2020	14:36:00	RO_SE_001	3592	22871	90	0	13381	8.85	16.54	13.11	4.97	11703	15.59	28.48	12.78	4.97	12431	12.22	22.96	13.05	4.97	11610	16.45	29.77	12.77	4.99	12754	10.80	20.36	12.95	4.91	10621	25.97	40.97	12.73	4.99															2020-07-08 14:36:00
08.07.2020	14:42:00	RO_SE_001	3592	22872	90	0	13381	8.85	16.54	13.12	4.97	11703	15.59	28.48	12.8	4.97	12430	12.23	22.97	13.1	4.97	11610	16.45	29.77	12.77	4.99	12753	10.80	20.37	12.96	4.91	10621	25.97	40.97	12.74	4.97															2020-07-08 14:42:00
08.07.2020	14:48:00	RO_SE_001	3592	22873	84	0	13382	8.85	16.53	13.13	4.97	11703	15.59	28.48	12.75	4.97	12429	12.23	22.97	13.07	4.97	11610	16.45	29.77	12.74	4.99	12752	10.81	20.37	12.96	4.91	10621	25.97	40.97	12.73	4.97															2020-07-08 14:48:00
08.07.2020	14:54:00	RO_SE_001	3591	22874	78	0	13383	8.85	16.53	13.13	4.97	11704	15.58	28.47	12.77	4.97	12429	12.23	22.97	13.07	4.97	11610	16.45	29.77	12.7	4.99	12751	10.81	20.38	12.98	4.91	10621	25.97	40.97	12.71	4.97															2020-07-08 14:54:00
08.07.2020	15:00:00	RO_SE_001	3592	22875	81	0	13384	8.84	16.52	13.1	4.97	11704	15.58	28.47	12.77	4.97	12429	12.23	22.97	13.07	4.97	11610	16.45	29.77	12.72	4.99	12751	10.81	20.38	12.99	4.89	10622	25.95	40.95	12.71	4.99															2020-07-08 15:00:00
08.07.2020	15:06:00	RO_SE_001	3592	22876	81	0	13383	8.85	16.53	13.17	4.97	11704	15.58	28.47	12.76	4.97	12428	12.24	22.98	13.02	4.97	11611	16.44	29.76	12.77	4.99	12750	10.81	20.39	12.96	4.91	10621	25.97	40.97	12.66	4.99															2020-07-08 15:06:00
08.07.2020	15:12:00	RO_SE_001	3591	22877	99	0	13384	8.84	16.52	13.14	4.97	11704	15.58	28.47	12.8	4.97	12428	12.24	22.98	13.05	4.97	11611	16.44	29.76	12.76	4.99	12750	10.81	20.39	13.0	4.89	10621	25.97	40.97	12.71	4.97															2020-07-08 15:12:00
08.07.2020	15:18:00	RO_SE_001	3592	22878	84	0	13385	8.84	16.52	13.18	4.97	11704	15.58	28.47	12.78	4.97	12428	12.24	22.98	13.07	4.97	11611	16.44	29.76	12.73	4.99	12749	10.82	20.4	12.97	4.91	10621	25.97	40.97	12.7	4.99															2020-07-08 15:18:00
08.07.2020	15:24:00	RO_SE_001	3592	22879	84	0	13385	8.84	16.52	13.16	4.97	11704	15.58	28.47	12.76	4.97	12427	12.24	22.99	13.1	4.97	11611	16.44	29.76	12.71	4.99	12747	10.82	20.41	12.98	4.89	10621	25.97	40.97	12.7	4.99															2020-07-08 15:24:00
08.07.2020	15:30:00	RO_SE_001	3591	22880	84	0	13386	8.84	16.51	13.15	4.97	11705	15.58	28.46	12.78	4.97	12427	12.24	22.99	13.1	4.97	11611	16.44	29.76	12.71	4.99	12747	10.82	20.41	12.98	4.89	10622	25.95	40.95	12.72	4.99															2020-07-08 15:30:00
08.07.2020	15:36:00	RO_SE_001	3590	22881	84	0	13386	8.84	16.51	13.18	4.97	11705	15.58	28.46	12.79	4.97	12427	12.24	22.99	13.07	4.97	11612	16.44	29.75	12.73	4.99	12746	10.83	20.42	13.03	4.91	10621	25.97	40.97	12.71	4.99															2020-07-08 15:36:00
08.07.2020	15:42:00	RO_SE_001	3590	22882	84	0	13387	8.84	16.5	13.17	4.97	11705	15.58	28.46	12.71	4.97	12427	12.24	22.99	13.12	4.97	11612	16.44	29.75	12.74	4.99	12745	10.83	20.42	13.0	4.89	10621	25.97	40.97	12.7	4.99															2020-07-08 15:42:00
08.07.2020	15:48:00	RO_SE_001	3589	22883	102	0	13387	8.84	16.5	13.17	4.97	11705	15.58	28.46	12.79	4.97	12427	12.24	22.99	13.09	4.97	11612	16.44	29.75	12.74	5.02	12744	10.84	20.43	13.02	4.91	10621	25.97	40.97	12.69	4.99															2020-07-08 15:48:00
08.07.2020	15:54:00	RO_SE_001	3591	22884	102	0	13388	8.83	16.5	13.18	4.97	11705	15.58	28.46	12.77	4.97	12426	12.24	23.0	13.12	4.97	11612	16.44	29.75	12.71	5.02	12744	10.84	20.43	13.03	4.91	10622	25.95	40.95	12.71	4.99															2020-07-08 15:54:00
08.07.2020	16:00:00	RO_SE_001	3588	22885	135	0	13389	8.83	16.49	13.21	4.97	11705	15.58	28.46	12.77	4.97	12426	12.24	23.0	13.1	4.97	11613	16.43	29.74	12.73	4.99	12743	10.84	20.44	13.02	4.89	10622	25.95	40.95	12.67	4.99															2020-07-08 16:00:00
08.07.2020	16:06:00	RO_SE_001	3588	22886	93	0	13389	8.83	16.49	13.2	4.97	11705	15.58	28.46	12.73	4.97	12426	12.24	23.0	13.13	4.97	11613	16.43	29.74	12.74	4.99	12742	10.84	20.44	13.04	4.91	10622	25.95	40.95	12.7	4.99															2020-07-08 16:06:00
08.07.2020	16:12:00	RO_SE_001	3589	22887	93	0	13389	8.83	16.49	13.19	4.97	11706	15.57	28.45	12.78	4.97	12426	12.24	23.0	13.17	4.97	11613	16.43	29.74	12.74	4.99	12741	10.85	20.45	13.03	4.91	10622	25.95	40.95	12.68	4.99															2020-07-08 16:12:00
08.07.2020	16:18:00	RO_SE_001	3589	22888	99	0	13390	8.83	16.49	13.2	4.97	11706	15.57	28.45	12.73	4.97	12426	12.24	23.0	13.14	4.97	11612	16.44	29.75	12.73	5.02	12741	10.85	20.45	13.05	4.91	10622	25.95	40.95	12.7	4.99															2020-07-08 16:18:00
08.07.2020	16:24:00	RO_SE_001	3587	22889	87	0	13390	8.83	16.49	13.2	4.97	11706	15.57	28.45	12.78	4.97	12426	12.24	23.0	13.16	4.99	11612	16.44	29.75	12.74	4.99	12740	10.85	20.46	13.03	4.89	10622	25.95	40.95	12.71	4.99															2020-07-08 16:24:00
08.07.2020	16:30:00	RO_SE_001	3588	22890	84	0	13390	8.83	16.49	13.23	4.97	11706	15.57	28.45	12.77	4.97	12426	12.24	23.0	13.16	4.97	11612	16.44	29.75	12.72	4.99	12739	10.85	20.46	13.07	4.91	10622	25.95	40.95	12.7	4.97															2020-07-08 16:30:00
08.07.2020	16:36:00	RO_SE_001	3589	22891	87	0	13390	8.83	16.49	13.22	4.97	11706	15.57	28.45	12.77	4.97	12426	12.24	23.0	13.16	4.97	11613	16.43	29.74	12.7	4.99	12738	10.86	20.47	13.06	4.89	10622	25.95	40.95	12.68	4.99															2020-07-08 16:36:00
08.07.2020	16:42:00	RO_SE_001	3587	22892	84	0	13391	8.83	16.48	13.23	4.97	11706	15.57	28.45	12.76	4.97	12426	12.24	23.0	13.16	4.97	11613	16.43	29.74	12.74	4.99	12738	10.86	20.47	13.07	4.89	10622	25.95	40.95	12.72	4.99															2020-07-08 16:42:00
08.07.2020	16:48:00	RO_SE_001	3586	22893	96	0	13391	8.83	16.48	13.25	4.97	11706	15.57	28.45	12.73	4.97	12426	12.24	23.0	13.14	4.97	11613	16.43	29.74	12.73	4.99	12737	10.86	20.48	13.06	4.91	10622	25.95	40.95	12.71	4.97															2020-07-08 16:48:00
08.07.2020	16:54:00	RO_SE_001	3588	22894	96	0	13392	8.82	16.48	13.24	4.97	11706	15.57	28.45	12.81	4.97	12426	12.24	23.0	13.2	4.97	11613	16.43	29.74	12.74	4.99	12736	10.87	20.48	13.09	4.89	10622	25.95	40.95	12.7	4.99															2020-07-08 16:54:00
08.07.2020	17:00:00	RO_SE_001	3589	22895	96	0	13392	8.82	16.48	13.23	4.97	11706	15.57	28.45	12.76	4.97	12426	12.24	23.0	13.17	4.97	11613	16.43	29.74	12.71	4.99	12736	10.87	20.48	13.12	4.89	10622	25.95	40.95	12.7	4.97															2020-07-08 17:00:00
08.07.2020	17:06:00	RO_SE_001	3591	22896	96	0	13392	8.82	16.48	13.26	4.97	11706	15.57	28.45	12.77	4.97	12426	12.24	23.0	13.18	4.97	11613	16.43	29.74	12.73	4.99	12736	10.87	20.48	13.1	4.91	10622	25.95	40.95	12.69	4.97															2020-07-08 17:06:00
08.07.2020	17:12:00	RO_SE_001	3589	22897	132	0	13393	8.82	16.47	13.23	4.97	11707	15.56	28.44	12.74	4.97	12426	12.24	23.0	13.14	4.97	11614	16.43	29.73	12.75	5.02	12735	10.87	20.49	13.05	4.89	10622	25.95	40.95	12.72	4.97															2020-07-08 17:12:00
08.07.2020	17:18:00	RO_SE_001	3591	22898	93	0	13393	8.82	16.47	13.27	4.97	11707	15.56	28.44	12.76	4.97	12426	12.24	23.0	13.2	4.97	11614	16.43	29.73	12.71	4.99	12734	10.87	20.5	13.08	4.89	10622	25.95	40.95	12.7	4.97															2020-07-08 17:18:00
08.07.2020	17:24:00	RO_SE_001	3591	22899	93	0	13394	8.82	16.46	13.25	4.97	11707	15.56	28.44	12.77	4.97	12426	12.24	23.0	13.19	4.97	11614	16.43	29.73	12.7	4.99	12734	10.87	20.5	13.08	4.91	10622	25.95	40.95	12.72	4.97															2020-07-08 17:24:00
08.07.2020	17:30:00	RO_SE_001	3591	22900	93	0	13394	8.82	16.46	13.3	4.97	11707	15.56	28.44	12.77	4.97	12427	12.24	22.99	13.19	4.97	11614	16.43	29.73	12.73	4.99	12733	10.88	20.51	13.09	4.89	10622	25.95	40.95	12.7	4.99															2020-07-08 17:30:00
08.07.2020	17:36:00	RO_SE_001	3592	22901	93	0	13395	8.81	16.46	13.27	4.97	11706	15.57	28.45	12.72	4.97	12426	12.24	23.0	13.2	4.97	11614	16.43	29.73	12.73	4.99	12732	10.88	20.51	13.1	4.89	10622	25.95	40.95	12.66	4.99															2020-07-08 17:36:00
08.07.2020	17:42:00	RO_SE_001	3592	22902	96	0	13395	8.81	16.46	13.27	4.97	11707	15.56	28.44	12.76	4.97	12426	12.24	23.0	13.21	4.97	11614	16.43	29.73	12.71	4.99	12732	10.88	20.51	13.1	4.89	10623	25.94	40.94	12.73	4.97															2020-07-08 17:42:00
08.07.2020	17:48:00	RO_SE_001	3592	22903	99	0	13395	8.81	16.46	13.24	4.97	11707	15.56	28.44	12.78	4.97	12426	12.24	23.0	13.2	4.97	11615	16.42	29.72	12.71	4.99	12731	10.88	20.52	13.13	4.91	10623	25.94	40.94	12.69	4.97															2020-07-08 17:48:00
08.07.2020	17:54:00	RO_SE_001	3592	22904	99	0	13396	8.81	16.45	13.24	4.97	11707	15.56	28.44	12.78	4.97	12426	12.24	23.0	13.19	4.97	11615	16.42	29.72	12.72	4.99	12730	10.89	20.53	13.1	4.91	10623	25.94	40.94	12.7	4.99															2020-07-08 17:54:00
08.07.2020	18:00:00	RO_SE_001	3592	22905	99	0	13396	8.81	16.45	13.29	4.97	11707	15.56	28.44	12.76	4.97	12427	12.24	22.99	13.16	4.97	11615	16.42	29.72	12.72	4.99	12730	10.89	20.53	13.08	4.91	10623	25.94	40.94	12.68	4.99															2020-07-08 18:00:00
08.07.2020	18:06:00	RO_SE_001	3593	22906	99	0	13396	8.81	16.45	13.27	4.97	11707	15.56	28.44	12.75	4.97	12427	12.24	22.99	13.18	4.97	11616	16.41	29.71	12.72	4.99	12730	10.89	20.53	13.14	4.91	10623	25.94	40.94	12.7	4.97															2020-07-08 18:06:00
08.07.2020	18:12:00	RO_SE_001	3592	22907	87	0	13396	8.81	16.45	13.3	4.97	11707	15.56	28.44	12.77	4.97	12427	12.24	22.99	13.2	4.97	11616	16.41	29.71	12.7	5.02	12730	10.89	20.53	13.1	4.89	10623	25.94	40.94	12.7	4.97															2020-07-08 18:12:00
08.07.2020	18:18:00	RO_SE_001	3592	22908	111	0	13397	8.81	16.45	13.27	4.97	11707	15.56	28.44	12.79	4.97	12427	12.24	22.99	13.19	4.97	11616	16.41	29.71	12.73	4.99	12729	10.89	20.53	13.13	4.89	10623	25.94	40.94	12.69	4.97															2020-07-08 18:18:00
08.07.2020	18:24:00	RO_SE_001	3592	22909	126	0	13397	8.81	16.45	13.26	4.97	11707	15.56	28.44	12.76	4.97	12427	12.24	22.99	13.2	4.97	11616	16.41	29.71	12.71	4.99	12728	10.89	20.54	13.12	4.91	10623	25.94	40.94	12.7	4.97															2020-07-08 18:24:00
08.07.2020	18:30:00	RO_SE_001	3592	22910	123	0	13396	8.81	16.45	13.27	4.97	11707	15.56	28.44	12.77	4.97	12428	12.24	22.98	13.23	4.97	11616	16.41	29.71	12.71	5.02	12727	10.90	20.55	13.11	4.91	10623	25.94	40.94	12.69	4.99															2020-07-08 18:30:00
08.07.2020	18:36:00	RO_SE_001	3592	22911	123	0	13396	8.81	16.45	13.3	4.97	11707	15.56	28.44	12.75	4.97	12428	12.24	22.98	13.23	4.97	11616	16.41	29.71	12.73	4.99	12727	10.90	20.55	13.13	4.91	10623	25.94	40.94	12.7	4.99															2020-07-08 18:36:00
08.07.2020	18:42:00	RO_SE_001	3592	22912	123	0	13398	8.81	16.44	13.3	4.97	11707	15.56	28.44	12.76	4.97	12428	12.24	22.98	13.21	4.97	11616	16.41	29.71	12.74	4.99	12726	10.90	20.55	13.12	4.89	10623	25.94	40.94	12.7	4.99															2020-07-08 18:42:00
08.07.2020	18:48:00	RO_SE_001	3592	22913	108	0	13397	8.81	16.45	13.27	4.97	11707	15.56	28.44	12.76	4.97	12428	12.24	22.98	13.22	4.99	11617	16.41	29.7	12.7	4.99	12726	10.90	20.55	13.11	4.91	10623	25.94	40.94	12.66	4.99															2020-07-08 18:48:00
08.07.2020	18:54:00	RO_SE_001	3592	22914	108	0	13398	8.81	16.44	13.3	4.97	11707	15.56	28.44	12.76	4.97	12428	12.24	22.98	13.26	4.97	11617	16.41	29.7	12.72	4.99	12725	10.91	20.56	13.17	4.89	10623	25.94	40.94	12.67	4.97															2020-07-08 18:54:00
08.07.2020	19:00:00	RO_SE_001	3591	22915	108	0	13398	8.81	16.44	13.27	4.97	11707	15.56	28.44	12.79	4.97	12429	12.23	22.97	13.2	4.97	11617	16.41	29.7	12.75	4.99	12724	10.91	20.57	13.13	4.91	10623	25.94	40.94	12.7	4.99															2020-07-08 19:00:00
08.07.2020	19:06:00	RO_SE_001	3591	22916	102	0	13398	8.81	16.44	13.27	4.97	11707	15.56	28.44	12.76	4.97	12429	12.23	22.97	13.2	4.97	11617	16.41	29.7	12.7	5.02	12724	10.91	20.57	13.16	4.89	10623	25.94	40.94	12.7	4.99															2020-07-08 19:06:00
08.07.2020	19:12:00	RO_SE_001	3591	22917	90	0	13399	8.80	16.43	13.29	4.97	11707	15.56	28.44	12.77	4.97	12429	12.23	22.97	13.23	4.99	11617	16.41	29.7	12.73	4.99	12723	10.91	20.57	13.11	4.89	10623	25.94	40.94	12.72	4.99															2020-07-08 19:12:00
08.07.2020	19:18:00	RO_SE_001	3591	22918	90	0	13399	8.80	16.43	13.28	4.97	11707	15.56	28.44	12.75	4.97	12429	12.23	22.97	13.23	4.97	11617	16.41	29.7	12.73	4.99	12723	10.91	20.57	13.13	4.89	10624	25.92	40.93	12.71	4.97															2020-07-08 19:18:00
08.07.2020	19:24:00	RO_SE_001	3591	22919	132	0	13399	8.80	16.43	13.3	4.97	11707	15.56	28.44	12.77	4.97	12430	12.23	22.97	13.18	4.97	11617	16.41	29.7	12.71	4.99	12722	10.92	20.58	13.11	4.89	10624	25.92	40.93	12.69	4.97															2020-07-08 19:24:00
08.07.2020	19:30:00	RO_SE_001	3591	22920	111	0	13400	8.80	16.43	13.3	4.97	11706	15.57	28.45	12.78	4.97	12430	12.23	22.97	13.21	4.97	11618	16.40	29.69	12.73	4.99	12722	10.92	20.58	13.13	4.89	10624	25.92	40.93	12.66	4.97															2020-07-08 19:30:00
08.07.2020	19:36:00	RO_SE_001	3591	22921	111	0	13400	8.80	16.43	13.28	4.97	11707	15.56	28.44	12.77	4.97	12430	12.23	22.97	13.23	4.97	11618	16.40	29.69	12.73	4.99	12722	10.92	20.58	13.11	4.89	10624	25.92	40.93	12.72	4.99															2020-07-08 19:36:00
08.07.2020	19:42:00	RO_SE_001	3548	22922	111	0	13400	8.80	16.43	13.28	4.97	11706	15.57	28.45	12.78	4.97	12430	12.23	22.97	13.19	4.97	11618	16.40	29.69	12.71	4.99	12722	10.92	20.58	13.16	4.89	10624	25.92	40.93	12.72	4.97															2020-07-08 19:42:00
08.07.2020	19:48:00	RO_SE_001	3590	22923	111	0	13401	8.80	16.42	13.28	4.97	11707	15.56	28.44	12.73	4.97	12430	12.23	22.97	13.21	4.97	11618	16.40	29.69	12.71	4.99	12721	10.92	20.59	13.13	4.91	10624	25.92	40.93	12.71	4.97															2020-07-08 19:48:00
08.07.2020	19:54:00	RO_SE_001	3592	22924	111	0	13401	8.80	16.42	13.27	4.97	11707	15.56	28.44	12.75	4.97	12431	12.22	22.96	13.21	4.97	11618	16.40	29.69	12.72	4.99	12720	10.92	20.6	13.13	4.91	10624	25.92	40.93	12.7	4.99															2020-07-08 19:54:00
08.07.2020	20:00:00	RO_SE_001	3592	22925	111	0	13401	8.80	16.42	13.27	4.97	11707	15.56	28.44	12.79	4.97	12431	12.22	22.96	13.22	4.97	11618	16.40	29.69	12.72	4.99	12720	10.92	20.6	13.16	4.91	10624	25.92	40.93	12.73	4.97															2020-07-08 20:00:00
08.07.2020	20:06:00	RO_SE_001	3592	22926	111	0	13402	8.79	16.42	13.27	4.97	11707	15.56	28.44	12.75	4.97	12431	12.22	22.96	13.2	4.97	11618	16.40	29.69	12.73	4.99	12719	10.93	20.6	13.13	4.89	10624	25.92	40.93	12.7	4.97															2020-07-08 20:06:00
08.07.2020	20:12:00	RO_SE_001	3592	22927	111	0	13401	8.80	16.42	13.27	4.97	11706	15.57	28.45	12.77	4.97	12431	12.22	22.96	13.23	4.99	11618	16.40	29.69	12.72	4.99	12718	10.93	20.61	13.14	4.89	10624	25.92	40.93	12.7	4.99															2020-07-08 20:12:00
08.07.2020	20:18:00	RO_SE_001	3592	22928	111	0	13401	8.80	16.42	13.23	4.97	11707	15.56	28.44	12.76	4.97	12431	12.22	22.96	13.2	4.97	11619	16.39	29.68	12.7	4.99	12718	10.93	20.61	13.09	4.91	10624	25.92	40.93	12.7	4.99															2020-07-08 20:18:00
08.07.2020	20:24:00	RO_SE_001	3591	22929	126	0	13401	8.80	16.42	13.27	4.97	11707	15.56	28.44	12.8	4.97	12432	12.22	22.95	13.19	4.97	11619	16.39	29.68	12.77	4.99	12717	10.94	20.62	13.14	4.89	10624	25.92	40.93	12.69	4.99															2020-07-08 20:24:00
08.07.2020	20:30:00	RO_SE_001	3591	22930	126	0	13401	8.80	16.42	13.25	4.97	11707	15.56	28.44	12.77	4.97	12432	12.22	22.95	13.23	4.97	11619	16.39	29.68	12.76	4.99	12717	10.94	20.62	13.13	4.89	10624	25.92	40.93	12.7	4.99															2020-07-08 20:30:00
08.07.2020	20:36:00	RO_SE_001	3591	22931	126	0	13402	8.79	16.42	13.23	4.97	11707	15.56	28.44	12.76	4.97	12431	12.22	22.96	13.25	4.97	11619	16.39	29.68	12.7	4.99	12716	10.94	20.62	13.13	4.89	10624	25.92	40.93	12.72	4.97															2020-07-08 20:36:00
08.07.2020	20:42:00	RO_SE_001	3591	22932	108	0	13402	8.79	16.42	13.26	4.97	11706	15.57	28.45	12.74	4.97	12431	12.22	22.96	13.17	4.97	11619	16.39	29.68	12.73	4.99	12715	10.94	20.63	13.1	4.91	10624	25.92	40.93	12.7	4.99															2020-07-08 20:42:00
08.07.2020	20:48:00	RO_SE_001	3591	22933	108	0	13402	8.79	16.42	13.27	4.97	11707	15.56	28.44	12.74	4.97	12433	12.21	22.94	13.21	4.97	11619	16.39	29.68	12.7	4.99	12716	10.94	20.62	13.13	4.91	10624	25.92	40.93	12.72	4.97															2020-07-08 20:48:00
08.07.2020	20:54:00	RO_SE_001	3592	22934	108	0	13403	8.79	16.41	13.24	4.97	11706	15.57	28.45	12.78	4.97	12432	12.22	22.95	13.18	4.97	11619	16.39	29.68	12.7	4.99	12715	10.94	20.63	13.14	4.89	10625	25.91	40.91	12.73	4.99															2020-07-08 20:54:00
08.07.2020	21:00:00	RO_SE_001	3592	22935	108	0	13403	8.79	16.41	13.25	4.97	11706	15.57	28.45	12.77	4.97	12432	12.22	22.95	13.22	4.97	11620	16.39	29.67	12.69	4.99	12715	10.94	20.63	13.13	4.91	10625	25.91	40.91	12.7	4.97															2020-07-08 21:00:00
08.07.2020	21:06:00	RO_SE_001	3592	22936	75	0	13403	8.79	16.41	13.24	4.97	11707	15.56	28.44	12.75	4.97	12432	12.22	22.95	13.23	4.97	11620	16.39	29.67	12.7	4.99	12714	10.95	20.64	13.14	4.89	10625	25.91	40.91	12.73	4.99															2020-07-08 21:06:00
08.07.2020	21:12:00	RO_SE_001	3592	22937	132	0	13404	8.79	16.41	13.23	4.97	11707	15.56	28.44	12.74	4.97	12433	12.21	22.94	13.21	4.97	11619	16.39	29.68	12.73	4.99	12714	10.95	20.64	13.13	4.91	10625	25.91	40.91	12.7	4.97															2020-07-08 21:12:00
08.07.2020	21:18:00	RO_SE_001	3592	22938	114	0	13404	8.79	16.41	13.23	4.97	11707	15.56	28.44	12.75	4.97	12433	12.21	22.94	13.19	4.97	11619	16.39	29.68	12.73	4.99	12713	10.95	20.64	13.1	4.89	10625	25.91	40.91	12.73	4.99															2020-07-08 21:18:00
08.07.2020	21:24:00	RO_SE_001	3592	22939	102	0	13404	8.79	16.41	13.21	4.97	11707	15.56	28.44	12.78	4.97	12433	12.21	22.94	13.22	4.97	11619	16.39	29.68	12.73	4.99	12713	10.95	20.64	13.12	4.89	10625	25.91	40.91	12.73	4.99															2020-07-08 21:24:00
08.07.2020	21:30:00	RO_SE_001	3592	22940	102	0	13404	8.79	16.41	13.23	4.97	11707	15.56	28.44	12.77	4.97	12433	12.21	22.94	13.19	4.97	11619	16.39	29.68	12.71	4.99	12712	10.95	20.65	13.11	4.91	10625	25.91	40.91	12.71	4.99															2020-07-08 21:30:00
08.07.2020	21:36:00	RO_SE_001	3592	22941	102	0	13405	8.79	16.4	13.21	4.97	11707	15.56	28.44	12.78	4.97	12433	12.21	22.94	13.16	4.97	11619	16.39	29.68	12.74	4.99	12712	10.95	20.65	13.09	4.91	10625	25.91	40.91	12.73	4.99															2020-07-08 21:36:00
08.07.2020	21:42:00	RO_SE_001	3593	22942	102	0	13404	8.79	16.41	13.21	4.97	11707	15.56	28.44	12.77	4.97	12434	12.21	22.94	13.17	4.97	11620	16.39	29.67	12.72	4.99	12711	10.96	20.66	13.09	4.89	10625	25.91	40.91	12.69	4.99															2020-07-08 21:42:00
08.07.2020	21:48:00	RO_SE_001	3591	22943	102	0	13404	8.79	16.41	13.2	4.97	11706	15.57	28.45	12.76	4.97	12434	12.21	22.94	13.15	4.97	11620	16.39	29.67	12.75	4.99	12711	10.96	20.66	13.09	4.89	10625	25.91	40.91	12.68	4.99															2020-07-08 21:48:00
08.07.2020	21:54:00	RO_SE_001	3592	22944	102	0	13405	8.79	16.4	13.2	4.97	11707	15.56	28.44	12.76	4.97	12434	12.21	22.94	13.13	4.97	11620	16.39	29.67	12.71	4.99	12710	10.96	20.67	13.09	4.89	10625	25.91	40.91	12.72	4.97															2020-07-08 21:54:00
08.07.2020	22:00:00	RO_SE_001	3592	22945	102	0	13404	8.79	16.41	13.2	4.97	11707	15.56	28.44	12.75	4.97	12435	12.21	22.93	13.13	4.97	11620	16.39	29.67	12.7	4.99	12710	10.96	20.67	13.08	4.91	10625	25.91	40.91	12.71	4.97															2020-07-08 22:00:00
08.07.2020	22:06:00	RO_SE_001	3592	22946	117	0	13404	8.79	16.41	13.16	4.97	11707	15.56	28.44	12.77	4.97	12435	12.21	22.93	13.13	4.97	11620	16.39	29.67	12.7	4.99	12709	10.97	20.67	13.05	4.89	10625	25.91	40.91	12.72	4.99															2020-07-08 22:06:00
08.07.2020	22:12:00	RO_SE_001	3592	22947	111	0	13405	8.79	16.4	13.2	4.97	11707	15.56	28.44	12.73	4.97	12435	12.21	22.93	13.13	4.97	11620	16.39	29.67	12.71	4.99	12709	10.97	20.67	13.06	4.91	10625	25.91	40.91	12.74	4.99															2020-07-08 22:12:00
08.07.2020	22:18:00	RO_SE_001	3592	22948	84	0	13404	8.79	16.41	13.17	4.97	11707	15.56	28.44	12.76	4.97	12435	12.21	22.93	13.12	4.97	11621	16.38	29.66	12.72	4.99	12709	10.97	20.67	13.07	4.89	10625	25.91	40.91	12.7	4.99															2020-07-08 22:18:00
08.07.2020	22:24:00	RO_SE_001	3592	22949	111	0	13404	8.79	16.41	13.16	4.97	11707	15.56	28.44	12.77	4.97	12436	12.20	22.92	13.11	4.97	11621	16.38	29.66	12.75	4.99	12708	10.97	20.68	13.06	4.91	10625	25.91	40.91	12.72	4.99															2020-07-08 22:24:00
08.07.2020	22:30:00	RO_SE_001	3592	22950	93	0	13405	8.79	16.4	13.19	4.97	11707	15.56	28.44	12.78	4.97	12436	12.20	22.92	13.11	4.97	11621	16.38	29.66	12.73	4.99	12708	10.97	20.68	13.08	4.91	10625	25.91	40.91	12.69	4.97															2020-07-08 22:30:00
08.07.2020	22:36:00	RO_SE_001	3592	22951	96	0	13406	8.78	16.39	13.17	4.97	11707	15.56	28.44	12.76	4.97	12436	12.20	22.92	13.09	4.97	11621	16.38	29.66	12.7	4.99	12708	10.97	20.68	13.06	4.89	10625	25.91	40.91	12.73	4.99															2020-07-08 22:36:00
08.07.2020	22:42:00	RO_SE_001	3592	22952	111	0	13406	8.78	16.39	13.13	4.97	11707	15.56	28.44	12.77	4.97	12436	12.20	22.92	13.05	4.97	11621	16.38	29.66	12.72	4.99	12707	10.97	20.69	13.07	4.91	10625	25.91	40.91	12.73	4.99															2020-07-08 22:42:00
08.07.2020	22:48:00	RO_SE_001	3592	22953	105	0	13406	8.78	16.39	13.14	4.97	11707	15.56	28.44	12.8	4.97	12437	12.20	22.91	13.1	4.97	11621	16.38	29.66	12.69	4.99	12707	10.97	20.69	13.07	4.91	10625	25.91	40.91	12.7	4.97															2020-07-08 22:48:00
08.07.2020	22:54:00	RO_SE_001	3592	22954	99	0	13406	8.78	16.39	13.13	4.97	11707	15.56	28.44	12.78	4.97	12437	12.20	22.91	13.07	4.97	11621	16.38	29.66	12.72	4.99	12706	10.98	20.69	13.05	4.91	10626	25.89	40.9	12.72	4.99															2020-07-08 22:54:00
08.07.2020	23:00:00	RO_SE_001	3592	22955	99	0	13406	8.78	16.39	13.13	4.97	11707	15.56	28.44	12.8	4.97	12437	12.20	22.91	13.1	4.97	11621	16.38	29.66	12.7	4.99	12705	10.98	20.7	13.03	4.91	10626	25.89	40.9	12.77	4.99															2020-07-08 23:00:00
08.07.2020	23:06:00	RO_SE_001	3592	22956	99	0	13407	8.78	16.39	13.14	4.97	11707	15.56	28.44	12.81	4.97	12438	12.19	22.91	13.05	4.99	11621	16.38	29.66	12.73	4.99	12705	10.98	20.7	13.04	4.89	10626	25.89	40.9	12.7	4.97															2020-07-08 23:06:00
08.07.2020	23:12:00	RO_SE_001	3591	22957	99	0	13407	8.78	16.39	13.12	4.97	11707	15.56	28.44	12.8	4.97	12438	12.19	22.91	13.08	4.97	11621	16.38	29.66	12.73	4.99	12706	10.98	20.69	13.04	4.91	10626	25.89	40.9	12.7	4.99															2020-07-08 23:12:00
08.07.2020	23:18:00	RO_SE_001	3591	22958	87	0	13407	8.78	16.39	13.12	4.97	11707	15.56	28.44	12.76	4.97	12438	12.19	22.91	13.05	4.97	11621	16.38	29.66	12.71	4.99	12705	10.98	20.7	13.03	4.91	10626	25.89	40.9	12.72	4.99															2020-07-08 23:18:00
08.07.2020	23:24:00	RO_SE_001	3590	22959	132	0	13406	8.78	16.39	13.14	4.97	11707	15.56	28.44	12.78	4.97	12439	12.19	22.9	13.01	4.97	11622	16.37	29.65	12.73	4.99	12705	10.98	20.7	13.02	4.91	10626	25.89	40.9	12.7	4.99															2020-07-08 23:24:00
08.07.2020	23:30:00	RO_SE_001	3590	22960	132	0	13406	8.78	16.39	13.13	4.97	11707	15.56	28.44	12.77	4.97	12439	12.19	22.9	13.05	4.97	11622	16.37	29.65	12.72	4.99	12704	10.98	20.71	13.02	4.89	10626	25.89	40.9	12.73	4.99															2020-07-08 23:30:00
08.07.2020	23:36:00	RO_SE_001	3589	22961	132	0	13406	8.78	16.39	13.11	4.97	11707	15.56	28.44	12.76	4.97	12439	12.19	22.9	13.06	4.97	11622	16.37	29.65	12.71	5.02	12703	10.99	20.71	13.01	4.91	10626	25.89	40.9	12.73	4.99															2020-07-08 23:36:00
08.07.2020	23:42:00	RO_SE_001	3590	22962	117	0	13406	8.78	16.39	13.08	4.97	11707	15.56	28.44	12.79	4.97	12439	12.19	22.9	13.05	4.97	11622	16.37	29.65	12.73	4.99	12703	10.99	20.71	13.02	4.91	10626	25.89	40.9	12.7	4.97															2020-07-08 23:42:00
08.07.2020	23:48:00	RO_SE_001	3589	22963	132	0	13406	8.78	16.39	13.12	4.97	11707	15.56	28.44	12.78	4.97	12439	12.19	22.9	13.02	4.97	11622	16.37	29.65	12.72	5.02	12703	10.99	20.71	13.02	4.91	10626	25.89	40.9	12.74	4.97															2020-07-08 23:48:00
08.07.2020	23:54:00	RO_SE_001	3589	22964	108	0	13406	8.78	16.39	13.09	4.97	11707	15.56	28.44	12.77	4.97	12440	12.19	22.89	13.02	4.97	11623	16.37	29.64	12.73	4.99	12702	10.99	20.72	13.0	4.89	10626	25.89	40.9	12.72	4.99															2020-07-08 23:54:00
