02.07.2020	00:00:00	RO_SE_001	3598	21313	63	0	13067	9.80	18.44	15.34	4.97	11409	17.51	31.28	13.52	4.97	12345	12.60	23.61	15.09	4.97	11289	18.74	32.93	13.41	4.99	12467	11.92	22.42	14.93	4.91	10495	27.85	42.65	13.56	4.97															2020-07-02 00:00:00
02.07.2020	00:06:00	RO_SE_001	3598	21314	48	0	13072	9.78	18.41	15.28	4.97	11409	17.51	31.28	13.54	4.97	12342	12.61	23.64	15.07	4.99	11290	18.73	32.92	13.44	4.99	12467	11.92	22.42	14.87	4.89	10495	27.85	42.65	13.52	4.97															2020-07-02 00:06:00
02.07.2020	00:12:00	RO_SE_001	3598	21315	60	0	13074	9.78	18.39	15.3	4.97	11409	17.51	31.28	13.55	4.97	12340	12.62	23.65	15.09	4.97	11290	18.73	32.92	13.41	4.99	12467	11.92	22.42	14.88	4.89	10495	27.85	42.65	13.58	4.99															2020-07-02 00:12:00
02.07.2020	00:18:00	RO_SE_001	3598	21316	48	0	13074	9.78	18.39	15.3	4.97	11409	17.51	31.28	13.55	4.97	12338	12.63	23.67	15.05	4.97	11290	18.73	32.92	13.45	5.02	12468	11.91	22.41	14.89	4.89	10495	27.85	42.65	13.52	4.99															2020-07-02 00:18:00
02.07.2020	00:24:00	RO_SE_001	3598	21317	66	0	13074	9.78	18.39	15.3	4.97	11409	17.51	31.28	13.53	4.97	12335	12.64	23.69	15.08	4.97	11290	18.73	32.92	13.43	4.99	12468	11.91	22.41	14.9	4.89	10495	27.85	42.65	13.57	4.97															2020-07-02 00:24:00
02.07.2020	00:30:00	RO_SE_001	3598	21318	60	0	13075	9.77	18.39	15.26	4.97	11409	17.51	31.28	13.54	4.97	12334	12.64	23.7	15.02	4.99	11290	18.73	32.92	13.38	4.99	12468	11.91	22.41	14.88	4.89	10495	27.85	42.65	13.56	4.99															2020-07-02 00:30:00
02.07.2020	00:36:00	RO_SE_001	3598	21319	60	0	13075	9.77	18.39	15.27	4.97	11409	17.51	31.28	13.54	4.97	12333	12.65	23.7	15.05	4.97	11290	18.73	32.92	13.43	4.99	12468	11.91	22.41	14.86	4.89	10495	27.85	42.65	13.59	4.99															2020-07-02 00:36:00
02.07.2020	00:42:00	RO_SE_001	3598	21320	63	0	13076	9.77	18.38	15.22	4.97	11409	17.51	31.28	13.59	4.97	12331	12.66	23.72	15.06	4.97	11291	18.72	32.91	13.42	4.99	12468	11.91	22.41	14.89	4.89	10495	27.85	42.65	13.52	4.99															2020-07-02 00:42:00
02.07.2020	00:48:00	RO_SE_001	3598	21321	57	0	13077	9.77	18.38	15.24	4.97	11409	17.51	31.28	13.56	4.97	12330	12.66	23.73	14.98	4.97	11291	18.72	32.91	13.45	4.99	12468	11.91	22.41	14.89	4.91	10495	27.85	42.65	13.55	4.99															2020-07-02 00:48:00
02.07.2020	00:54:00	RO_SE_001	3598	21322	57	0	13078	9.76	18.37	15.24	4.97	11409	17.51	31.28	13.56	4.97	12329	12.67	23.74	15.02	4.97	11291	18.72	32.91	13.45	4.99	12468	11.91	22.41	14.86	4.91	10495	27.85	42.65	13.54	4.99															2020-07-02 00:54:00
02.07.2020	01:00:00	RO_SE_001	3598	21323	60	0	13078	9.76	18.37	15.22	4.97	11409	17.51	31.28	13.55	4.97	12329	12.67	23.74	15.02	4.97	11291	18.72	32.91	13.43	4.99	12468	11.91	22.41	14.86	4.91	10495	27.85	42.65	13.57	4.99															2020-07-02 01:00:00
02.07.2020	01:06:00	RO_SE_001	3598	21324	57	0	13079	9.76	18.36	15.18	4.97	11409	17.51	31.28	13.55	4.97	12328	12.67	23.74	15.0	4.97	11291	18.72	32.91	13.45	4.99	12468	11.91	22.41	14.86	4.89	10496	27.83	42.64	13.55	4.99															2020-07-02 01:06:00
02.07.2020	01:12:00	RO_SE_001	3598	21325	57	0	13080	9.76	18.36	15.22	4.97	11409	17.51	31.28	13.58	4.97	12327	12.68	23.75	15.02	4.99	11291	18.72	32.91	13.48	5.02	12468	11.91	22.41	14.85	4.91	10496	27.83	42.64	13.54	4.99															2020-07-02 01:12:00
02.07.2020	01:18:00	RO_SE_001	3598	21326	63	0	13080	9.76	18.36	15.16	4.97	11409	17.51	31.28	13.59	4.97	12327	12.68	23.75	14.98	4.99	11291	18.72	32.91	13.42	4.99	12468	11.91	22.41	14.81	4.91	10496	27.83	42.64	13.55	4.99															2020-07-02 01:18:00
02.07.2020	01:24:00	RO_SE_001	3598	21327	48	0	13080	9.76	18.36	15.16	4.97	11409	17.51	31.28	13.55	4.97	12326	12.68	23.76	14.96	4.97	11292	18.72	32.9	13.45	5.02	12468	11.91	22.41	14.81	4.89	10496	27.83	42.64	13.55	4.99															2020-07-02 01:24:00
02.07.2020	01:30:00	RO_SE_001	3598	21328	51	0	13081	9.76	18.35	15.13	4.97	11409	17.51	31.28	13.55	4.97	12326	12.68	23.76	14.95	4.97	11292	18.72	32.9	13.47	4.99	12468	11.91	22.41	14.83	4.91	10496	27.83	42.64	13.55	4.99															2020-07-02 01:30:00
02.07.2020	01:36:00	RO_SE_001	3598	21329	54	0	13081	9.76	18.35	15.17	4.97	11409	17.51	31.28	13.58	4.97	12325	12.68	23.77	14.91	4.99	11292	18.72	32.9	13.44	4.99	12468	11.91	22.41	14.81	4.91	10496	27.83	42.64	13.56	4.99															2020-07-02 01:36:00
02.07.2020	01:51:00	RO_SE_001	3542	21330	0	0	13081	9.76	18.35	15.13	4.97	11409	17.51	31.28	13.59	4.97	12326	12.68	23.76	14.95	4.97	11292	18.72	32.9	13.46	4.99	12468	11.91	22.41	14.8	4.91	10496	27.83	42.64	13.58	4.99															2020-07-02 01:51:00
02.07.2020	02:43:00	RO_SE_001	3549	21331	0	0	13083	9.75	18.34	15.05	4.97	11409	17.51	31.28	13.59	4.97	12312	12.74	23.87	14.88	4.97	11294	18.70	32.88	13.49	4.99	12468	11.91	22.41	14.75	4.91	10497	27.82	42.62	13.59	4.97															2020-07-02 02:43:00
02.07.2020	02:54:00	RO_SE_001	3594	21332	0	0	13082	9.75	18.34	15.03	4.97	11410	17.50	31.27	13.59	4.97	12302	12.79	23.94	14.84	4.99	11294	18.70	32.88	13.48	4.99	12468	11.91	22.41	14.73	4.89	10497	27.82	42.62	13.59	4.97															2020-07-02 02:54:00
02.07.2020	03:00:00	RO_SE_001	3594	21333	0	0	13081	9.76	18.35	15.03	4.97	11409	17.51	31.28	13.6	4.97	12296	12.81	23.99	14.83	4.97	11294	18.70	32.88	13.44	4.99	12468	11.91	22.41	14.71	4.91	10497	27.82	42.62	13.59	4.99															2020-07-02 03:00:00
02.07.2020	03:06:00	RO_SE_001	3594	21334	0	0	13081	9.76	18.35	15.03	4.97	11409	17.51	31.28	13.61	4.97	12285	12.86	24.08	14.84	4.97	11294	18.70	32.88	13.43	4.99	12468	11.91	22.41	14.72	4.89	10497	27.82	42.62	13.58	4.99															2020-07-02 03:06:00
02.07.2020	03:12:00	RO_SE_001	3593	21335	135	0	13081	9.76	18.35	15.04	4.97	11410	17.50	31.27	13.63	4.97	12277	12.90	24.14	14.81	4.99	11294	18.70	32.88	13.5	4.99	12468	11.91	22.41	14.71	4.91	10497	27.82	42.62	13.6	4.97															2020-07-02 03:12:00
02.07.2020	03:18:00	RO_SE_001	3596	21336	135	0	13080	9.76	18.36	15.02	4.97	11410	17.50	31.27	13.63	4.97	12269	12.94	24.2	14.8	4.97	11295	18.69	32.87	13.5	4.99	12468	11.91	22.41	14.7	4.91	10497	27.82	42.62	13.61	4.99															2020-07-02 03:18:00
02.07.2020	03:24:00	RO_SE_001	3597	21337	135	0	13065	9.81	18.45	15.04	4.97	11409	17.51	31.28	13.62	4.97	12263	12.96	24.25	14.8	4.99	11295	18.69	32.87	13.49	5.02	12468	11.91	22.41	14.71	4.89	10497	27.82	42.62	13.59	4.99															2020-07-02 03:24:00
02.07.2020	03:30:00	RO_SE_001	3598	21338	135	0	13043	9.88	18.59	14.99	4.97	11409	17.51	31.28	13.59	4.97	12256	13.00	24.3	14.81	4.99	11295	18.69	32.87	13.5	5.02	12467	11.92	22.42	14.67	4.91	10497	27.82	42.62	13.59	4.99															2020-07-02 03:30:00
02.07.2020	03:36:00	RO_SE_001	3595	21339	135	0	13044	9.87	18.58	14.98	4.97	11409	17.51	31.28	13.6	4.97	12251	13.02	24.34	14.8	4.97	11295	18.69	32.87	13.46	4.99	12467	11.92	22.42	14.72	4.91	10497	27.82	42.62	13.56	4.99															2020-07-02 03:36:00
02.07.2020	03:42:00	RO_SE_001	3597	21340	135	0	13046	9.87	18.57	14.98	4.97	11410	17.50	31.27	13.59	4.97	12246	13.04	24.38	14.77	4.99	11295	18.69	32.87	13.5	4.99	12467	11.92	22.42	14.67	4.89	10497	27.82	42.62	13.62	4.99															2020-07-02 03:42:00
02.07.2020	03:48:00	RO_SE_001	3596	21341	105	0	13050	9.85	18.55	14.97	4.97	11410	17.50	31.27	13.61	4.97	12241	13.07	24.42	14.78	4.99	11296	18.68	32.86	13.48	5.02	12467	11.92	22.42	14.68	4.91	10497	27.82	42.62	13.58	4.99															2020-07-02 03:48:00
02.07.2020	03:54:00	RO_SE_001	3597	21342	105	0	13053	9.85	18.53	14.94	4.97	11410	17.50	31.27	13.59	4.97	12238	13.08	24.45	14.77	4.97	11296	18.68	32.86	13.49	5.02	12467	11.92	22.42	14.66	4.89	10497	27.82	42.62	13.6	4.99															2020-07-02 03:54:00
02.07.2020	04:00:00	RO_SE_001	3597	21343	99	0	13054	9.84	18.52	14.94	4.97	11409	17.51	31.28	13.62	4.97	12235	13.09	24.47	14.73	4.99	11296	18.68	32.86	13.49	4.99	12467	11.92	22.42	14.63	4.89	10497	27.82	42.62	13.62	4.97															2020-07-02 04:00:00
02.07.2020	04:06:00	RO_SE_001	3596	21344	93	0	13057	9.83	18.5	14.88	4.97	11410	17.50	31.27	13.63	4.97	12232	13.11	24.49	14.73	4.99	11295	18.69	32.87	13.5	5.02	12467	11.92	22.42	14.63	4.89	10498	27.80	42.61	13.62	4.99															2020-07-02 04:06:00
02.07.2020	04:12:00	RO_SE_001	3598	21345	117	0	13059	9.83	18.49	14.91	4.97	11409	17.51	31.28	13.61	4.97	12229	13.12	24.52	14.73	4.99	11295	18.69	32.87	13.51	5.02	12466	11.92	22.42	14.62	4.91	10498	27.80	42.61	13.6	4.99															2020-07-02 04:12:00
02.07.2020	04:18:00	RO_SE_001	3598	21346	126	0	13065	9.81	18.45	14.91	4.97	11409	17.51	31.28	13.62	4.97	12227	13.13	24.53	14.7	4.99	11295	18.69	32.87	13.5	4.99	12466	11.92	22.42	14.63	4.91	10498	27.80	42.61	13.61	4.99															2020-07-02 04:18:00
02.07.2020	04:24:00	RO_SE_001	3598	21347	126	0	13065	9.81	18.45	14.88	4.97	11410	17.50	31.27	13.61	4.97	12226	13.14	24.54	14.73	4.97	11295	18.69	32.87	13.5	5.02	12466	11.92	22.42	14.64	4.91	10498	27.80	42.61	13.61	4.99															2020-07-02 04:24:00
02.07.2020	04:30:00	RO_SE_001	3598	21348	111	0	13065	9.81	18.45	14.9	4.97	11409	17.51	31.28	13.6	4.97	12225	13.14	24.55	14.7	4.97	11296	18.68	32.86	13.53	5.02	12465	11.93	22.43	14.61	4.91	10498	27.80	42.61	13.61	4.99															2020-07-02 04:30:00
02.07.2020	04:36:00	RO_SE_001	3598	21349	111	0	13065	9.81	18.45	14.88	4.97	11410	17.50	31.27	13.62	4.97	12223	13.15	24.56	14.68	4.99	11296	18.68	32.86	13.48	5.02	12465	11.93	22.43	14.6	4.89	10498	27.80	42.61	13.62	4.99															2020-07-02 04:36:00
02.07.2020	04:42:00	RO_SE_001	3598	21350	111	0	13065	9.81	18.45	14.88	4.97	11409	17.51	31.28	13.61	4.97	12222	13.15	24.57	14.69	4.99	11296	18.68	32.86	13.49	4.99	12465	11.93	22.43	14.59	4.89	10498	27.80	42.61	13.62	4.99															2020-07-02 04:42:00
02.07.2020	04:48:00	RO_SE_001	3598	21351	99	0	13065	9.81	18.45	14.86	4.97	11409	17.51	31.28	13.58	4.97	12222	13.15	24.57	14.64	4.99	11296	18.68	32.86	13.48	4.99	12465	11.93	22.43	14.58	4.91	10498	27.80	42.61	13.61	4.99															2020-07-02 04:48:00
02.07.2020	04:54:00	RO_SE_001	3598	21352	123	0	13065	9.81	18.45	14.85	4.97	11409	17.51	31.28	13.63	4.97	12221	13.16	24.58	14.64	4.99	11296	18.68	32.86	13.48	5.02	12465	11.93	22.43	14.6	4.89	10498	27.80	42.61	13.6	4.99															2020-07-02 04:54:00
02.07.2020	05:00:00	RO_SE_001	3598	21353	132	0	13065	9.81	18.45	14.84	4.97	11409	17.51	31.28	13.6	4.97	12220	13.16	24.59	14.62	4.97	11296	18.68	32.86	13.47	4.99	12464	11.93	22.44	14.56	4.89	10503	27.72	42.54	13.59	4.99															2020-07-02 05:00:00
02.07.2020	05:06:00	RO_SE_001	3598	21354	105	0	13066	9.80	18.44	14.82	4.97	11410	17.50	31.27	13.61	4.97	12220	13.16	24.59	14.62	4.99	11297	18.68	32.85	13.51	4.99	12464	11.93	22.44	14.55	4.89	10503	27.72	42.54	13.59	4.99															2020-07-02 05:06:00
02.07.2020	05:12:00	RO_SE_001	3598	21355	114	0	13067	9.80	18.44	14.82	4.97	11409	17.51	31.28	13.64	4.97	12221	13.16	24.58	14.6	4.97	11297	18.68	32.85	13.54	4.99	12464	11.93	22.44	14.58	4.89	10503	27.72	42.54	13.61	4.99															2020-07-02 05:12:00
02.07.2020	05:18:00	RO_SE_001	3598	21356	111	0	13067	9.80	18.44	14.79	4.97	11409	17.51	31.28	13.62	4.97	12220	13.16	24.59	14.6	4.97	11297	18.68	32.85	13.51	4.99	12464	11.93	22.44	14.54	4.91	10503	27.72	42.54	13.63	4.99															2020-07-02 05:18:00
02.07.2020	05:24:00	RO_SE_001	3598	21357	102	0	13068	9.80	18.43	14.79	4.97	11409	17.51	31.28	13.59	4.97	12220	13.16	24.59	14.59	4.97	11297	18.68	32.85	13.49	5.02	12463	11.93	22.45	14.57	4.89	10503	27.72	42.54	13.59	4.97															2020-07-02 05:24:00
02.07.2020	05:30:00	RO_SE_001	3598	21358	84	0	13068	9.80	18.43	14.77	4.97	11410	17.50	31.27	13.62	4.97	12220	13.16	24.59	14.57	4.97	11297	18.68	32.85	13.49	4.99	12463	11.93	22.45	14.52	4.89	10503	27.72	42.54	13.57	4.99															2020-07-02 05:30:00
02.07.2020	05:36:00	RO_SE_001	3598	21359	84	0	13068	9.80	18.43	14.77	4.97	11410	17.50	31.27	13.63	4.97	12220	13.16	24.59	14.55	4.97	11297	18.68	32.85	13.49	4.99	12463	11.93	22.45	14.53	4.91	10503	27.72	42.54	13.62	4.99															2020-07-02 05:36:00
02.07.2020	05:42:00	RO_SE_001	3598	21360	84	0	13066	9.80	18.44	14.73	4.97	11410	17.50	31.27	13.58	4.97	12220	13.16	24.59	14.57	4.97	11298	18.67	32.84	13.5	4.99	12462	11.94	22.45	14.49	4.89	10503	27.72	42.54	13.63	4.99															2020-07-02 05:42:00
02.07.2020	05:48:00	RO_SE_001	3598	21361	84	0	13066	9.80	18.44	14.73	4.97	11409	17.51	31.28	13.63	4.97	12220	13.16	24.59	14.55	4.97	11298	18.67	32.84	13.49	5.02	12462	11.94	22.45	14.52	4.89	10503	27.72	42.54	13.6	4.99															2020-07-02 05:48:00
02.07.2020	05:54:00	RO_SE_001	3598	21362	84	0	13067	9.80	18.44	14.73	4.97	11410	17.50	31.27	13.6	4.97	12221	13.16	24.58	14.54	4.97	11298	18.67	32.84	13.51	4.99	12462	11.94	22.45	14.49	4.91	10503	27.72	42.54	13.63	4.97															2020-07-02 05:54:00
02.07.2020	06:00:00	RO_SE_001	3598	21363	105	0	13067	9.80	18.44	14.74	4.97	11410	17.50	31.27	13.63	4.97	12221	13.16	24.58	14.52	4.97	11298	18.67	32.84	13.51	4.99	12461	11.94	22.46	14.49	4.91	10503	27.72	42.54	13.6	4.99															2020-07-02 06:00:00
02.07.2020	06:06:00	RO_SE_001	3597	21364	135	0	13067	9.80	18.44	14.74	4.97	11410	17.50	31.27	13.62	4.97	12221	13.16	24.58	14.51	4.97	11298	18.67	32.84	13.53	4.99	12461	11.94	22.46	14.47	4.89	10503	27.72	42.54	13.63	4.99															2020-07-02 06:06:00
02.07.2020	06:12:00	RO_SE_001	3594	21365	48	0	13067	9.80	18.44	14.72	4.97	11410	17.50	31.27	13.59	4.97	12221	13.16	24.58	14.53	4.97	11298	18.67	32.84	13.54	5.02	12461	11.94	22.46	14.47	4.89	10503	27.72	42.54	13.62	4.99															2020-07-02 06:12:00
02.07.2020	06:18:00	RO_SE_001	3596	21366	48	0	13068	9.80	18.43	14.68	4.97	11409	17.51	31.28	13.59	4.97	12220	13.16	24.59	14.54	4.97	11298	18.67	32.84	13.52	4.99	12461	11.94	22.46	14.44	4.89	10503	27.72	42.54	13.61	4.99															2020-07-02 06:18:00
02.07.2020	06:24:00	RO_SE_001	3597	21367	60	0	13068	9.80	18.43	14.68	4.97	11410	17.50	31.27	13.62	4.97	12221	13.16	24.58	14.5	4.97	11298	18.67	32.84	13.52	4.99	12461	11.94	22.46	14.47	4.89	10503	27.72	42.54	13.6	4.97															2020-07-02 06:24:00
02.07.2020	06:30:00	RO_SE_001	3598	21368	48	0	13068	9.80	18.43	14.68	4.97	11409	17.51	31.28	13.61	4.97	12221	13.16	24.58	14.51	4.97	11298	18.67	32.84	13.51	4.99	12461	11.94	22.46	14.45	4.91	10503	27.72	42.54	13.61	4.99															2020-07-02 06:30:00
02.07.2020	06:36:00	RO_SE_001	3597	21369	63	0	13068	9.80	18.43	14.66	4.97	11410	17.50	31.27	13.62	4.97	12221	13.16	24.58	14.48	4.97	11298	18.67	32.84	13.5	4.99	12461	11.94	22.46	14.45	4.89	10503	27.72	42.54	13.63	4.99															2020-07-02 06:36:00
02.07.2020	06:42:00	RO_SE_001	3597	21370	48	0	13068	9.80	18.43	14.66	4.97	11410	17.50	31.27	13.62	4.97	12221	13.16	24.58	14.5	4.97	11299	18.66	32.83	13.53	5.02	12460	11.95	22.47	14.43	4.89	10503	27.72	42.54	13.59	4.99															2020-07-02 06:42:00
02.07.2020	06:49:00	RO_SE_001	3552	21371	0	0	13068	9.80	18.43	14.67	4.97	11409	17.51	31.28	13.63	4.97	12222	13.15	24.57	14.48	4.99	11299	18.66	32.83	13.49	5.02	12460	11.95	22.47	14.47	4.89	10503	27.72	42.54	13.6	4.99															2020-07-02 06:49:00
02.07.2020	07:00:00	RO_SE_001	3595	21372	48	0	13069	9.79	18.43	14.67	4.97	11410	17.50	31.27	13.62	4.97	12223	13.15	24.56	14.48	4.97	11299	18.66	32.83	13.52	4.99	12459	11.95	22.48	14.43	4.89	10503	27.72	42.54	13.59	4.99															2020-07-02 07:00:00
02.07.2020	07:06:00	RO_SE_001	3597	21373	48	0	13069	9.79	18.43	14.66	4.97	11410	17.50	31.27	13.63	4.97	12223	13.15	24.56	14.5	4.97	11299	18.66	32.83	13.51	4.99	12459	11.95	22.48	14.41	4.89	10503	27.72	42.54	13.6	4.97															2020-07-02 07:06:00
02.07.2020	07:12:00	RO_SE_001	3598	21374	48	0	13069	9.79	18.43	14.66	4.97	11410	17.50	31.27	13.59	4.97	12223	13.15	24.56	14.48	4.99	11299	18.66	32.83	13.5	5.02	12458	11.96	22.48	14.4	4.89	10503	27.72	42.54	13.6	4.99															2020-07-02 07:12:00
02.07.2020	07:18:00	RO_SE_001	3597	21375	66	0	13068	9.80	18.43	14.66	4.97	11410	17.50	31.27	13.62	4.97	12224	13.15	24.56	14.48	4.97	11299	18.66	32.83	13.5	4.99	12458	11.96	22.48	14.45	4.91	10503	27.72	42.54	13.59	4.97															2020-07-02 07:18:00
02.07.2020	07:24:00	RO_SE_001	3598	21376	69	0	13069	9.79	18.43	14.63	4.97	11410	17.50	31.27	13.6	4.97	12224	13.15	24.56	14.48	4.99	11299	18.66	32.83	13.51	4.99	12458	11.96	22.48	14.41	4.89	10503	27.72	42.54	13.6	4.97															2020-07-02 07:24:00
02.07.2020	07:30:00	RO_SE_001	3598	21377	54	0	13067	9.80	18.44	14.67	4.97	11410	17.50	31.27	13.61	4.97	12224	13.15	24.56	14.5	4.97	11300	18.65	32.82	13.48	5.02	12457	11.96	22.49	14.42	4.91	10503	27.72	42.54	13.6	4.99															2020-07-02 07:30:00
02.07.2020	07:36:00	RO_SE_001	3598	21378	69	0	13067	9.80	18.44	14.69	4.97	11410	17.50	31.27	13.64	4.97	12225	13.14	24.55	14.52	4.97	11300	18.65	32.82	13.52	4.99	12457	11.96	22.49	14.41	4.91	10503	27.72	42.54	13.63	4.99															2020-07-02 07:36:00
02.07.2020	07:42:00	RO_SE_001	3598	21379	48	0	13068	9.80	18.43	14.69	4.97	11410	17.50	31.27	13.61	4.97	12225	13.14	24.55	14.54	4.97	11300	18.65	32.82	13.5	4.99	12457	11.96	22.49	14.41	4.91	10503	27.72	42.54	13.62	4.99															2020-07-02 07:42:00
02.07.2020	07:48:00	RO_SE_001	3598	21380	57	0	13068	9.80	18.43	14.66	4.97	11410	17.50	31.27	13.6	4.97	12225	13.14	24.55	14.48	4.99	11300	18.65	32.82	13.48	4.99	12456	11.96	22.5	14.41	4.91	10503	27.72	42.54	13.6	4.97															2020-07-02 07:48:00
02.07.2020	07:54:00	RO_SE_001	3598	21381	54	0	13068	9.80	18.43	14.65	4.97	11410	17.50	31.27	13.59	4.97	12226	13.14	24.54	14.49	4.97	11300	18.65	32.82	13.52	5.02	12456	11.96	22.5	14.41	4.89	10503	27.72	42.54	13.61	4.99															2020-07-02 07:54:00
02.07.2020	08:00:00	RO_SE_001	3598	21382	63	0	13067	9.80	18.44	14.67	4.97	11410	17.50	31.27	13.59	4.97	12226	13.14	24.54	14.51	4.97	11300	18.65	32.82	13.48	4.99	12456	11.96	22.5	14.41	4.89	10503	27.72	42.54	13.63	4.97															2020-07-02 08:00:00
02.07.2020	08:06:00	RO_SE_001	3598	21383	60	0	13068	9.80	18.43	14.68	4.97	11411	17.50	31.26	13.62	4.97	12227	13.13	24.53	14.51	4.97	11300	18.65	32.82	13.49	4.99	12456	11.96	22.5	14.41	4.89	10503	27.72	42.54	13.58	4.97															2020-07-02 08:06:00
02.07.2020	08:12:00	RO_SE_001	3598	21384	60	0	13067	9.80	18.44	14.68	4.97	11411	17.50	31.26	13.63	4.97	12227	13.13	24.53	14.55	4.99	11300	18.65	32.82	13.52	5.02	12455	11.97	22.51	14.41	4.89	10503	27.72	42.54	13.63	4.99															2020-07-02 08:12:00
02.07.2020	08:18:00	RO_SE_001	3597	21385	60	0	13068	9.80	18.43	14.71	4.97	11411	17.50	31.26	13.6	4.97	12227	13.13	24.53	14.55	4.97	11301	18.64	32.81	13.49	5.02	12455	11.97	22.51	14.44	4.91	10503	27.72	42.54	13.59	4.99															2020-07-02 08:18:00
02.07.2020	08:24:00	RO_SE_001	3598	21386	75	0	13068	9.80	18.43	14.69	4.97	11411	17.50	31.26	13.59	4.97	12227	13.13	24.53	14.56	4.99	11301	18.64	32.81	13.51	4.99	12455	11.97	22.51	14.43	4.89	10503	27.72	42.54	13.62	4.97															2020-07-02 08:24:00
02.07.2020	08:30:00	RO_SE_001	3598	21387	60	0	13068	9.80	18.43	14.67	4.97	11411	17.50	31.26	13.61	4.97	12227	13.13	24.53	14.52	4.99	11301	18.64	32.81	13.49	4.99	12455	11.97	22.51	14.41	4.89	10503	27.72	42.54	13.6	4.99															2020-07-02 08:30:00
02.07.2020	08:36:00	RO_SE_001	3598	21388	57	0	13069	9.79	18.43	14.69	4.97	11412	17.49	31.25	13.59	4.97	12228	13.13	24.52	14.59	4.97	11301	18.64	32.81	13.5	4.99	12455	11.97	22.51	14.41	4.89	10503	27.72	42.54	13.59	4.97															2020-07-02 08:36:00
02.07.2020	08:42:00	RO_SE_001	3598	21389	63	0	13069	9.79	18.43	14.73	4.97	11411	17.50	31.26	13.59	4.97	12229	13.12	24.52	14.57	4.99	11301	18.64	32.81	13.48	4.99	12454	11.97	22.51	14.43	4.91	10503	27.72	42.54	13.59	4.99															2020-07-02 08:42:00
02.07.2020	08:48:00	RO_SE_001	3598	21390	63	0	13069	9.79	18.43	14.73	4.97	11412	17.49	31.25	13.58	4.97	12229	13.12	24.52	14.6	4.99	11301	18.64	32.81	13.48	5.02	12455	11.97	22.51	14.44	4.91	10503	27.72	42.54	13.57	4.99															2020-07-02 08:48:00
02.07.2020	08:54:00	RO_SE_001	3598	21391	63	0	13070	9.79	18.42	14.72	4.97	11413	17.48	31.24	13.61	4.97	12230	13.12	24.51	14.58	4.97	11302	18.64	32.8	13.5	4.99	12454	11.97	22.51	14.45	4.91	10503	27.72	42.54	13.59	4.99															2020-07-02 08:54:00
02.07.2020	09:06:00	RO_SE_001	3553	21392	0	0	13071	9.79	18.41	14.77	4.97	11414	17.48	31.23	13.58	4.97	12232	13.11	24.49	14.61	4.97	11302	18.64	32.8	13.54	4.99	12454	11.97	22.51	14.46	4.91	10503	27.72	42.54	13.59	4.97															2020-07-02 09:06:00
02.07.2020	09:12:00	RO_SE_001	3585	21393	0	0	13071	9.79	18.41	14.76	4.97	11414	17.48	31.23	13.59	4.97	12232	13.11	24.49	14.63	4.97	11302	18.64	32.8	13.5	4.99	12454	11.97	22.51	14.43	4.89	10503	27.72	42.54	13.61	4.99															2020-07-02 09:12:00
02.07.2020	09:18:00	RO_SE_001	3588	21394	54	0	13072	9.78	18.41	14.78	4.97	11414	17.48	31.23	13.63	4.97	12233	13.10	24.49	14.6	4.97	11302	18.64	32.8	13.48	5.02	12455	11.97	22.51	14.43	4.89	10503	27.72	42.54	13.61	4.99															2020-07-02 09:18:00
02.07.2020	09:26:00	RO_SE_001	3540	21395	0	0	13072	9.78	18.41	14.78	4.97	11415	17.47	31.22	13.62	4.97	12235	13.09	24.47	14.67	4.97	11303	18.63	32.79	13.5	4.99	12454	11.97	22.51	14.48	4.89	10503	27.72	42.54	13.59	4.97															2020-07-02 09:26:00
02.07.2020	09:36:00	RO_SE_001	3589	21396	48	0	13073	9.78	18.4	14.81	4.97	11417	17.46	31.2	13.58	4.97	12235	13.09	24.47	14.66	4.97	11303	18.63	32.79	13.51	5.02	12454	11.97	22.51	14.49	4.89	10503	27.72	42.54	13.58	4.97															2020-07-02 09:36:00
02.07.2020	09:42:00	RO_SE_001	3592	21397	105	0	13074	9.78	18.39	14.8	4.97	11417	17.46	31.2	13.59	4.97	12236	13.09	24.46	14.68	4.97	11302	18.64	32.8	13.51	4.99	12455	11.97	22.51	14.49	4.89	10503	27.72	42.54	13.59	4.99															2020-07-02 09:42:00
02.07.2020	09:48:00	RO_SE_001	3595	21398	105	0	13074	9.78	18.39	14.82	4.97	11418	17.45	31.19	13.59	4.97	12237	13.08	24.45	14.71	4.97	11302	18.64	32.8	13.48	4.99	12455	11.97	22.51	14.46	4.89	10503	27.72	42.54	13.53	4.99															2020-07-02 09:48:00
02.07.2020	09:54:00	RO_SE_001	3595	21399	117	0	13075	9.77	18.39	14.84	4.97	11417	17.46	31.2	13.59	4.97	12238	13.08	24.45	14.67	4.99	11303	18.63	32.79	13.47	4.99	12455	11.97	22.51	14.5	4.91	10503	27.72	42.54	13.55	4.99															2020-07-02 09:54:00
02.07.2020	10:00:00	RO_SE_001	3596	21400	126	0	13074	9.78	18.39	14.86	4.97	11419	17.44	31.18	13.58	4.97	12239	13.08	24.44	14.68	4.97	11303	18.63	32.79	13.48	4.99	12455	11.97	22.51	14.51	4.89	10503	27.72	42.54	13.57	4.97															2020-07-02 10:00:00
02.07.2020	10:06:00	RO_SE_001	3597	21401	132	0	13075	9.77	18.39	14.84	4.97	11418	17.45	31.19	13.59	4.97	12240	13.07	24.43	14.68	4.97	11303	18.63	32.79	13.52	4.99	12455	11.97	22.51	14.52	4.89	10503	27.72	42.54	13.6	4.99															2020-07-02 10:06:00
02.07.2020	10:12:00	RO_SE_001	3598	21402	132	0	13076	9.77	18.38	14.87	4.97	11419	17.44	31.18	13.59	4.97	12241	13.07	24.42	14.71	4.97	11303	18.63	32.79	13.5	4.99	12455	11.97	22.51	14.52	4.89	10503	27.72	42.54	13.57	4.99															2020-07-02 10:12:00
02.07.2020	10:18:00	RO_SE_001	3598	21403	96	0	13077	9.77	18.38	14.88	4.97	11420	17.43	31.17	13.55	4.97	12242	13.06	24.41	14.76	4.99	11303	18.63	32.79	13.53	4.99	12455	11.97	22.51	14.54	4.89	10503	27.72	42.54	13.58	4.99															2020-07-02 10:18:00
02.07.2020	10:24:00	RO_SE_001	3598	21404	132	0	13077	9.77	18.38	14.9	4.97	11420	17.43	31.17	13.59	4.97	12243	13.06	24.41	14.77	4.97	11304	18.62	32.78	13.49	5.02	12456	11.96	22.5	14.56	4.91	10503	27.72	42.54	13.61	4.99															2020-07-02 10:24:00
02.07.2020	10:30:00	RO_SE_001	3598	21405	126	0	13078	9.76	18.37	14.94	4.97	11422	17.42	31.15	13.59	4.97	12244	13.05	24.4	14.8	4.99	11304	18.62	32.78	13.5	4.99	12456	11.96	22.5	14.55	4.89	10503	27.72	42.54	13.57	4.99															2020-07-02 10:30:00
02.07.2020	10:36:00	RO_SE_001	3598	21406	126	0	13079	9.76	18.36	14.96	4.97	11422	17.42	31.15	13.55	4.97	12245	13.05	24.39	14.81	4.97	11304	18.62	32.78	13.48	4.99	12457	11.96	22.49	14.53	4.89	10503	27.72	42.54	13.58	4.99															2020-07-02 10:36:00
02.07.2020	10:42:00	RO_SE_001	3598	21407	132	0	13080	9.76	18.36	14.92	4.97	11423	17.41	31.14	13.58	4.97	12247	13.04	24.37	14.84	4.99	11304	18.62	32.78	13.48	4.99	12457	11.96	22.49	14.57	4.89	10503	27.72	42.54	13.59	4.99															2020-07-02 10:42:00
02.07.2020	10:48:00	RO_SE_001	3598	21408	123	0	13081	9.76	18.35	14.98	4.97	11424	17.41	31.13	13.59	4.97	12248	13.03	24.37	14.89	4.97	11305	18.61	32.77	13.5	4.99	12458	11.96	22.48	14.61	4.91	10503	27.72	42.54	13.58	4.99															2020-07-02 10:48:00
02.07.2020	10:54:00	RO_SE_001	3598	21409	126	0	13082	9.75	18.34	14.95	4.97	11426	17.39	31.11	13.6	4.97	12249	13.03	24.36	14.89	4.97	11305	18.61	32.77	13.48	4.99	12458	11.96	22.48	14.62	4.89	10503	27.72	42.54	13.59	4.99															2020-07-02 10:54:00
02.07.2020	11:00:00	RO_SE_001	3598	21410	132	0	13082	9.75	18.34	15.02	4.97	11427	17.38	31.1	13.59	4.97	12250	13.02	24.35	14.9	4.97	11305	18.61	32.77	13.48	4.99	12459	11.95	22.48	14.59	4.91	10503	27.72	42.54	13.56	4.99															2020-07-02 11:00:00
02.07.2020	11:06:00	RO_SE_001	3598	21411	117	0	13083	9.75	18.34	15.02	4.97	11426	17.39	31.11	13.57	4.97	12252	13.01	24.34	14.89	4.97	11305	18.61	32.77	13.49	4.99	12459	11.95	22.48	14.63	4.89	10503	27.72	42.54	13.6	4.99															2020-07-02 11:06:00
02.07.2020	11:12:00	RO_SE_001	3598	21412	117	0	13082	9.75	18.34	15.03	4.97	11427	17.38	31.1	13.58	4.97	12253	13.01	24.33	14.95	4.99	11306	18.61	32.76	13.5	5.02	12459	11.95	22.48	14.67	4.89	10503	27.72	42.54	13.55	4.99															2020-07-02 11:12:00
02.07.2020	11:18:00	RO_SE_001	3598	21413	117	0	13084	9.75	18.33	15.05	4.97	11428	17.38	31.09	13.59	4.97	12254	13.01	24.32	14.92	4.97	11306	18.61	32.76	13.5	4.99	12460	11.95	22.47	14.68	4.89	10503	27.72	42.54	13.59	4.99															2020-07-02 11:18:00
02.07.2020	11:24:00	RO_SE_001	3598	21414	117	0	13085	9.74	18.33	15.06	4.97	11429	17.37	31.08	13.63	4.97	12255	13.00	24.31	14.99	4.99	11306	18.61	32.76	13.49	4.99	12460	11.95	22.47	14.68	4.89	10503	27.72	42.54	13.56	4.99															2020-07-02 11:24:00
02.07.2020	11:30:00	RO_SE_001	3597	21415	108	0	13086	9.74	18.32	15.11	4.97	11429	17.37	31.08	13.59	4.97	12256	13.00	24.3	14.99	4.97	11307	18.60	32.75	13.48	4.99	12460	11.95	22.47	14.71	4.91	10503	27.72	42.54	13.58	4.99															2020-07-02 11:30:00
02.07.2020	11:36:00	RO_SE_001	3598	21416	108	0	13086	9.74	18.32	15.1	4.97	11429	17.37	31.08	13.58	4.97	12257	12.99	24.3	15.03	4.97	11307	18.60	32.75	13.47	5.02	12461	11.94	22.46	14.73	4.89	10503	27.72	42.54	13.58	4.97															2020-07-02 11:36:00
02.07.2020	11:42:00	RO_SE_001	3598	21417	108	0	13087	9.74	18.31	15.13	4.97	11430	17.36	31.07	13.59	4.97	12259	12.98	24.28	15.02	4.99	11307	18.60	32.75	13.48	4.99	12461	11.94	22.46	14.72	4.89	10503	27.72	42.54	13.59	4.99															2020-07-02 11:42:00
02.07.2020	11:48:00	RO_SE_001	3598	21418	108	0	13088	9.73	18.31	15.16	4.97	11431	17.36	31.06	13.53	4.97	12260	12.98	24.27	15.04	4.97	11308	18.59	32.74	13.47	4.99	12460	11.95	22.47	14.73	4.89	10503	27.72	42.54	13.56	4.99															2020-07-02 11:48:00
02.07.2020	11:54:00	RO_SE_001	3598	21419	126	0	13087	9.74	18.31	15.15	4.97	11432	17.35	31.05	13.59	4.97	12261	12.97	24.26	15.01	4.97	11308	18.59	32.74	13.48	4.99	12462	11.94	22.45	14.75	4.91	10503	27.72	42.54	13.59	4.99															2020-07-02 11:54:00
02.07.2020	12:00:00	RO_SE_001	3598	21420	111	0	13088	9.73	18.31	15.16	4.97	11432	17.35	31.05	13.59	4.97	12262	12.97	24.26	15.1	4.97	11308	18.59	32.74	13.51	4.99	12461	11.94	22.46	14.76	4.91	10503	27.72	42.54	13.62	4.99															2020-07-02 12:00:00
02.07.2020	12:06:00	RO_SE_001	3598	21421	111	0	13089	9.73	18.3	15.18	4.97	11432	17.35	31.05	13.59	4.97	12263	12.96	24.25	15.08	4.99	11308	18.59	32.74	13.49	4.99	12461	11.94	22.46	14.79	4.91	10503	27.72	42.54	13.55	4.99															2020-07-02 12:06:00
02.07.2020	12:12:00	RO_SE_001	3597	21422	132	0	13090	9.73	18.29	15.2	4.97	11433	17.34	31.04	13.54	4.97	12264	12.96	24.24	15.12	4.97	11309	18.58	32.73	13.48	4.99	12462	11.94	22.45	14.77	4.91	10503	27.72	42.54	13.59	4.99															2020-07-02 12:12:00
02.07.2020	12:18:00	RO_SE_001	3598	21423	132	0	13091	9.72	18.29	15.22	4.97	11433	17.34	31.04	13.57	4.97	12265	12.96	24.23	15.11	4.97	11309	18.58	32.73	13.48	4.99	12462	11.94	22.45	14.79	4.89	10503	27.72	42.54	13.56	4.99															2020-07-02 12:18:00
02.07.2020	12:24:00	RO_SE_001	3598	21424	132	0	13091	9.72	18.29	15.25	4.97	11433	17.34	31.04	13.59	4.97	12267	12.95	24.22	15.12	4.97	11309	18.58	32.73	13.51	4.99	12463	11.93	22.45	14.8	4.91	10503	27.72	42.54	13.59	4.97															2020-07-02 12:24:00
02.07.2020	12:30:00	RO_SE_001	3598	21425	132	0	13092	9.72	18.28	15.29	4.97	11435	17.33	31.02	13.57	4.97	12268	12.94	24.21	15.15	4.97	11309	18.58	32.73	13.48	4.99	12463	11.93	22.45	14.81	4.91	10503	27.72	42.54	13.57	4.99															2020-07-02 12:30:00
02.07.2020	12:36:00	RO_SE_001	3598	21426	132	0	13093	9.72	18.28	15.3	4.97	11435	17.33	31.02	13.55	4.97	12269	12.94	24.2	15.19	4.97	11310	18.57	32.72	13.5	5.02	12464	11.93	22.44	14.84	4.89	10503	27.72	42.54	13.58	4.97															2020-07-02 12:36:00
02.07.2020	12:42:00	RO_SE_001	3598	21427	123	0	13093	9.72	18.28	15.31	4.97	11436	17.32	31.01	13.57	4.97	12270	12.93	24.19	15.16	4.97	11309	18.58	32.73	13.5	4.99	12464	11.93	22.44	14.81	4.91	10503	27.72	42.54	13.56	4.99															2020-07-02 12:42:00
02.07.2020	12:48:00	RO_SE_001	3598	21428	126	0	13094	9.71	18.27	15.35	4.97	11437	17.31	31.0	13.56	4.97	12272	12.92	24.18	15.16	4.97	11311	18.57	32.71	13.48	4.99	12465	11.93	22.43	14.88	4.91	10503	27.72	42.54	13.55	4.97															2020-07-02 12:48:00
02.07.2020	12:54:00	RO_SE_001	3598	21429	111	0	13095	9.71	18.26	15.41	4.97	11438	17.31	30.99	13.57	4.97	12274	12.91	24.16	15.23	4.97	11310	18.57	32.72	13.51	5.02	12465	11.93	22.43	14.88	4.91	10503	27.72	42.54	13.57	4.97															2020-07-02 12:54:00
02.07.2020	13:00:00	RO_SE_001	3598	21430	132	0	13095	9.71	18.26	15.45	4.97	11439	17.30	30.98	13.55	4.97	12275	12.91	24.15	15.23	4.97	11310	18.57	32.72	13.48	4.99	12466	11.92	22.42	14.9	4.89	10503	27.72	42.54	13.58	4.99															2020-07-02 13:00:00
02.07.2020	13:06:00	RO_SE_001	3598	21431	114	0	13096	9.71	18.26	15.5	4.97	11440	17.29	30.97	13.58	4.97	12276	12.90	24.15	15.22	4.97	11311	18.57	32.71	13.49	5.02	12466	11.92	22.42	14.88	4.89	10503	27.72	42.54	13.59	4.99															2020-07-02 13:06:00
02.07.2020	13:12:00	RO_SE_001	3598	21432	99	0	13097	9.70	18.25	15.52	4.97	11440	17.29	30.97	13.59	4.97	12277	12.90	24.14	15.25	4.99	11311	18.57	32.71	13.48	4.99	12467	11.92	22.42	14.95	4.91	10503	27.72	42.54	13.6	4.97															2020-07-02 13:12:00
02.07.2020	13:18:00	RO_SE_001	3598	21433	75	0	13097	9.70	18.25	15.55	4.97	11441	17.29	30.96	13.59	4.97	12279	12.89	24.12	15.27	4.97	11311	18.57	32.71	13.47	4.99	12467	11.92	22.42	14.93	4.89	10503	27.72	42.54	13.58	4.99															2020-07-02 13:18:00
02.07.2020	13:24:00	RO_SE_001	3598	21434	141	0	13098	9.70	18.24	15.55	4.97	11441	17.29	30.96	13.59	4.97	12280	12.89	24.12	15.29	4.99	11312	18.56	32.7	13.5	4.99	12468	11.91	22.41	14.93	4.89	10503	27.72	42.54	13.56	4.99															2020-07-02 13:24:00
02.07.2020	13:30:00	RO_SE_001	3598	21435	141	0	13099	9.70	18.24	15.57	4.97	11441	17.29	30.96	13.58	4.97	12282	12.88	24.1	15.29	4.97	11312	18.56	32.7	13.47	4.99	12468	11.91	22.41	14.92	4.89	10503	27.72	42.54	13.6	4.99															2020-07-02 13:30:00
02.07.2020	13:36:00	RO_SE_001	3598	21436	120	0	13100	9.69	18.23	15.61	4.97	11441	17.29	30.96	13.59	4.97	12282	12.88	24.1	15.34	4.99	11313	18.55	32.69	13.52	5.02	12468	11.91	22.41	14.97	4.91	10503	27.72	42.54	13.6	4.99															2020-07-02 13:36:00
02.07.2020	13:42:00	RO_SE_001	3598	21437	132	0	13101	9.69	18.23	15.64	4.97	11443	17.27	30.94	13.6	4.97	12284	12.87	24.08	15.33	4.97	11313	18.55	32.69	13.46	4.99	12469	11.91	22.4	14.99	4.89	10503	27.72	42.54	13.58	4.97															2020-07-02 13:42:00
02.07.2020	13:48:00	RO_SE_001	3598	21438	93	0	13101	9.69	18.23	15.62	4.97	11444	17.27	30.93	13.59	4.97	12285	12.86	24.08	15.39	4.97	11313	18.55	32.69	13.5	5.02	12469	11.91	22.4	15.01	4.91	10503	27.72	42.54	13.55	4.97															2020-07-02 13:48:00
02.07.2020	13:54:00	RO_SE_001	3598	21439	111	0	13102	9.69	18.22	15.66	4.97	11444	17.27	30.93	13.58	4.97	12287	12.85	24.06	15.45	4.97	11314	18.54	32.68	13.48	4.99	12470	11.91	22.39	15.01	4.89	10504	27.71	42.53	13.57	4.99															2020-07-02 13:54:00
02.07.2020	14:00:00	RO_SE_001	3598	21440	132	0	13103	9.69	18.21	15.66	4.97	11445	17.26	30.92	13.56	4.97	12288	12.85	24.05	15.46	4.97	11314	18.54	32.68	13.5	4.99	12471	11.90	22.39	15.04	4.91	10504	27.71	42.53	13.62	4.97															2020-07-02 14:00:00
02.07.2020	14:06:00	RO_SE_001	3598	21441	105	0	13104	9.68	18.21	15.71	4.97	11445	17.26	30.92	13.59	4.97	12289	12.85	24.05	15.45	4.99	11314	18.54	32.68	13.49	5.02	12471	11.90	22.39	15.06	4.91	10504	27.71	42.53	13.59	4.97															2020-07-02 14:06:00
02.07.2020	14:12:00	RO_SE_001	3598	21442	126	0	13104	9.68	18.21	15.7	4.97	11445	17.26	30.92	13.58	4.97	12290	12.84	24.04	15.46	4.99	11315	18.54	32.67	13.48	5.02	12471	11.90	22.39	15.09	4.89	10504	27.71	42.53	13.63	4.99															2020-07-02 14:12:00
02.07.2020	14:18:00	RO_SE_001	3598	21443	126	0	13105	9.68	18.2	15.73	4.97	11446	17.25	30.91	13.59	4.97	12296	12.81	23.99	15.48	4.99	11315	18.54	32.67	13.49	4.99	12472	11.90	22.38	15.08	4.91	10504	27.71	42.53	13.61	4.99															2020-07-02 14:18:00
02.07.2020	14:24:00	RO_SE_001	3598	21444	111	0	13105	9.68	18.2	15.73	4.97	11446	17.25	30.91	13.57	4.97	12296	12.81	23.99	15.47	4.97	11315	18.54	32.67	13.52	4.99	12472	11.90	22.38	15.11	4.89	10504	27.71	42.53	13.59	4.99															2020-07-02 14:24:00
02.07.2020	14:30:00	RO_SE_001	3598	21445	111	0	13106	9.68	18.19	15.73	4.97	11447	17.24	30.9	13.56	4.97	12296	12.81	23.99	15.5	4.97	11315	18.54	32.67	13.5	4.99	12473	11.89	22.37	15.09	4.89	10504	27.71	42.53	13.57	4.99															2020-07-02 14:30:00
02.07.2020	14:36:00	RO_SE_001	3598	21446	132	0	13107	9.67	18.19	15.77	4.97	11447	17.24	30.9	13.6	4.97	12296	12.81	23.99	15.49	4.97	11316	18.53	32.66	13.51	5.02	12473	11.89	22.37	15.13	4.91	10504	27.71	42.53	13.6	4.99															2020-07-02 14:36:00
02.07.2020	14:42:00	RO_SE_001	3598	21447	132	0	13107	9.67	18.19	15.73	4.97	11447	17.24	30.9	13.61	4.97	12296	12.81	23.99	15.54	4.97	11316	18.53	32.66	13.51	5.02	12474	11.89	22.36	15.13	4.91	10504	27.71	42.53	13.61	4.97															2020-07-02 14:42:00
02.07.2020	14:48:00	RO_SE_001	3598	21448	132	0	13108	9.67	18.18	15.74	4.97	11448	17.24	30.89	13.59	4.97	12297	12.81	23.98	15.52	4.99	11316	18.53	32.66	13.5	5.02	12474	11.89	22.36	15.13	4.91	10504	27.71	42.53	13.61	4.99															2020-07-02 14:48:00
02.07.2020	14:54:00	RO_SE_001	3598	21449	114	0	13108	9.67	18.18	15.77	4.97	11448	17.24	30.89	13.6	4.97	12297	12.81	23.98	15.57	4.99	11317	18.52	32.65	13.52	4.99	12474	11.89	22.36	15.15	4.89	10505	27.69	42.51	13.55	4.99															2020-07-02 14:54:00
02.07.2020	15:00:00	RO_SE_001	3598	21450	111	0	13108	9.67	18.18	15.75	4.97	11449	17.23	30.88	13.57	4.97	12298	12.81	23.98	15.54	4.99	11317	18.52	32.65	13.51	4.99	12475	11.88	22.36	15.15	4.89	10505	27.69	42.51	13.6	4.97															2020-07-02 15:00:00
02.07.2020	15:06:00	RO_SE_001	3598	21451	114	0	13109	9.67	18.18	15.78	4.97	11450	17.22	30.87	13.59	4.97	12299	12.80	23.97	15.55	4.99	11317	18.52	32.65	13.48	4.99	12475	11.88	22.36	15.15	4.91	10505	27.69	42.51	13.59	4.97															2020-07-02 15:06:00
02.07.2020	15:12:00	RO_SE_001	3598	21452	102	0	13110	9.66	18.17	15.78	4.97	11451	17.22	30.86	13.58	4.97	12300	12.80	23.96	15.55	4.97	11317	18.52	32.65	13.5	4.99	12475	11.88	22.36	15.16	4.91	10505	27.69	42.51	13.62	4.99															2020-07-02 15:12:00
02.07.2020	15:18:00	RO_SE_001	3598	21453	102	0	13111	9.66	18.16	15.81	4.97	11452	17.21	30.85	13.59	4.97	12301	12.79	23.95	15.57	4.97	11317	18.52	32.65	13.5	4.99	12475	11.88	22.36	15.16	4.91	10505	27.69	42.51	13.62	4.97															2020-07-02 15:18:00
02.07.2020	15:24:00	RO_SE_001	3598	21454	90	0	13112	9.66	18.16	15.79	4.97	11452	17.21	30.85	13.63	4.97	12303	12.78	23.94	15.57	4.97	11318	18.51	32.64	13.5	5.02	12475	11.88	22.36	15.16	4.91	10505	27.69	42.51	13.59	4.99															2020-07-02 15:24:00
02.07.2020	15:30:00	RO_SE_001	3598	21455	99	0	13113	9.65	18.15	15.8	4.97	11453	17.20	30.84	13.6	4.97	12304	12.78	23.93	15.58	4.97	11318	18.51	32.64	13.49	4.99	12476	11.88	22.35	15.19	4.89	10505	27.69	42.51	13.62	4.99															2020-07-02 15:30:00
02.07.2020	15:36:00	RO_SE_001	3598	21456	105	0	13114	9.65	18.14	15.83	4.97	11453	17.20	30.84	13.63	4.97	12304	12.78	23.93	15.58	4.97	11318	18.51	32.64	13.52	4.99	12476	11.88	22.35	15.18	4.89	10505	27.69	42.51	13.59	4.99															2020-07-02 15:36:00
02.07.2020	15:42:00	RO_SE_001	3598	21457	105	0	13115	9.65	18.14	15.77	4.97	11449	17.23	30.88	13.63	4.97	12305	12.77	23.92	15.59	4.97	11318	18.51	32.64	13.54	5.02	12477	11.88	22.34	15.2	4.91	10505	27.69	42.51	13.61	4.97															2020-07-02 15:42:00
02.07.2020	15:48:00	RO_SE_001	3598	21458	108	0	13115	9.65	18.14	15.82	4.97	11443	17.27	30.94	13.62	4.97	12306	12.77	23.91	15.59	4.97	11318	18.51	32.64	13.52	5.02	12477	11.88	22.34	15.24	4.91	10505	27.69	42.51	13.63	4.99															2020-07-02 15:48:00
02.07.2020	15:54:00	RO_SE_001	3598	21459	108	0	13116	9.64	18.13	15.82	4.97	11442	17.28	30.95	13.61	4.97	12307	12.76	23.91	15.56	4.99	11318	18.51	32.64	13.51	4.99	12478	11.87	22.33	15.25	4.89	10506	27.67	42.5	13.64	4.99															2020-07-02 15:54:00
02.07.2020	16:00:00	RO_SE_001	3598	21460	108	0	13116	9.64	18.13	15.81	4.97	11446	17.25	30.91	13.63	4.97	12308	12.76	23.9	15.62	4.97	11319	18.51	32.63	13.48	4.99	12478	11.87	22.33	15.25	4.91	10506	27.67	42.5	13.61	4.99															2020-07-02 16:00:00
02.07.2020	16:06:00	RO_SE_001	3598	21461	108	0	13117	9.64	18.13	15.77	4.97	11447	17.24	30.9	13.62	4.97	12309	12.76	23.89	15.61	4.97	11319	18.51	32.63	13.5	4.99	12478	11.87	22.33	15.22	4.91	10506	27.67	42.5	13.63	4.99															2020-07-02 16:06:00
02.07.2020	16:12:00	RO_SE_001	3598	21462	111	0	13117	9.64	18.13	15.76	4.97	11447	17.24	30.9	13.63	4.97	12309	12.76	23.89	15.58	4.99	11319	18.51	32.63	13.5	4.99	12478	11.87	22.33	15.25	4.91	10506	27.67	42.5	13.64	4.99															2020-07-02 16:12:00
02.07.2020	16:18:00	RO_SE_001	3598	21463	111	0	13117	9.64	18.13	15.79	4.97	11447	17.24	30.9	13.63	4.97	12310	12.75	23.88	15.56	4.99	11319	18.51	32.63	13.52	4.99	12479	11.87	22.33	15.27	4.91	10506	27.67	42.5	13.63	4.99															2020-07-02 16:18:00
02.07.2020	16:24:00	RO_SE_001	3598	21464	84	0	13117	9.64	18.13	15.8	4.97	11447	17.24	30.9	13.65	4.97	12310	12.75	23.88	15.52	4.97	11319	18.51	32.63	13.54	4.99	12479	11.87	22.33	15.25	4.91	10506	27.67	42.5	13.63	4.99															2020-07-02 16:24:00
02.07.2020	16:30:00	RO_SE_001	3598	21465	135	0	13117	9.64	18.13	15.76	4.97	11447	17.24	30.9	13.63	4.97	12312	12.74	23.87	15.53	4.99	11320	18.50	32.62	13.54	4.99	12479	11.87	22.33	15.2	4.89	10506	27.67	42.5	13.65	4.99															2020-07-02 16:30:00
02.07.2020	16:36:00	RO_SE_001	3598	21466	135	0	13117	9.64	18.13	15.71	4.97	11447	17.24	30.9	13.65	4.97	12311	12.75	23.87	15.5	4.97	11320	18.50	32.62	13.52	4.99	12479	11.87	22.33	15.25	4.91	10506	27.67	42.5	13.6	4.99															2020-07-02 16:36:00
02.07.2020	16:42:00	RO_SE_001	3598	21467	117	0	13117	9.64	18.13	15.73	4.97	11447	17.24	30.9	13.64	4.97	12311	12.75	23.87	15.48	4.97	11320	18.50	32.62	13.53	4.99	12479	11.87	22.33	15.2	4.89	10506	27.67	42.5	13.65	4.99															2020-07-02 16:42:00
02.07.2020	16:48:00	RO_SE_001	3598	21468	117	0	13116	9.64	18.13	15.7	4.97	11447	17.24	30.9	13.65	4.97	12311	12.75	23.87	15.47	4.97	11321	18.49	32.61	13.54	5.02	12479	11.87	22.33	15.22	4.91	10506	27.67	42.5	13.67	4.99															2020-07-02 16:48:00
02.07.2020	16:54:00	RO_SE_001	3598	21469	108	0	13117	9.64	18.13	15.7	4.97	11448	17.24	30.89	13.64	4.97	12311	12.75	23.87	15.42	4.97	11321	18.49	32.61	13.52	5.02	12479	11.87	22.33	15.21	4.91	10507	27.66	42.49	13.65	4.97															2020-07-02 16:54:00
02.07.2020	17:00:00	RO_SE_001	3598	21470	132	0	13117	9.64	18.13	15.69	4.97	11448	17.24	30.89	13.66	4.97	12311	12.75	23.87	15.44	4.99	11321	18.49	32.61	13.54	4.99	12479	11.87	22.33	15.2	4.91	10507	27.66	42.49	13.66	4.99															2020-07-02 17:00:00
02.07.2020	17:06:00	RO_SE_001	3598	21471	132	0	13117	9.64	18.13	15.7	4.97	11448	17.24	30.89	13.66	4.97	12311	12.75	23.87	15.45	4.97	11321	18.49	32.61	13.53	4.99	12479	11.87	22.33	15.17	4.89	10507	27.66	42.49	13.65	4.99															2020-07-02 17:06:00
02.07.2020	17:12:00	RO_SE_001	3598	21472	132	0	13117	9.64	18.13	15.66	4.97	11448	17.24	30.89	13.65	4.97	12310	12.75	23.88	15.45	4.99	11322	18.48	32.6	13.55	5.02	12479	11.87	22.33	15.22	4.89	10507	27.66	42.49	13.65	4.99															2020-07-02 17:12:00
02.07.2020	17:18:00	RO_SE_001	3598	21473	132	0	13116	9.64	18.13	15.66	4.97	11448	17.24	30.89	13.66	4.97	12309	12.76	23.89	15.44	4.99	11322	18.48	32.6	13.54	5.02	12479	11.87	22.33	15.19	4.91	10507	27.66	42.49	13.69	4.99															2020-07-02 17:18:00
02.07.2020	17:24:00	RO_SE_001	3598	21474	132	0	13116	9.64	18.13	15.63	4.97	11448	17.24	30.89	13.66	4.97	12308	12.76	23.9	15.38	4.97	11322	18.48	32.6	13.53	5.02	12479	11.87	22.33	15.16	4.91	10507	27.66	42.49	13.66	4.97															2020-07-02 17:24:00
02.07.2020	17:30:00	RO_SE_001	3598	21475	132	0	13116	9.64	18.13	15.68	4.97	11448	17.24	30.89	13.64	4.97	12308	12.76	23.9	15.37	4.97	11322	18.48	32.6	13.54	4.99	12479	11.87	22.33	15.18	4.89	10507	27.66	42.49	13.67	4.99															2020-07-02 17:30:00
02.07.2020	17:36:00	RO_SE_001	3598	21476	132	0	13117	9.64	18.13	15.66	4.97	11448	17.24	30.89	13.69	4.97	12307	12.76	23.91	15.37	4.97	11323	18.47	32.58	13.52	4.99	12479	11.87	22.33	15.16	4.89	10507	27.66	42.49	13.68	4.99															2020-07-02 17:36:00
02.07.2020	17:42:00	RO_SE_001	3598	21477	132	0	13117	9.64	18.13	15.64	4.97	11448	17.24	30.89	13.68	4.97	12306	12.77	23.91	15.41	4.97	11323	18.47	32.58	13.55	5.02	12479	11.87	22.33	15.16	4.89	10507	27.66	42.49	13.66	4.99															2020-07-02 17:42:00
02.07.2020	17:48:00	RO_SE_001	3598	21478	132	0	13117	9.64	18.13	15.63	4.97	11448	17.24	30.89	13.69	4.97	12305	12.77	23.92	15.35	4.97	11323	18.47	32.58	13.56	4.99	12479	11.87	22.33	15.16	4.89	10507	27.66	42.49	13.69	4.99															2020-07-02 17:48:00
02.07.2020	17:54:00	RO_SE_001	3598	21479	132	0	13117	9.64	18.13	15.59	4.97	11448	17.24	30.89	13.68	4.97	12304	12.78	23.93	15.36	4.97	11323	18.47	32.58	13.59	4.99	12479	11.87	22.33	15.13	4.89	10507	27.66	42.49	13.7	4.99															2020-07-02 17:54:00
02.07.2020	18:00:00	RO_SE_001	3598	21480	126	0	13117	9.64	18.13	15.64	4.97	11448	17.24	30.89	13.66	4.97	12304	12.78	23.93	15.38	4.97	11324	18.47	32.57	13.57	5.02	12478	11.87	22.33	15.13	4.89	10508	27.64	42.47	13.7	4.99															2020-07-02 18:00:00
02.07.2020	18:06:00	RO_SE_001	3598	21481	126	0	13117	9.64	18.13	15.59	4.97	11448	17.24	30.89	13.68	4.97	12304	12.78	23.93	15.37	4.97	11324	18.47	32.57	13.54	4.99	12478	11.87	22.33	15.13	4.89	10508	27.64	42.47	13.66	4.99															2020-07-02 18:06:00
02.07.2020	18:12:00	RO_SE_001	3598	21482	126	0	13117	9.64	18.13	15.63	4.97	11448	17.24	30.89	13.72	4.97	12303	12.78	23.94	15.34	4.97	11324	18.47	32.57	13.56	4.99	12478	11.87	22.33	15.16	4.91	10508	27.64	42.47	13.7	4.99															2020-07-02 18:12:00
02.07.2020	18:18:00	RO_SE_001	3598	21483	126	0	13117	9.64	18.13	15.59	4.97	11448	17.24	30.89	13.7	4.97	12303	12.78	23.94	15.34	4.97	11324	18.47	32.57	13.59	4.99	12478	11.87	22.33	15.15	4.89	10508	27.64	42.47	13.68	4.99															2020-07-02 18:18:00
02.07.2020	18:24:00	RO_SE_001	3598	21484	123	0	13117	9.64	18.13	15.59	4.97	11448	17.24	30.89	13.69	4.97	12302	12.79	23.94	15.33	4.97	11323	18.47	32.58	13.57	4.99	12478	11.87	22.33	15.16	4.91	10508	27.64	42.47	13.68	4.97															2020-07-02 18:24:00
02.07.2020	18:30:00	RO_SE_001	3598	21485	123	0	13117	9.64	18.13	15.62	4.97	11448	17.24	30.89	13.69	4.97	12301	12.79	23.95	15.34	4.97	11324	18.47	32.57	13.59	5.02	12478	11.87	22.33	15.15	4.91	10508	27.64	42.47	13.67	4.99															2020-07-02 18:30:00
02.07.2020	18:36:00	RO_SE_001	3595	21486	105	0	13118	9.64	18.12	15.59	4.97	11448	17.24	30.89	13.72	4.97	12301	12.79	23.95	15.33	4.97	11324	18.47	32.57	13.58	5.02	12478	11.87	22.33	15.1	4.89	10508	27.64	42.47	13.72	4.99															2020-07-02 18:36:00
02.07.2020	18:42:00	RO_SE_001	3597	21487	108	0	13118	9.64	18.12	15.54	4.97	11449	17.23	30.88	13.67	4.97	12300	12.80	23.96	15.36	4.97	11324	18.47	32.57	13.58	5.02	12477	11.88	22.34	15.13	4.91	10508	27.64	42.47	13.7	4.99															2020-07-02 18:42:00
02.07.2020	18:48:00	RO_SE_001	3598	21488	120	0	13118	9.64	18.12	15.59	4.97	11449	17.23	30.88	13.73	4.97	12300	12.80	23.96	15.27	4.99	11324	18.47	32.57	13.55	5.02	12477	11.88	22.34	15.13	4.89	10508	27.64	42.47	13.71	4.97															2020-07-02 18:48:00
02.07.2020	18:54:00	RO_SE_001	3598	21489	102	0	13118	9.64	18.12	15.54	4.97	11449	17.23	30.88	13.73	4.97	12299	12.80	23.97	15.27	4.97	11324	18.47	32.57	13.59	4.99	12477	11.88	22.34	15.1	4.89	10508	27.64	42.47	13.71	4.97															2020-07-02 18:54:00
02.07.2020	19:00:00	RO_SE_001	3598	21490	102	0	13117	9.64	18.13	15.55	4.97	11449	17.23	30.88	13.73	4.97	12299	12.80	23.97	15.31	4.97	11324	18.47	32.57	13.59	4.99	12476	11.88	22.35	15.09	4.89	10509	27.63	42.46	13.7	4.99															2020-07-02 19:00:00
02.07.2020	19:06:00	RO_SE_001	3598	21491	102	0	13118	9.64	18.12	15.52	4.97	11449	17.23	30.88	13.75	4.97	12298	12.81	23.98	15.3	4.97	11325	18.46	32.56	13.59	4.99	12476	11.88	22.35	15.13	4.91	10509	27.63	42.46	13.68	4.99															2020-07-02 19:06:00
02.07.2020	19:12:00	RO_SE_001	3598	21492	102	0	13118	9.64	18.12	15.51	4.97	11449	17.23	30.88	13.73	4.97	12298	12.81	23.98	15.3	4.99	11325	18.46	32.56	13.58	4.99	12476	11.88	22.35	15.11	4.91	10509	27.63	42.46	13.67	4.99															2020-07-02 19:12:00
02.07.2020	19:18:00	RO_SE_001	3598	21493	102	0	13117	9.64	18.13	15.55	4.97	11449	17.23	30.88	13.7	4.97	12297	12.81	23.98	15.27	4.99	11325	18.46	32.56	13.58	4.99	12476	11.88	22.35	15.11	4.91	10509	27.63	42.46	13.71	4.99															2020-07-02 19:18:00
02.07.2020	19:24:00	RO_SE_001	3598	21494	87	0	13118	9.64	18.12	15.54	4.97	11449	17.23	30.88	13.73	4.97	12297	12.81	23.98	15.27	4.99	11325	18.46	32.56	13.57	5.02	12476	11.88	22.35	15.05	4.89	10509	27.63	42.46	13.71	4.99															2020-07-02 19:24:00
02.07.2020	19:30:00	RO_SE_001	3598	21495	111	0	13118	9.64	18.12	15.55	4.97	11449	17.23	30.88	13.72	4.97	12296	12.81	23.99	15.3	4.97	11325	18.46	32.56	13.59	4.99	12475	11.88	22.36	15.06	4.89	10509	27.63	42.46	13.68	4.99															2020-07-02 19:30:00
02.07.2020	19:36:00	RO_SE_001	3598	21496	120	0	13118	9.64	18.12	15.52	4.97	11449	17.23	30.88	13.7	4.97	12297	12.81	23.98	15.28	4.99	11326	18.45	32.55	13.6	5.02	12475	11.88	22.36	15.07	4.91	10509	27.63	42.46	13.7	4.97															2020-07-02 19:36:00
02.07.2020	19:42:00	RO_SE_001	3598	21497	120	0	13118	9.64	18.12	15.49	4.97	11449	17.23	30.88	13.73	4.97	12297	12.81	23.98	15.25	4.97	11326	18.45	32.55	13.63	5.02	12475	11.88	22.36	15.1	4.91	10509	27.63	42.46	13.71	4.99															2020-07-02 19:42:00
02.07.2020	19:48:00	RO_SE_001	3598	21498	105	0	13118	9.64	18.12	15.51	4.97	11449	17.23	30.88	13.73	4.97	12296	12.81	23.99	15.27	4.97	11326	18.45	32.55	13.58	5.02	12475	11.88	22.36	15.05	4.89	10508	27.64	42.47	13.69	4.99															2020-07-02 19:48:00
02.07.2020	19:54:00	RO_SE_001	3598	21499	120	0	13118	9.64	18.12	15.51	4.97	11449	17.23	30.88	13.71	4.97	12296	12.81	23.99	15.26	4.97	11326	18.45	32.55	13.61	5.02	12475	11.88	22.36	15.07	4.89	10508	27.64	42.47	13.73	4.99															2020-07-02 19:54:00
02.07.2020	20:00:00	RO_SE_001	3598	21500	132	0	13118	9.64	18.12	15.48	4.97	11449	17.23	30.88	13.74	4.97	12296	12.81	23.99	15.23	4.97	11326	18.45	32.55	13.59	4.99	12475	11.88	22.36	15.09	4.91	10508	27.64	42.47	13.73	4.99															2020-07-02 20:00:00
02.07.2020	20:06:00	RO_SE_001	3598	21501	132	0	13118	9.64	18.12	15.45	4.97	11449	17.23	30.88	13.73	4.97	12296	12.81	23.99	15.25	4.97	11327	18.44	32.54	13.63	4.99	12474	11.89	22.36	15.08	4.91	10508	27.64	42.47	13.68	4.97															2020-07-02 20:06:00
02.07.2020	20:12:00	RO_SE_001	3598	21502	132	0	13118	9.64	18.12	15.49	4.97	11449	17.23	30.88	13.73	4.97	12296	12.81	23.99	15.2	4.99	11327	18.44	32.54	13.63	5.02	12474	11.89	22.36	15.05	4.89	10508	27.64	42.47	13.76	4.97															2020-07-02 20:12:00
02.07.2020	20:18:00	RO_SE_001	3598	21503	132	0	13118	9.64	18.12	15.47	4.97	11449	17.23	30.88	13.7	4.97	12296	12.81	23.99	15.21	4.97	11327	18.44	32.54	13.58	4.99	12474	11.89	22.36	15.05	4.91	10509	27.63	42.46	13.7	4.99															2020-07-02 20:18:00
02.07.2020	20:24:00	RO_SE_001	3598	21504	132	0	13118	9.64	18.12	15.43	4.97	11449	17.23	30.88	13.73	4.97	12296	12.81	23.99	15.2	4.97	11327	18.44	32.54	13.62	4.99	12474	11.89	22.36	15.05	4.89	10509	27.63	42.46	13.74	4.97															2020-07-02 20:24:00
02.07.2020	20:30:00	RO_SE_001	3598	21505	132	0	13118	9.64	18.12	15.45	4.97	11449	17.23	30.88	13.73	4.97	12296	12.81	23.99	15.26	4.97	11327	18.44	32.54	13.61	4.99	12473	11.89	22.37	15.05	4.89	10509	27.63	42.46	13.73	4.97															2020-07-02 20:30:00
02.07.2020	20:36:00	RO_SE_001	3598	21506	132	0	13119	9.64	18.11	15.41	4.97	11449	17.23	30.88	13.77	4.97	12296	12.81	23.99	15.21	4.99	11327	18.44	32.54	13.6	4.99	12473	11.89	22.37	15.03	4.89	10509	27.63	42.46	13.71	4.99															2020-07-02 20:36:00
02.07.2020	20:42:00	RO_SE_001	3598	21507	132	0	13119	9.64	18.11	15.45	4.97	11449	17.23	30.88	13.75	4.97	12296	12.81	23.99	15.22	4.99	11328	18.44	32.53	13.6	5.02	12473	11.89	22.37	15.0	4.91	10509	27.63	42.46	13.77	4.99															2020-07-02 20:42:00
02.07.2020	20:48:00	RO_SE_001	3598	21508	138	0	13119	9.64	18.11	15.41	4.97	11449	17.23	30.88	13.74	4.97	12296	12.81	23.99	15.21	4.97	11328	18.44	32.53	13.63	4.99	12472	11.90	22.38	15.0	4.91	10509	27.63	42.46	13.74	4.97															2020-07-02 20:48:00
02.07.2020	20:54:00	RO_SE_001	3598	21509	135	0	13119	9.64	18.11	15.38	4.97	11449	17.23	30.88	13.75	4.97	12296	12.81	23.99	15.19	4.97	11328	18.44	32.53	13.63	5.02	12472	11.90	22.38	15.02	4.91	10509	27.63	42.46	13.75	4.99															2020-07-02 20:54:00
02.07.2020	21:00:00	RO_SE_001	3598	21510	135	0	13119	9.64	18.11	15.34	4.97	11449	17.23	30.88	13.73	4.97	12296	12.81	23.99	15.13	4.97	11328	18.44	32.53	13.62	4.99	12472	11.90	22.38	15.04	4.89	10509	27.63	42.46	13.73	4.99															2020-07-02 21:00:00
02.07.2020	21:06:00	RO_SE_001	3598	21511	135	0	13119	9.64	18.11	15.38	4.97	11449	17.23	30.88	13.71	4.97	12296	12.81	23.99	15.16	4.97	11328	18.44	32.53	13.62	4.99	12471	11.90	22.39	15.0	4.89	10509	27.63	42.46	13.73	4.97															2020-07-02 21:06:00
02.07.2020	21:12:00	RO_SE_001	3598	21512	132	0	13119	9.64	18.11	15.37	4.97	11449	17.23	30.88	13.74	4.97	12296	12.81	23.99	15.09	4.97	11329	18.43	32.52	13.6	5.02	12471	11.90	22.39	15.01	4.89	10509	27.63	42.46	13.72	4.99															2020-07-02 21:12:00
02.07.2020	21:18:00	RO_SE_001	3598	21513	132	0	13119	9.64	18.11	15.4	4.97	11449	17.23	30.88	13.76	4.97	12296	12.81	23.99	15.12	4.97	11329	18.43	32.52	13.63	5.02	12471	11.90	22.39	14.98	4.91	10509	27.63	42.46	13.78	4.99															2020-07-02 21:18:00
02.07.2020	21:24:00	RO_SE_001	3598	21514	132	0	13120	9.63	18.11	15.36	4.97	11449	17.23	30.88	13.76	4.97	12296	12.81	23.99	15.09	4.97	11329	18.43	32.52	13.62	5.02	12471	11.90	22.39	14.98	4.89	10509	27.63	42.46	13.73	4.99															2020-07-02 21:24:00
02.07.2020	21:30:00	RO_SE_001	3598	21515	126	0	13121	9.63	18.1	15.34	4.97	11449	17.23	30.88	13.76	4.97	12296	12.81	23.99	15.11	4.97	11329	18.43	32.52	13.66	5.02	12470	11.91	22.39	14.99	4.89	10510	27.61	42.45	13.73	4.99															2020-07-02 21:30:00
02.07.2020	21:36:00	RO_SE_001	3598	21516	126	0	13121	9.63	18.1	15.34	4.97	11449	17.23	30.88	13.79	4.97	12296	12.81	23.99	15.08	4.97	11329	18.43	32.52	13.64	4.99	12470	11.91	22.39	14.96	4.89	10510	27.61	42.45	13.75	4.99															2020-07-02 21:36:00
02.07.2020	21:42:00	RO_SE_001	3598	21517	132	0	13121	9.63	18.1	15.32	4.97	11447	17.24	30.9	13.75	4.97	12296	12.81	23.99	15.04	4.97	11329	18.43	32.52	13.62	5.02	12470	11.91	22.39	14.95	4.91	10510	27.61	42.45	13.74	4.99															2020-07-02 21:42:00
02.07.2020	21:48:00	RO_SE_001	3598	21518	132	0	13122	9.63	18.09	15.3	4.97	11448	17.24	30.89	13.75	4.97	12296	12.81	23.99	15.08	4.97	11329	18.43	32.52	13.65	4.99	12470	11.91	22.39	14.95	4.91	10510	27.61	42.45	13.75	4.99															2020-07-02 21:48:00
02.07.2020	21:54:00	RO_SE_001	3598	21519	144	0	13122	9.63	18.09	15.31	4.97	11447	17.24	30.9	13.76	4.97	12296	12.81	23.99	15.09	4.97	11329	18.43	32.52	13.63	4.99	12470	11.91	22.39	14.96	4.91	10510	27.61	42.45	13.75	4.99															2020-07-02 21:54:00
02.07.2020	22:00:00	RO_SE_001	3598	21520	132	0	13122	9.63	18.09	15.28	4.97	11446	17.25	30.91	13.78	4.97	12296	12.81	23.99	15.09	4.97	11329	18.43	32.52	13.63	4.99	12469	11.91	22.4	14.91	4.91	10510	27.61	42.45	13.76	4.99															2020-07-02 22:00:00
02.07.2020	22:06:00	RO_SE_001	3598	21521	147	0	13122	9.63	18.09	15.28	4.97	11448	17.24	30.89	13.73	4.97	12296	12.81	23.99	15.05	4.97	11329	18.43	32.52	13.63	5.02	12469	11.91	22.4	14.93	4.91	10510	27.61	42.45	13.76	4.99															2020-07-02 22:06:00
02.07.2020	22:12:00	RO_SE_001	3598	21522	147	0	13122	9.63	18.09	15.29	4.97	11448	17.24	30.89	13.77	4.97	12296	12.81	23.99	15.06	4.97	11330	18.42	32.51	13.65	4.99	12469	11.91	22.4	14.93	4.89	10510	27.61	42.45	13.8	4.99															2020-07-02 22:12:00
02.07.2020	22:18:00	RO_SE_001	3598	21523	132	0	13122	9.63	18.09	15.29	4.97	11448	17.24	30.89	13.77	4.97	12290	12.84	24.04	15.02	4.97	11330	18.42	32.51	13.63	4.99	12469	11.91	22.4	14.9	4.89	10510	27.61	42.45	13.75	4.99															2020-07-02 22:18:00
02.07.2020	22:24:00	RO_SE_001	3598	21524	114	0	13122	9.63	18.09	15.23	4.97	11448	17.24	30.89	13.79	4.97	12290	12.84	24.04	14.98	4.97	11330	18.42	32.51	13.63	4.99	12468	11.91	22.41	14.9	4.91	10510	27.61	42.45	13.77	4.99															2020-07-02 22:24:00
02.07.2020	22:30:00	RO_SE_001	3598	21525	132	0	13123	9.62	18.09	15.24	4.97	11448	17.24	30.89	13.78	4.97	12296	12.81	23.99	15.02	4.97	11330	18.42	32.51	13.66	4.99	12468	11.91	22.41	14.9	4.91	10510	27.61	42.45	13.76	4.99															2020-07-02 22:30:00
02.07.2020	22:36:00	RO_SE_001	3598	21526	132	0	13123	9.62	18.09	15.19	4.97	11448	17.24	30.89	13.75	4.97	12290	12.84	24.04	14.95	4.97	11330	18.42	32.51	13.65	4.99	12468	11.91	22.41	14.88	4.89	10510	27.61	42.45	13.73	4.99															2020-07-02 22:36:00
02.07.2020	22:42:00	RO_SE_001	3598	21527	126	0	13123	9.62	18.09	15.16	4.97	11448	17.24	30.89	13.77	4.97	12296	12.81	23.99	14.94	4.97	11330	18.42	32.51	13.63	4.99	12469	11.91	22.4	14.87	4.91	10511	27.60	42.43	13.75	4.97															2020-07-02 22:42:00
02.07.2020	22:48:00	RO_SE_001	3598	21528	132	0	13123	9.62	18.09	15.17	4.97	11448	17.24	30.89	13.76	4.97	12290	12.84	24.04	14.94	4.97	11331	18.41	32.5	13.66	4.99	12468	11.91	22.41	14.88	4.89	10511	27.60	42.43	13.77	4.99															2020-07-02 22:48:00
02.07.2020	22:54:00	RO_SE_001	3595	21529	111	0	13123	9.62	18.09	15.15	4.97	11448	17.24	30.89	13.79	4.97	12289	12.85	24.05	14.92	4.97	11331	18.41	32.5	13.64	4.99	12468	11.91	22.41	14.84	4.89	10511	27.60	42.43	13.75	4.99															2020-07-02 22:54:00
02.07.2020	23:00:00	RO_SE_001	3597	21530	111	0	13121	9.63	18.1	15.12	4.97	11448	17.24	30.89	13.79	4.97	12289	12.85	24.05	14.91	4.97	11331	18.41	32.5	13.66	5.02	12468	11.91	22.41	14.82	4.89	10511	27.60	42.43	13.75	4.99															2020-07-02 23:00:00
02.07.2020	23:06:00	RO_SE_001	3597	21531	132	0	13121	9.63	18.1	15.13	4.97	11448	17.24	30.89	13.75	4.97	12288	12.85	24.05	14.89	4.97	11331	18.41	32.5	13.66	5.02	12468	11.91	22.41	14.84	4.91	10511	27.60	42.43	13.73	4.99															2020-07-02 23:06:00
02.07.2020	23:12:00	RO_SE_001	3598	21532	132	0	13121	9.63	18.1	15.1	4.97	11448	17.24	30.89	13.8	4.97	12287	12.85	24.06	14.88	4.97	11331	18.41	32.5	13.62	4.99	12468	11.91	22.41	14.8	4.91	10511	27.60	42.43	13.8	4.97															2020-07-02 23:12:00
02.07.2020	23:18:00	RO_SE_001	3597	21533	111	0	13121	9.63	18.1	15.13	4.97	11448	17.24	30.89	13.77	4.97	12287	12.85	24.06	14.84	4.97	11330	18.42	32.51	13.65	4.99	12467	11.92	22.42	14.81	4.91	10511	27.60	42.43	13.76	4.99															2020-07-02 23:18:00
02.07.2020	23:24:00	RO_SE_001	3597	21534	132	0	13121	9.63	18.1	15.06	4.97	11448	17.24	30.89	13.78	4.97	12286	12.86	24.07	14.83	4.97	11332	18.41	32.49	13.65	4.99	12467	11.92	22.42	14.8	4.89	10511	27.60	42.43	13.74	4.97															2020-07-02 23:24:00
02.07.2020	23:30:00	RO_SE_001	3597	21535	105	0	13120	9.63	18.11	15.09	4.97	11448	17.24	30.89	13.79	4.97	12285	12.86	24.08	14.81	4.97	11331	18.41	32.5	13.64	4.99	12467	11.92	22.42	14.83	4.89	10511	27.60	42.43	13.72	4.97															2020-07-02 23:30:00
02.07.2020	23:36:00	RO_SE_001	3597	21536	132	0	13120	9.63	18.11	15.07	4.97	11449	17.23	30.88	13.75	4.97	12285	12.86	24.08	14.81	4.97	11331	18.41	32.5	13.68	4.99	12466	11.92	22.42	14.78	4.89	10511	27.60	42.43	13.77	4.97															2020-07-02 23:36:00
02.07.2020	23:42:00	RO_SE_001	3598	21537	126	0	13121	9.63	18.1	15.05	4.97	11449	17.23	30.88	13.77	4.97	12284	12.87	24.08	14.79	4.97	11331	18.41	32.5	13.67	4.99	12466	11.92	22.42	14.77	4.89	10511	27.60	42.43	13.77	4.99															2020-07-02 23:42:00
02.07.2020	23:48:00	RO_SE_001	3598	21538	96	0	13121	9.63	18.1	15.02	4.97	11448	17.24	30.89	13.78	4.97	12283	12.87	24.09	14.8	4.97	11331	18.41	32.5	13.66	4.99	12466	11.92	22.42	14.78	4.91	10511	27.60	42.43	13.74	4.99															2020-07-02 23:48:00
02.07.2020	23:54:00	RO_SE_001	3598	21539	96	0	13121	9.63	18.1	14.99	4.97	11449	17.23	30.88	13.76	4.97	12284	12.87	24.08	14.75	4.97	11331	18.41	32.5	13.68	5.02	12466	11.92	22.42	14.74	4.91	10511	27.60	42.43	13.8	4.99															2020-07-02 23:54:00
