05.07.2020	00:00:00	RO_SE_001	3598	22020	132	0	13257	9.21	17.27	14.99	4.97	11580	16.35	29.62	13.53	4.97	12472	12.05	22.65	14.83	4.97	11429	17.69	31.52	13.44	4.99	12569	11.50	21.67	14.66	4.91	10551	26.98	41.89	13.52	4.99															2020-07-05 00:00:00
05.07.2020	00:06:00	RO_SE_001	3598	22021	141	0	13257	9.21	17.27	15.02	4.97	11581	16.35	29.61	13.56	4.97	12472	12.05	22.65	14.84	4.97	11430	17.68	31.51	13.46	4.99	12569	11.50	21.67	14.66	4.89	10551	26.98	41.89	13.52	4.99															2020-07-05 00:06:00
05.07.2020	00:12:00	RO_SE_001	3598	22022	132	0	13257	9.21	17.27	15.0	4.97	11581	16.35	29.61	13.57	4.97	12472	12.05	22.65	14.84	4.97	11430	17.68	31.51	13.48	4.99	12569	11.50	21.67	14.66	4.89	10551	26.98	41.89	13.53	4.99															2020-07-05 00:12:00
05.07.2020	00:18:00	RO_SE_001	3598	22023	132	0	13257	9.21	17.27	15.0	4.97	11581	16.35	29.61	13.53	4.97	12473	12.05	22.65	14.81	4.97	11430	17.68	31.51	13.47	4.99	12569	11.50	21.67	14.7	4.89	10551	26.98	41.89	13.53	4.97															2020-07-05 00:18:00
05.07.2020	00:24:00	RO_SE_001	3598	22024	132	0	13257	9.21	17.27	14.97	4.97	11581	16.35	29.61	13.54	4.97	12473	12.05	22.65	14.83	4.97	11430	17.68	31.51	13.46	4.99	12569	11.50	21.67	14.64	4.89	10551	26.98	41.89	13.52	4.99															2020-07-05 00:24:00
05.07.2020	00:30:00	RO_SE_001	3598	22025	132	0	13257	9.21	17.27	15.0	4.97	11581	16.35	29.61	13.56	4.97	12472	12.05	22.65	14.81	4.97	11431	17.67	31.5	13.45	5.02	12569	11.50	21.67	14.66	4.89	10551	26.98	41.89	13.53	4.97															2020-07-05 00:30:00
05.07.2020	00:36:00	RO_SE_001	3598	22026	132	0	13257	9.21	17.27	15.02	4.97	11581	16.35	29.61	13.53	4.97	12473	12.05	22.65	14.78	4.97	11431	17.67	31.5	13.44	4.99	12570	11.50	21.66	14.63	4.91	10551	26.98	41.89	13.57	4.99															2020-07-05 00:36:00
05.07.2020	00:42:00	RO_SE_001	3597	22027	132	0	13257	9.21	17.27	14.98	4.97	11581	16.35	29.61	13.58	4.97	12474	12.04	22.64	14.8	4.97	11431	17.67	31.5	13.45	4.99	12570	11.50	21.66	14.66	4.89	10551	26.98	41.89	13.56	4.99															2020-07-05 00:42:00
05.07.2020	00:48:00	RO_SE_001	3597	22028	132	0	13257	9.21	17.27	14.99	4.97	11581	16.35	29.61	13.57	4.97	12473	12.05	22.65	14.84	4.97	11431	17.67	31.5	13.46	4.99	12570	11.50	21.66	14.68	4.89	10551	26.98	41.89	13.55	4.99															2020-07-05 00:48:00
05.07.2020	00:54:00	RO_SE_001	3598	22029	135	0	13257	9.21	17.27	14.95	4.97	11581	16.35	29.61	13.58	4.97	12473	12.05	22.65	14.8	4.97	11432	17.66	31.49	13.47	4.99	12570	11.50	21.66	14.65	4.89	10551	26.98	41.89	13.53	4.99															2020-07-05 00:54:00
05.07.2020	01:00:00	RO_SE_001	3598	22030	138	0	13258	9.21	17.26	14.98	4.97	11580	16.35	29.62	13.59	4.97	12473	12.05	22.65	14.8	4.97	11432	17.66	31.49	13.48	4.99	12571	11.50	21.65	14.62	4.89	10551	26.98	41.89	13.56	4.99															2020-07-05 01:00:00
05.07.2020	01:06:00	RO_SE_001	3598	22031	96	0	13258	9.21	17.26	14.97	4.97	11581	16.35	29.61	13.58	4.97	12474	12.04	22.64	14.77	4.97	11432	17.66	31.49	13.48	4.99	12571	11.50	21.65	14.65	4.91	10551	26.98	41.89	13.56	4.99															2020-07-05 01:06:00
05.07.2020	01:12:00	RO_SE_001	3598	22032	138	0	13258	9.21	17.26	14.96	4.97	11581	16.35	29.61	13.57	4.97	12474	12.04	22.64	14.81	4.97	11432	17.66	31.49	13.48	4.99	12571	11.50	21.65	14.66	4.89	10551	26.98	41.89	13.52	4.99															2020-07-05 01:12:00
05.07.2020	01:18:00	RO_SE_001	3598	22033	132	0	13258	9.21	17.26	14.95	4.97	11580	16.35	29.62	13.59	4.97	12474	12.04	22.64	14.8	4.97	11433	17.66	31.48	13.48	5.02	12571	11.50	21.65	14.66	4.91	10552	26.97	41.88	13.55	4.99															2020-07-05 01:18:00
05.07.2020	01:24:00	RO_SE_001	3598	22034	120	0	13258	9.21	17.26	14.98	4.97	11581	16.35	29.61	13.55	4.97	12474	12.04	22.64	14.77	4.99	11433	17.66	31.48	13.46	4.99	12572	11.49	21.64	14.64	4.89	10552	26.97	41.88	13.57	4.97															2020-07-05 01:24:00
05.07.2020	01:30:00	RO_SE_001	3598	22035	138	0	13258	9.21	17.26	14.96	4.97	11580	16.35	29.62	13.59	4.97	12475	12.04	22.63	14.8	4.97	11433	17.66	31.48	13.45	4.99	12572	11.49	21.64	14.63	4.89	10552	26.97	41.88	13.55	4.97															2020-07-05 01:30:00
05.07.2020	01:36:00	RO_SE_001	3598	22036	132	0	13258	9.21	17.26	14.93	4.97	11581	16.35	29.61	13.57	4.97	12475	12.04	22.63	14.8	4.97	11434	17.65	31.47	13.46	4.99	12572	11.49	21.64	14.62	4.89	10552	26.97	41.88	13.56	4.99															2020-07-05 01:36:00
05.07.2020	01:42:00	RO_SE_001	3598	22037	132	0	13258	9.21	17.26	14.95	4.97	11581	16.35	29.61	13.55	4.97	12475	12.04	22.63	14.79	4.97	11434	17.65	31.47	13.47	4.99	12572	11.49	21.64	14.61	4.91	10552	26.97	41.88	13.57	4.99															2020-07-05 01:42:00
05.07.2020	01:48:00	RO_SE_001	3598	22038	126	0	13258	9.21	17.26	14.98	4.97	11581	16.35	29.61	13.6	4.97	12475	12.04	22.63	14.77	4.97	11434	17.65	31.47	13.48	5.02	12573	11.49	21.64	14.62	4.91	10552	26.97	41.88	13.57	4.99															2020-07-05 01:48:00
05.07.2020	01:54:00	RO_SE_001	3598	22039	126	0	13258	9.21	17.26	14.94	4.97	11581	16.35	29.61	13.57	4.97	12476	12.03	22.62	14.79	4.97	11434	17.65	31.47	13.51	4.99	12573	11.49	21.64	14.59	4.89	10552	26.97	41.88	13.55	4.99															2020-07-05 01:54:00
05.07.2020	02:00:00	RO_SE_001	3598	22040	135	0	13258	9.21	17.26	14.94	4.97	11581	16.35	29.61	13.59	4.97	12476	12.03	22.62	14.8	4.97	11434	17.65	31.47	13.49	4.99	12573	11.49	21.64	14.64	4.91	10552	26.97	41.88	13.57	4.99															2020-07-05 02:00:00
05.07.2020	02:06:00	RO_SE_001	3598	22041	129	0	13258	9.21	17.26	14.93	4.97	11581	16.35	29.61	13.56	4.97	12476	12.03	22.62	14.77	4.97	11435	17.64	31.46	13.45	4.99	12573	11.49	21.64	14.63	4.91	10552	26.97	41.88	13.59	4.97															2020-07-05 02:06:00
05.07.2020	02:12:00	RO_SE_001	3598	22042	123	0	13258	9.21	17.26	14.93	4.97	11581	16.35	29.61	13.59	4.97	12477	12.03	22.62	14.78	4.99	11435	17.64	31.46	13.47	4.99	12574	11.48	21.63	14.61	4.89	10552	26.97	41.88	13.55	4.99															2020-07-05 02:12:00
05.07.2020	02:18:00	RO_SE_001	3598	22043	123	0	13259	9.21	17.26	14.91	4.97	11582	16.34	29.6	13.57	4.97	12477	12.03	22.62	14.77	4.97	11435	17.64	31.46	13.43	4.99	12574	11.48	21.63	14.61	4.89	10552	26.97	41.88	13.55	4.99															2020-07-05 02:18:00
05.07.2020	02:24:00	RO_SE_001	3598	22044	123	0	13259	9.21	17.26	14.94	4.97	11582	16.34	29.6	13.56	4.97	12477	12.03	22.62	14.76	4.97	11435	17.64	31.46	13.48	4.99	12573	11.49	21.64	14.59	4.89	10552	26.97	41.88	13.54	4.99															2020-07-05 02:24:00
05.07.2020	02:30:00	RO_SE_001	3598	22045	123	0	13259	9.21	17.26	14.92	4.97	11581	16.35	29.61	13.58	4.97	12477	12.03	22.62	14.75	4.97	11435	17.64	31.46	13.47	4.99	12574	11.48	21.63	14.63	4.89	10553	26.95	41.87	13.59	4.99															2020-07-05 02:30:00
05.07.2020	02:36:00	RO_SE_001	3597	22046	144	0	13259	9.21	17.26	14.94	4.97	11581	16.35	29.61	13.59	4.97	12478	12.03	22.61	14.77	4.97	11436	17.64	31.45	13.49	4.99	12573	11.49	21.64	14.61	4.89	10553	26.95	41.87	13.55	4.97															2020-07-05 02:36:00
05.07.2020	02:42:00	RO_SE_001	3598	22047	144	0	13259	9.21	17.26	14.93	4.97	11582	16.34	29.6	13.56	4.97	12478	12.03	22.61	14.74	4.97	11436	17.64	31.45	13.47	5.02	12574	11.48	21.63	14.59	4.89	10553	26.95	41.87	13.57	4.99															2020-07-05 02:42:00
05.07.2020	02:48:00	RO_SE_001	3598	22048	144	0	13258	9.21	17.26	14.92	4.97	11582	16.34	29.6	13.61	4.97	12478	12.03	22.61	14.73	4.97	11436	17.64	31.45	13.48	4.99	12574	11.48	21.63	14.59	4.89	10553	26.95	41.87	13.55	4.97															2020-07-05 02:48:00
05.07.2020	02:54:00	RO_SE_001	3598	22049	123	0	13258	9.21	17.26	14.92	4.97	11582	16.34	29.6	13.55	4.97	12479	12.02	22.6	14.77	4.97	11436	17.64	31.45	13.46	4.99	12574	11.48	21.63	14.65	4.89	10553	26.95	41.87	13.56	4.99															2020-07-05 02:54:00
05.07.2020	03:00:00	RO_SE_001	3598	22050	141	0	13258	9.21	17.26	14.92	4.97	11581	16.35	29.61	13.6	4.97	12479	12.02	22.6	14.77	4.97	11436	17.64	31.45	13.48	4.99	12574	11.48	21.63	14.61	4.91	10553	26.95	41.87	13.55	4.99															2020-07-05 03:00:00
05.07.2020	03:06:00	RO_SE_001	3598	22051	132	0	13259	9.21	17.26	14.95	4.97	11582	16.34	29.6	13.59	4.97	12479	12.02	22.6	14.73	4.97	11437	17.63	31.44	13.48	4.99	12575	11.48	21.62	14.63	4.91	10553	26.95	41.87	13.57	4.99															2020-07-05 03:06:00
05.07.2020	03:12:00	RO_SE_001	3598	22052	141	0	13259	9.21	17.26	14.92	4.97	11582	16.34	29.6	13.62	4.97	12480	12.02	22.6	14.77	4.97	11437	17.63	31.44	13.5	5.02	12575	11.48	21.62	14.58	4.89	10553	26.95	41.87	13.56	4.99															2020-07-05 03:12:00
05.07.2020	03:18:00	RO_SE_001	3598	22053	141	0	13259	9.21	17.26	14.91	4.97	11581	16.35	29.61	13.57	4.97	12480	12.02	22.6	14.76	4.99	11436	17.64	31.45	13.46	5.02	12575	11.48	21.62	14.63	4.89	10553	26.95	41.87	13.56	4.99															2020-07-05 03:18:00
05.07.2020	03:24:00	RO_SE_001	3598	22054	141	0	13259	9.21	17.26	14.9	4.97	11582	16.34	29.6	13.58	4.97	12480	12.02	22.6	14.8	4.97	11436	17.64	31.45	13.49	4.99	12575	11.48	21.62	14.63	4.89	10553	26.95	41.87	13.56	4.99															2020-07-05 03:24:00
05.07.2020	03:30:00	RO_SE_001	3597	22055	132	0	13258	9.21	17.26	14.91	4.97	11582	16.34	29.6	13.59	4.97	12479	12.02	22.6	14.75	4.97	11437	17.63	31.44	13.48	4.99	12575	11.48	21.62	14.57	4.91	10553	26.95	41.87	13.59	4.99															2020-07-05 03:30:00
05.07.2020	03:36:00	RO_SE_001	3598	22056	132	0	13259	9.21	17.26	14.9	4.97	11582	16.34	29.6	13.59	4.97	12481	12.01	22.59	14.77	4.97	11437	17.63	31.44	13.47	5.02	12576	11.48	21.62	14.59	4.89	10553	26.95	41.87	13.59	4.97															2020-07-05 03:36:00
05.07.2020	03:42:00	RO_SE_001	3598	22057	132	0	13259	9.21	17.26	14.91	4.97	11582	16.34	29.6	13.59	4.97	12480	12.02	22.6	14.76	4.97	11437	17.63	31.44	13.51	5.02	12576	11.48	21.62	14.61	4.91	10553	26.95	41.87	13.57	4.99															2020-07-05 03:42:00
05.07.2020	03:48:00	RO_SE_001	3598	22058	132	0	13259	9.21	17.26	14.89	4.97	11582	16.34	29.6	13.59	4.97	12480	12.02	22.6	14.71	4.97	11437	17.63	31.44	13.51	4.99	12576	11.48	21.62	14.58	4.89	10553	26.95	41.87	13.56	4.99															2020-07-05 03:48:00
05.07.2020	03:54:00	RO_SE_001	3598	22059	141	0	13259	9.21	17.26	14.88	4.97	11582	16.34	29.6	13.58	4.97	12481	12.01	22.59	14.74	4.97	11437	17.63	31.44	13.49	4.99	12576	11.48	21.62	14.63	4.89	10553	26.95	41.87	13.57	4.99															2020-07-05 03:54:00
05.07.2020	04:00:00	RO_SE_001	3598	22060	150	0	13258	9.21	17.26	14.88	4.97	11582	16.34	29.6	13.63	4.97	12481	12.01	22.59	14.75	4.97	11438	17.62	31.43	13.47	4.99	12576	11.48	21.62	14.62	4.89	10554	26.94	41.85	13.59	4.99															2020-07-05 04:00:00
05.07.2020	04:06:00	RO_SE_001	3598	22061	150	0	13258	9.21	17.26	14.86	4.97	11582	16.34	29.6	13.56	4.97	12481	12.01	22.59	14.75	4.97	11438	17.62	31.43	13.48	5.02	12577	11.47	21.61	14.63	4.89	10554	26.94	41.85	13.61	4.99															2020-07-05 04:06:00
05.07.2020	04:12:00	RO_SE_001	3598	22062	138	0	13258	9.21	17.26	14.91	4.97	11582	16.34	29.6	13.59	4.97	12481	12.01	22.59	14.77	4.97	11438	17.62	31.43	13.47	4.99	12577	11.47	21.61	14.6	4.91	10554	26.94	41.85	13.59	4.99															2020-07-05 04:12:00
05.07.2020	04:18:00	RO_SE_001	3598	22063	120	0	13259	9.21	17.26	14.9	4.97	11582	16.34	29.6	13.61	4.97	12482	12.01	22.58	14.74	4.97	11438	17.62	31.43	13.49	5.02	12577	11.47	21.61	14.61	4.89	10554	26.94	41.85	13.58	4.99															2020-07-05 04:18:00
05.07.2020	04:24:00	RO_SE_001	3598	22064	102	0	13259	9.21	17.26	14.9	4.97	11582	16.34	29.6	13.59	4.97	12482	12.01	22.58	14.76	4.97	11438	17.62	31.43	13.48	4.99	12577	11.47	21.61	14.62	4.89	10554	26.94	41.85	13.57	4.99															2020-07-05 04:24:00
05.07.2020	04:30:00	RO_SE_001	3598	22065	84	0	13259	9.21	17.26	14.9	4.97	11583	16.33	29.6	13.6	4.97	12482	12.01	22.58	14.76	4.97	11438	17.62	31.43	13.48	4.99	12578	11.47	21.6	14.57	4.89	10554	26.94	41.85	13.54	4.99															2020-07-05 04:30:00
05.07.2020	04:36:00	RO_SE_001	3598	22066	120	0	13259	9.21	17.26	14.87	4.97	11583	16.33	29.6	13.63	4.97	12483	12.01	22.57	14.75	4.97	11439	17.61	31.42	13.5	4.99	12578	11.47	21.6	14.6	4.91	10554	26.94	41.85	13.58	4.99															2020-07-05 04:36:00
05.07.2020	04:42:00	RO_SE_001	3598	22067	132	0	13259	9.21	17.26	14.89	4.97	11583	16.33	29.6	13.57	4.97	12483	12.01	22.57	14.76	4.97	11439	17.61	31.42	13.49	4.99	12577	11.47	21.61	14.59	4.89	10554	26.94	41.85	13.59	4.99															2020-07-05 04:42:00
05.07.2020	04:48:00	RO_SE_001	3598	22068	123	0	13259	9.21	17.26	14.89	4.97	11582	16.34	29.6	13.59	4.97	12483	12.01	22.57	14.72	4.97	11439	17.61	31.42	13.48	4.99	12578	11.47	21.6	14.6	4.91	10554	26.94	41.85	13.57	4.99															2020-07-05 04:48:00
05.07.2020	04:54:00	RO_SE_001	3598	22069	132	0	13259	9.21	17.26	14.89	4.97	11582	16.34	29.6	13.62	4.97	12484	12.00	22.57	14.73	4.97	11439	17.61	31.42	13.51	5.02	12579	11.46	21.59	14.57	4.89	10554	26.94	41.85	13.59	4.99															2020-07-05 04:54:00
05.07.2020	05:00:00	RO_SE_001	3598	22070	135	0	13259	9.21	17.26	14.85	4.97	11582	16.34	29.6	13.6	4.97	12484	12.00	22.57	14.74	4.97	11439	17.61	31.42	13.5	5.02	12579	11.46	21.59	14.58	4.91	10554	26.94	41.85	13.59	4.99															2020-07-05 05:00:00
05.07.2020	05:06:00	RO_SE_001	3598	22071	144	0	13258	9.21	17.26	14.89	4.97	11582	16.34	29.6	13.59	4.97	12484	12.00	22.57	14.74	4.99	11440	17.61	31.41	13.47	4.99	12579	11.46	21.59	14.59	4.91	10554	26.94	41.85	13.6	4.99															2020-07-05 05:06:00
05.07.2020	05:12:00	RO_SE_001	3597	22072	93	0	13258	9.21	17.26	14.89	4.97	11582	16.34	29.6	13.59	4.97	12485	12.00	22.56	14.75	4.97	11440	17.61	31.41	13.5	4.99	12579	11.46	21.59	14.56	4.91	10554	26.94	41.85	13.59	4.97															2020-07-05 05:12:00
05.07.2020	05:18:00	RO_SE_001	3597	22073	132	0	13259	9.21	17.26	14.91	4.97	11582	16.34	29.6	13.62	4.97	12485	12.00	22.56	14.77	4.97	11440	17.61	31.41	13.52	4.99	12579	11.46	21.59	14.59	4.89	10554	26.94	41.85	13.56	4.97															2020-07-05 05:18:00
05.07.2020	05:24:00	RO_SE_001	3595	22074	129	0	13260	9.20	17.25	14.88	4.97	11582	16.34	29.6	13.59	4.97	12485	12.00	22.56	14.71	4.97	11440	17.61	31.41	13.52	4.99	12580	11.46	21.59	14.56	4.89	10555	26.92	41.84	13.58	4.99															2020-07-05 05:24:00
05.07.2020	05:30:00	RO_SE_001	3596	22075	120	0	13260	9.20	17.25	14.92	4.97	11583	16.33	29.6	13.59	4.97	12485	12.00	22.56	14.69	4.97	11441	17.60	31.4	13.5	4.99	12580	11.46	21.59	14.59	4.89	10555	26.92	41.84	13.59	4.99															2020-07-05 05:30:00
05.07.2020	05:36:00	RO_SE_001	3597	22076	126	0	13260	9.20	17.25	14.89	4.97	11582	16.34	29.6	13.6	4.97	12486	11.99	22.55	14.73	4.97	11441	17.60	31.4	13.48	5.02	12580	11.46	21.59	14.59	4.91	10555	26.92	41.84	13.6	4.97															2020-07-05 05:36:00
05.07.2020	05:42:00	RO_SE_001	3597	22077	144	0	13260	9.20	17.25	14.88	4.97	11581	16.35	29.61	13.61	4.97	12486	11.99	22.55	14.75	4.97	11441	17.60	31.4	13.51	4.99	12580	11.46	21.59	14.56	4.89	10555	26.92	41.84	13.61	4.99															2020-07-05 05:42:00
05.07.2020	05:48:00	RO_SE_001	3598	22078	105	0	13260	9.20	17.25	14.91	4.97	11582	16.34	29.6	13.62	4.97	12487	11.99	22.54	14.76	4.97	11441	17.60	31.4	13.51	4.99	12581	11.46	21.58	14.55	4.89	10555	26.92	41.84	13.55	4.99															2020-07-05 05:48:00
05.07.2020	05:54:00	RO_SE_001	3598	22079	105	0	13260	9.20	17.25	14.91	4.97	11583	16.33	29.6	13.6	4.97	12487	11.99	22.54	14.71	4.97	11442	17.59	31.39	13.52	4.99	12842	10.48	19.76	14.56	4.89	10555	26.92	41.84	13.58	4.99															2020-07-05 05:54:00
05.07.2020	06:00:00	RO_SE_001	3598	22080	129	0	13260	9.20	17.25	14.87	4.97	11583	16.33	29.6	13.62	4.97	12486	11.99	22.55	14.73	4.99	11442	17.59	31.39	13.49	4.99	12581	11.46	21.58	14.59	4.91	10555	26.92	41.84	13.59	4.99															2020-07-05 06:00:00
05.07.2020	06:06:00	RO_SE_001	3597	22081	129	0	13260	9.20	17.25	14.89	4.97	11585	16.32	29.58	13.61	4.97	12487	11.99	22.54	14.71	4.97	11442	17.59	31.39	13.52	4.99	12837	10.50	19.8	14.58	4.89	10555	26.92	41.84	13.6	4.99															2020-07-05 06:06:00
05.07.2020	06:12:00	RO_SE_001	3598	22082	132	0	13260	9.20	17.25	14.88	4.97	11583	16.33	29.6	13.63	4.97	12487	11.99	22.54	14.74	4.97	11442	17.59	31.39	13.5	5.02	12837	10.50	19.8	14.56	4.89	10555	26.92	41.84	13.56	4.99															2020-07-05 06:12:00
05.07.2020	06:18:00	RO_SE_001	3597	22083	147	0	13260	9.20	17.25	14.91	4.97	11582	16.34	29.6	13.62	4.97	12488	11.98	22.54	14.75	4.97	11442	17.59	31.39	13.52	4.99	12843	10.48	19.76	14.61	4.89	10555	26.92	41.84	13.59	4.97															2020-07-05 06:18:00
05.07.2020	06:24:00	RO_SE_001	3597	22084	147	0	13260	9.20	17.25	14.88	4.97	11584	16.33	29.59	13.61	4.97	12488	11.98	22.54	14.77	4.99	11442	17.59	31.39	13.49	4.99	12837	10.50	19.8	14.59	4.89	10555	26.92	41.84	13.61	4.99															2020-07-05 06:24:00
05.07.2020	06:30:00	RO_SE_001	3598	22085	132	0	13261	9.20	17.25	14.91	4.97	11584	16.33	29.59	13.61	4.97	12488	11.98	22.54	14.73	4.97	11443	17.59	31.38	13.49	4.99	12838	10.50	19.79	14.58	4.89	10555	26.92	41.84	13.59	4.99															2020-07-05 06:30:00
05.07.2020	06:36:00	RO_SE_001	3598	22086	132	0	13261	9.20	17.25	14.91	4.97	11584	16.33	29.59	13.64	4.97	12489	11.98	22.53	14.73	4.97	11443	17.59	31.38	13.5	4.99	12838	10.50	19.79	14.57	4.91	10555	26.92	41.84	13.6	4.99															2020-07-05 06:36:00
05.07.2020	06:42:00	RO_SE_001	3597	22087	132	0	13261	9.20	17.25	14.89	4.97	11584	16.33	29.59	13.63	4.97	12489	11.98	22.53	14.76	4.97	11443	17.59	31.38	13.47	5.02	12839	10.49	19.78	14.59	4.89	10555	26.92	41.84	13.6	4.99															2020-07-05 06:42:00
05.07.2020	06:48:00	RO_SE_001	3597	22088	135	0	13261	9.20	17.25	14.91	4.97	11579	16.36	29.63	13.59	4.97	12490	11.98	22.52	14.74	4.97	11443	17.59	31.38	13.51	5.02	12583	11.45	21.57	14.55	4.89	10555	26.92	41.84	13.59	4.99															2020-07-05 06:48:00
05.07.2020	06:54:00	RO_SE_001	3597	22089	135	0	13262	9.20	17.24	14.91	4.97	11585	16.32	29.58	13.61	4.97	12490	11.98	22.52	14.74	4.97	11443	17.59	31.38	13.52	4.99	12583	11.45	21.57	14.6	4.89	10555	26.92	41.84	13.59	4.99															2020-07-05 06:54:00
05.07.2020	07:00:00	RO_SE_001	3597	22090	144	0	13262	9.20	17.24	14.91	4.97	11585	16.32	29.58	13.6	4.97	12491	11.97	22.51	14.76	4.97	11444	17.58	31.37	13.49	4.99	12840	10.49	19.78	14.6	4.89	10556	26.91	41.83	13.61	4.99															2020-07-05 07:00:00
05.07.2020	07:06:00	RO_SE_001	3598	22091	84	0	13262	9.20	17.24	14.91	4.97	11584	16.33	29.59	13.6	4.97	12491	11.97	22.51	14.73	4.97	11444	17.58	31.37	13.52	4.99	12584	11.44	21.56	14.62	4.91	10556	26.91	41.83	13.63	4.99															2020-07-05 07:06:00
05.07.2020	07:12:00	RO_SE_001	3598	22092	132	0	13262	9.20	17.24	14.91	4.97	11585	16.32	29.58	13.61	4.97	12492	11.97	22.51	14.76	4.97	11443	17.59	31.38	13.52	5.02	12585	11.44	21.55	14.59	4.89	10556	26.91	41.83	13.62	4.99															2020-07-05 07:12:00
05.07.2020	07:18:00	RO_SE_001	3598	22093	132	0	13262	9.20	17.24	14.89	4.97	11587	16.31	29.56	13.66	4.97	12492	11.97	22.51	14.76	4.97	11443	17.59	31.38	13.52	4.99	12585	11.44	21.55	14.59	4.89	10556	26.91	41.83	13.59	4.97															2020-07-05 07:18:00
05.07.2020	07:24:00	RO_SE_001	3598	22094	93	0	13262	9.20	17.24	14.95	4.97	11586	16.31	29.57	13.61	4.97	12493	11.96	22.5	14.79	4.97	11444	17.58	31.37	13.48	4.99	12585	11.44	21.55	14.59	4.91	10556	26.91	41.83	13.58	4.99															2020-07-05 07:24:00
05.07.2020	07:30:00	RO_SE_001	3598	22095	93	0	13263	9.20	17.23	14.95	4.97	11587	16.31	29.56	13.62	4.97	12493	11.96	22.5	14.82	4.99	11444	17.58	31.37	13.48	4.99	12586	11.44	21.54	14.61	4.89	10556	26.91	41.83	13.59	4.99															2020-07-05 07:30:00
05.07.2020	07:36:00	RO_SE_001	3598	22096	117	0	13262	9.20	17.24	14.95	4.97	11587	16.31	29.56	13.63	4.97	12494	11.96	22.49	14.8	4.97	11444	17.58	31.37	13.49	5.02	12586	11.44	21.54	14.63	4.89	10556	26.91	41.83	13.61	4.99															2020-07-05 07:36:00
05.07.2020	07:42:00	RO_SE_001	3598	22097	99	0	13263	9.20	17.23	14.95	4.97	11588	16.30	29.55	13.63	4.97	12494	11.96	22.49	14.83	4.97	11444	17.58	31.37	13.51	4.99	12587	11.43	21.54	14.61	4.91	10556	26.91	41.83	13.59	4.99															2020-07-05 07:42:00
05.07.2020	07:48:00	RO_SE_001	3598	22098	99	0	13263	9.20	17.23	14.95	4.97	11588	16.30	29.55	13.61	4.97	12494	11.96	22.49	14.82	4.97	11444	17.58	31.37	13.55	4.99	12588	11.43	21.53	14.63	4.91	10556	26.91	41.83	13.63	4.99															2020-07-05 07:48:00
05.07.2020	07:54:00	RO_SE_001	3598	22099	117	0	13262	9.20	17.24	14.95	4.97	11589	16.30	29.54	13.61	4.97	12495	11.96	22.48	14.84	4.97	11445	17.57	31.36	13.51	5.02	12588	11.43	21.53	14.64	4.91	10556	26.91	41.83	13.59	4.99															2020-07-05 07:54:00
05.07.2020	08:00:00	RO_SE_001	3597	22100	117	0	13263	9.20	17.23	14.98	4.97	11589	16.30	29.54	13.62	4.97	12495	11.96	22.48	14.85	4.97	11445	17.57	31.36	13.55	4.99	12588	11.43	21.53	14.63	4.89	10556	26.91	41.83	13.59	4.99															2020-07-05 08:00:00
05.07.2020	08:06:00	RO_SE_001	3598	22101	117	0	13264	9.19	17.23	14.98	4.97	11590	16.29	29.53	13.59	4.97	12496	11.95	22.48	14.87	4.97	11445	17.57	31.36	13.52	4.99	12588	11.43	21.53	14.67	4.89	10556	26.91	41.83	13.6	4.97															2020-07-05 08:06:00
05.07.2020	08:12:00	RO_SE_001	3598	22102	135	0	13265	9.19	17.22	14.98	4.97	11590	16.29	29.53	13.61	4.97	12496	11.95	22.48	14.88	4.97	11445	17.57	31.36	13.51	5.02	12589	11.42	21.52	14.63	4.89	10556	26.91	41.83	13.59	4.99															2020-07-05 08:12:00
05.07.2020	08:18:00	RO_SE_001	3598	22103	126	0	13265	9.19	17.22	15.02	4.97	11589	16.30	29.54	13.59	4.97	12497	11.95	22.47	14.87	4.97	11445	17.57	31.36	13.49	4.99	12589	11.42	21.52	14.65	4.89	10556	26.91	41.83	13.61	4.99															2020-07-05 08:18:00
05.07.2020	08:24:00	RO_SE_001	3598	22104	144	0	13266	9.19	17.22	15.0	4.97	11589	16.30	29.54	13.59	4.97	12498	11.94	22.46	14.91	4.97	11446	17.56	31.35	13.51	4.99	12590	11.42	21.51	14.66	4.89	10556	26.91	41.83	13.59	4.99															2020-07-05 08:24:00
05.07.2020	08:30:00	RO_SE_001	3598	22105	132	0	13266	9.19	17.22	15.02	4.97	11591	16.28	29.52	13.59	4.97	12498	11.94	22.46	14.9	4.97	11446	17.56	31.35	13.55	4.99	12591	11.42	21.51	14.68	4.89	10556	26.91	41.83	13.59	4.99															2020-07-05 08:30:00
05.07.2020	08:36:00	RO_SE_001	3598	22106	132	0	13266	9.19	17.22	15.06	4.97	11590	16.29	29.53	13.6	4.97	12499	11.94	22.45	14.91	4.97	11446	17.56	31.35	13.51	4.99	12591	11.42	21.51	14.68	4.91	10556	26.91	41.83	13.61	4.99															2020-07-05 08:36:00
05.07.2020	08:42:00	RO_SE_001	3598	22107	138	0	13267	9.18	17.21	15.02	4.97	11591	16.28	29.52	13.63	4.97	12500	11.94	22.45	14.95	4.97	11446	17.56	31.35	13.49	4.99	12592	11.41	21.5	14.68	4.89	10556	26.91	41.83	13.58	4.97															2020-07-05 08:42:00
05.07.2020	08:48:00	RO_SE_001	3598	22108	132	0	13267	9.18	17.21	15.03	4.97	11591	16.28	29.52	13.61	4.97	12500	11.94	22.45	14.95	4.97	11447	17.56	31.34	13.53	5.02	12592	11.41	21.5	14.7	4.91	10557	26.89	41.81	13.59	4.99															2020-07-05 08:48:00
05.07.2020	08:54:00	RO_SE_001	3598	22109	120	0	13267	9.18	17.21	15.05	4.97	11591	16.28	29.52	13.6	4.97	12501	11.93	22.44	14.95	4.97	11447	17.56	31.34	13.51	4.99	12593	11.41	21.49	14.7	4.89	10557	26.89	41.81	13.59	4.97															2020-07-05 08:54:00
05.07.2020	09:00:00	RO_SE_001	3598	22110	132	0	13267	9.18	17.21	15.06	4.97	11591	16.28	29.52	13.61	4.97	12501	11.93	22.44	14.95	4.97	11447	17.56	31.34	13.49	5.02	12594	11.40	21.49	14.72	4.89	10557	26.89	41.81	13.62	4.99															2020-07-05 09:00:00
05.07.2020	09:06:00	RO_SE_001	3598	22111	132	0	13267	9.18	17.21	15.09	4.97	11591	16.28	29.52	13.64	4.97	12501	11.93	22.44	14.97	4.97	11447	17.56	31.34	13.52	5.02	12594	11.40	21.49	14.7	4.89	10557	26.89	41.81	13.61	4.99															2020-07-05 09:06:00
05.07.2020	09:12:00	RO_SE_001	3598	22112	132	0	13268	9.18	17.2	15.05	4.97	11590	16.29	29.53	13.63	4.97	12502	11.93	22.43	14.98	4.97	11447	17.56	31.34	13.52	5.02	12595	11.40	21.48	14.7	4.89	10557	26.89	41.81	13.57	4.99															2020-07-05 09:12:00
05.07.2020	09:18:00	RO_SE_001	3598	22113	132	0	13269	9.18	17.2	15.1	4.97	11591	16.28	29.52	13.6	4.97	12502	11.93	22.43	14.95	4.97	11448	17.55	31.33	13.5	4.99	12595	11.40	21.48	14.71	4.89	10557	26.89	41.81	13.6	4.99															2020-07-05 09:18:00
05.07.2020	09:24:00	RO_SE_001	3597	22114	132	0	13269	9.18	17.2	15.07	4.97	11592	16.28	29.51	13.6	4.97	12503	11.92	22.43	14.98	4.97	11448	17.55	31.33	13.52	4.99	12595	11.40	21.48	14.7	4.89	10557	26.89	41.81	13.57	4.99															2020-07-05 09:24:00
05.07.2020	09:30:00	RO_SE_001	3598	22115	132	0	13269	9.18	17.2	15.11	4.97	11591	16.28	29.52	13.61	4.97	12503	11.92	22.43	14.98	4.97	11448	17.55	31.33	13.53	4.99	12596	11.40	21.47	14.74	4.89	10557	26.89	41.81	13.61	4.99															2020-07-05 09:30:00
05.07.2020	09:36:00	RO_SE_001	3598	22116	120	0	13270	9.17	17.19	15.13	4.97	11592	16.28	29.51	13.61	4.97	12504	11.92	22.42	14.98	4.97	11448	17.55	31.33	13.56	4.99	12595	11.40	21.48	14.75	4.89	10557	26.89	41.81	13.59	4.99															2020-07-05 09:36:00
05.07.2020	09:42:00	RO_SE_001	3598	22117	114	0	13269	9.18	17.2	15.1	4.97	11593	16.27	29.5	13.61	4.97	12505	11.91	22.41	14.97	4.97	11449	17.54	31.32	13.51	4.99	12596	11.40	21.47	14.73	4.89	10557	26.89	41.81	13.62	4.99															2020-07-05 09:42:00
05.07.2020	09:48:00	RO_SE_001	3598	22118	132	0	13269	9.18	17.2	15.12	4.97	11593	16.27	29.5	13.61	4.97	12505	11.91	22.41	14.98	4.97	11449	17.54	31.32	13.54	5.02	12596	11.40	21.47	14.74	4.89	10557	26.89	41.81	13.62	4.99															2020-07-05 09:48:00
05.07.2020	09:54:00	RO_SE_001	3598	22119	132	0	13270	9.17	17.19	15.1	4.97	11594	16.26	29.49	13.59	4.97	12506	11.91	22.4	15.02	4.97	11449	17.54	31.32	13.52	4.99	12597	11.39	21.46	14.75	4.91	10557	26.89	41.81	13.59	4.99															2020-07-05 09:54:00
05.07.2020	10:00:00	RO_SE_001	3598	22120	123	0	13271	9.17	17.19	15.13	4.97	11593	16.27	29.5	13.62	4.97	12506	11.91	22.4	15.04	4.97	11450	17.54	31.31	13.52	4.99	12598	11.39	21.46	14.77	4.91	10557	26.89	41.81	13.61	4.99															2020-07-05 10:00:00
05.07.2020	10:06:00	RO_SE_001	3598	22121	135	0	13270	9.17	17.19	15.13	4.97	11597	16.24	29.46	13.61	4.97	12507	11.91	22.4	15.02	4.97	11450	17.54	31.31	13.52	5.02	12598	11.39	21.46	14.76	4.89	10557	26.89	41.81	13.6	4.97															2020-07-05 10:06:00
05.07.2020	10:12:00	RO_SE_001	3598	22122	141	0	13272	9.17	17.18	15.12	4.97	11597	16.24	29.46	13.63	4.97	12508	11.90	22.39	15.03	4.97	11450	17.54	31.31	13.53	5.02	12599	11.39	21.45	14.8	4.89	10558	26.88	41.8	13.59	4.97															2020-07-05 10:12:00
05.07.2020	10:18:00	RO_SE_001	3598	22123	114	0	13273	9.17	17.17	15.18	4.97	11596	16.25	29.47	13.61	4.97	12508	11.90	22.39	15.06	4.97	11451	17.53	31.3	13.51	4.99	12600	11.38	21.44	14.78	4.89	10558	26.88	41.8	13.61	4.99															2020-07-05 10:18:00
05.07.2020	10:24:00	RO_SE_001	3598	22124	132	0	13273	9.17	17.17	15.13	4.97	11595	16.26	29.48	13.63	4.97	12509	11.90	22.38	15.08	4.97	11451	17.53	31.3	13.5	4.99	12600	11.38	21.44	14.78	4.91	10558	26.88	41.8	13.6	4.99															2020-07-05 10:24:00
05.07.2020	10:30:00	RO_SE_001	3598	22125	153	0	13273	9.17	17.17	15.16	4.97	11597	16.24	29.46	13.62	4.97	12510	11.89	22.37	15.05	4.97	11450	17.54	31.31	13.53	5.02	12601	11.38	21.44	14.81	4.89	10558	26.88	41.8	13.66	4.99															2020-07-05 10:30:00
05.07.2020	10:36:00	RO_SE_001	3598	22126	144	0	13274	9.16	17.17	15.22	4.97	11598	16.24	29.45	13.6	4.97	12510	11.89	22.37	15.04	4.97	11451	17.53	31.3	13.55	5.02	12602	11.37	21.43	14.87	4.89	10558	26.88	41.8	13.61	4.99															2020-07-05 10:36:00
05.07.2020	10:42:00	RO_SE_001	3598	22127	132	0	13275	9.16	17.16	15.2	4.97	11592	16.28	29.51	13.63	4.97	12511	11.89	22.37	15.13	4.99	11451	17.53	31.3	13.52	4.99	12603	11.37	21.42	14.83	4.89	10558	26.88	41.8	13.61	4.99															2020-07-05 10:42:00
05.07.2020	10:48:00	RO_SE_001	3598	22128	126	0	13275	9.16	17.16	15.22	4.97	11597	16.24	29.46	13.62	4.97	12512	11.89	22.36	15.13	4.97	11451	17.53	31.3	13.54	4.99	12602	11.37	21.43	14.82	4.89	10558	26.88	41.8	13.6	4.99															2020-07-05 10:48:00
05.07.2020	10:54:00	RO_SE_001	3598	22129	126	0	13276	9.16	17.16	15.25	4.97	11597	16.24	29.46	13.56	4.97	12516	11.87	22.33	15.12	4.97	11452	17.52	31.29	13.54	4.99	12603	11.37	21.42	14.83	4.89	10558	26.88	41.8	13.63	4.99															2020-07-05 10:54:00
05.07.2020	11:00:00	RO_SE_001	3598	22130	138	0	13277	9.15	17.15	15.21	4.97	11597	16.24	29.46	13.62	4.97	12517	11.87	22.32	15.16	4.97	11452	17.52	31.29	13.53	4.99	12604	11.37	21.41	14.86	4.89	10558	26.88	41.8	13.63	4.99															2020-07-05 11:00:00
05.07.2020	11:06:00	RO_SE_001	3598	22131	111	0	13277	9.15	17.15	15.21	4.97	11599	16.23	29.44	13.63	4.97	12518	11.86	22.32	15.17	4.97	11452	17.52	31.29	13.55	4.99	12605	11.36	21.41	14.84	4.89	10558	26.88	41.8	13.6	4.99															2020-07-05 11:06:00
05.07.2020	11:12:00	RO_SE_001	3598	22132	111	0	13277	9.15	17.15	15.27	4.97	11600	16.23	29.44	13.62	4.97	12519	11.86	22.31	15.23	4.99	11452	17.52	31.29	13.51	5.02	12605	11.36	21.41	14.88	4.91	10558	26.88	41.8	13.59	4.99															2020-07-05 11:12:00
05.07.2020	11:18:00	RO_SE_001	3598	22133	141	0	13278	9.15	17.15	15.27	4.97	11601	16.22	29.43	13.63	4.97	12520	11.85	22.3	15.2	4.97	11453	17.51	31.28	13.52	4.99	12606	11.36	21.4	14.88	4.91	10557	26.89	41.81	13.6	4.97															2020-07-05 11:18:00
05.07.2020	11:24:00	RO_SE_001	3598	22134	141	0	13279	9.15	17.14	15.27	4.97	11601	16.22	29.43	13.59	4.97	12521	11.85	22.29	15.2	4.97	11453	17.51	31.28	13.5	4.99	12607	11.35	21.39	14.91	4.89	10557	26.89	41.81	13.63	4.99															2020-07-05 11:24:00
05.07.2020	11:30:00	RO_SE_001	3598	22135	120	0	13279	9.15	17.14	15.33	4.97	11602	16.21	29.42	13.63	4.97	12522	11.85	22.29	15.22	4.97	11453	17.51	31.28	13.54	5.02	12608	11.35	21.39	14.93	4.89	10557	26.89	41.81	13.65	4.99															2020-07-05 11:30:00
05.07.2020	11:36:00	RO_SE_001	3598	22136	120	0	13280	9.15	17.13	15.33	4.97	11600	16.23	29.44	13.62	4.97	12522	11.85	22.29	15.25	4.97	11454	17.51	31.27	13.55	4.99	12609	11.35	21.38	14.91	4.91	10557	26.89	41.81	13.62	4.99															2020-07-05 11:36:00
05.07.2020	11:42:00	RO_SE_001	3598	22137	120	0	13281	9.14	17.13	15.33	4.97	11602	16.21	29.42	13.63	4.97	12522	11.85	22.29	15.24	4.97	11454	17.51	31.27	13.53	5.02	12609	11.35	21.38	14.93	4.91	10557	26.89	41.81	13.64	4.99															2020-07-05 11:42:00
05.07.2020	11:48:00	RO_SE_001	3598	22138	123	0	13281	9.14	17.13	15.37	4.97	11600	16.23	29.44	13.63	4.97	12522	11.85	22.29	15.24	4.97	11454	17.51	31.27	13.56	4.99	12610	11.34	21.37	14.94	4.89	10558	26.88	41.8	13.63	4.99															2020-07-05 11:48:00
05.07.2020	11:54:00	RO_SE_001	3598	22139	123	0	13281	9.14	17.13	15.36	4.97	11601	16.22	29.43	13.63	4.97	12523	11.84	22.28	15.27	4.97	11454	17.51	31.27	13.55	4.99	12610	11.34	21.37	14.95	4.89	10558	26.88	41.8	13.63	4.99															2020-07-05 11:54:00
05.07.2020	12:00:00	RO_SE_001	3598	22140	123	0	13282	9.14	17.12	15.38	4.97	11599	16.23	29.44	13.6	4.97	12524	11.84	22.27	15.28	4.99	11455	17.50	31.26	13.55	4.99	12611	11.34	21.36	14.98	4.91	10559	26.86	41.79	13.63	4.99															2020-07-05 12:00:00
05.07.2020	12:06:00	RO_SE_001	3598	22141	132	0	13283	9.14	17.12	15.37	4.97	11602	16.21	29.42	13.63	4.97	12525	11.83	22.26	15.28	4.97	11455	17.50	31.26	13.55	4.99	12611	11.34	21.36	14.96	4.89	10558	26.88	41.8	13.65	4.99															2020-07-05 12:06:00
05.07.2020	12:12:00	RO_SE_001	3598	22142	132	0	13283	9.14	17.12	15.37	4.97	11602	16.21	29.42	13.6	4.97	12526	11.83	22.26	15.34	4.97	11455	17.50	31.26	13.52	4.99	12612	11.33	21.36	14.98	4.91	10558	26.88	41.8	13.61	4.99															2020-07-05 12:12:00
05.07.2020	12:18:00	RO_SE_001	3598	22143	114	0	13283	9.14	17.12	15.4	4.97	11604	16.20	29.4	13.66	4.97	12526	11.83	22.26	15.31	4.99	11456	17.49	31.25	13.54	4.99	12612	11.33	21.36	14.97	4.89	10558	26.88	41.8	13.66	4.99															2020-07-05 12:18:00
05.07.2020	12:24:00	RO_SE_001	3598	22144	144	0	13283	9.14	17.12	15.39	4.97	11602	16.21	29.42	13.59	4.97	12527	11.83	22.25	15.32	4.97	11456	17.49	31.25	13.55	4.99	12613	11.33	21.35	14.98	4.89	10558	26.88	41.8	13.63	4.99															2020-07-05 12:24:00
05.07.2020	12:30:00	RO_SE_001	3598	22145	135	0	13284	9.13	17.11	15.4	4.97	11603	16.21	29.41	13.61	4.97	12528	11.82	22.24	15.31	4.97	11457	17.49	31.24	13.52	4.99	12614	11.33	21.34	14.98	4.89	10558	26.88	41.8	13.66	4.97															2020-07-05 12:30:00
05.07.2020	12:36:00	RO_SE_001	3598	22146	135	0	13284	9.13	17.11	15.42	4.97	11603	16.21	29.41	13.61	4.97	12529	11.82	22.24	15.36	4.97	11457	17.49	31.24	13.53	4.99	12615	11.32	21.34	15.0	4.89	10558	26.88	41.8	13.64	4.99															2020-07-05 12:36:00
05.07.2020	12:42:00	RO_SE_001	3598	22147	132	0	13286	9.13	17.1	15.41	4.97	11604	16.20	29.4	13.62	4.97	12529	11.82	22.24	15.38	4.97	11457	17.49	31.24	13.53	4.99	12616	11.32	21.33	15.05	4.91	10558	26.88	41.8	13.64	4.97															2020-07-05 12:42:00
05.07.2020	12:48:00	RO_SE_001	3598	22148	114	0	13287	9.12	17.09	15.47	4.97	11605	16.19	29.39	13.61	4.97	12530	11.81	22.23	15.34	4.97	11458	17.48	31.23	13.57	5.02	12616	11.32	21.33	15.0	4.89	10558	26.88	41.8	13.66	4.99															2020-07-05 12:48:00
05.07.2020	12:54:00	RO_SE_001	3598	22149	135	0	13287	9.12	17.09	15.47	4.97	11605	16.19	29.39	13.64	4.97	12531	11.81	22.22	15.36	4.97	11457	17.49	31.24	13.58	4.99	12616	11.32	21.33	15.02	4.89	10558	26.88	41.8	13.67	4.99															2020-07-05 12:54:00
05.07.2020	13:00:00	RO_SE_001	3598	22150	135	0	13287	9.12	17.09	15.51	4.97	11606	16.19	29.38	13.66	4.97	12532	11.80	22.21	15.37	4.99	11457	17.49	31.24	13.53	4.99	12617	11.32	21.32	15.05	4.89	10558	26.88	41.8	13.64	4.97															2020-07-05 13:00:00
05.07.2020	13:06:00	RO_SE_001	3598	22151	105	0	13287	9.12	17.09	15.53	4.97	11607	16.18	29.37	13.65	4.97	12533	11.80	22.21	15.41	4.97	11458	17.48	31.23	13.53	5.02	12618	11.31	21.31	15.05	4.89	10559	26.86	41.79	13.66	4.99															2020-07-05 13:06:00
05.07.2020	13:12:00	RO_SE_001	3598	22152	132	0	13289	9.12	17.08	15.55	4.97	11607	16.18	29.37	13.65	4.97	12533	11.80	22.21	15.41	4.97	11458	17.48	31.23	13.58	4.99	12619	11.31	21.31	15.06	4.89	10559	26.86	41.79	13.67	4.99															2020-07-05 13:12:00
05.07.2020	13:18:00	RO_SE_001	3598	22153	132	0	13289	9.12	17.08	15.56	4.97	11607	16.18	29.37	13.63	4.97	12534	11.80	22.2	15.44	4.97	11459	17.47	31.22	13.54	4.99	12620	11.30	21.3	15.09	4.89	10559	26.86	41.79	13.63	4.99															2020-07-05 13:18:00
05.07.2020	13:24:00	RO_SE_001	3598	22154	132	0	13290	9.12	17.07	15.58	4.97	11608	16.17	29.36	13.65	4.97	12535	11.79	22.19	15.48	4.97	11459	17.47	31.22	13.54	4.99	12621	11.30	21.29	15.09	4.89	10559	26.86	41.79	13.62	4.99															2020-07-05 13:24:00
05.07.2020	13:30:00	RO_SE_001	3598	22155	132	0	13290	9.12	17.07	15.62	4.97	11606	16.19	29.38	13.63	4.97	12536	11.79	22.18	15.45	4.97	11459	17.47	31.22	13.58	4.99	12621	11.30	21.29	15.12	4.89	10559	26.86	41.79	13.65	4.99															2020-07-05 13:30:00
05.07.2020	13:36:00	RO_SE_001	3598	22156	132	0	13290	9.12	17.07	15.63	4.97	11609	16.17	29.35	13.67	4.97	12536	11.79	22.18	15.46	4.97	11460	17.46	31.21	13.56	5.02	12622	11.30	21.29	15.11	4.89	10559	26.86	41.79	13.63	4.99															2020-07-05 13:36:00
05.07.2020	13:42:00	RO_SE_001	3598	22157	132	0	13292	9.11	17.06	15.68	4.97	11608	16.17	29.36	13.65	4.97	12537	11.78	22.18	15.51	4.99	11460	17.46	31.21	13.56	4.99	12623	11.29	21.28	15.09	4.89	10559	26.86	41.79	13.64	4.99															2020-07-05 13:42:00
05.07.2020	13:48:00	RO_SE_001	3598	22158	132	0	13293	9.11	17.06	15.68	4.97	11609	16.17	29.35	13.66	4.97	12538	11.78	22.17	15.55	4.99	11461	17.46	31.2	13.56	5.02	12623	11.29	21.28	15.12	4.89	10559	26.86	41.79	13.65	4.99															2020-07-05 13:48:00
05.07.2020	13:54:00	RO_SE_001	3598	22159	144	0	13293	9.11	17.06	15.69	4.97	11610	16.16	29.34	13.66	4.97	12539	11.78	22.16	15.52	4.97	11461	17.46	31.2	13.55	5.02	12624	11.29	21.27	15.16	4.91	10559	26.86	41.79	13.61	4.97															2020-07-05 13:54:00
05.07.2020	14:00:00	RO_SE_001	3598	22160	132	0	13294	9.10	17.05	15.69	4.97	11611	16.16	29.33	13.65	4.97	12540	11.77	22.16	15.59	4.97	11462	17.45	31.19	13.59	5.02	12625	11.28	21.26	15.16	4.91	10559	26.86	41.79	13.68	4.97															2020-07-05 14:00:00
05.07.2020	14:06:00	RO_SE_001	3598	22161	132	0	13295	9.10	17.04	15.73	4.97	11610	16.16	29.34	13.64	4.97	12541	11.77	22.15	15.58	4.99	11462	17.45	31.19	13.58	4.99	12626	11.28	21.26	15.2	4.89	10559	26.86	41.79	13.67	4.99															2020-07-05 14:06:00
05.07.2020	14:12:00	RO_SE_001	3598	22162	132	0	13296	9.10	17.04	15.75	4.97	11612	16.15	29.32	13.65	4.97	12542	11.76	22.14	15.6	4.97	11462	17.45	31.19	13.57	4.99	12627	11.28	21.25	15.2	4.89	10559	26.86	41.79	13.66	4.99															2020-07-05 14:12:00
05.07.2020	14:18:00	RO_SE_001	3598	22163	111	0	13297	9.10	17.03	15.77	4.97	11612	16.15	29.32	13.65	4.97	12543	11.76	22.13	15.63	4.97	11463	17.44	31.18	13.55	4.99	12628	11.27	21.24	15.23	4.89	10559	26.86	41.79	13.67	4.97															2020-07-05 14:18:00
05.07.2020	14:24:00	RO_SE_001	3598	22164	111	0	13297	9.10	17.03	15.78	4.97	11615	16.13	29.29	13.66	4.97	12543	11.76	22.13	15.65	4.99	11463	17.44	31.18	13.59	4.99	12629	11.27	21.24	15.23	4.91	10560	26.85	41.77	13.67	4.99															2020-07-05 14:24:00
05.07.2020	14:30:00	RO_SE_001	3598	22165	111	0	13299	9.09	17.02	15.79	4.97	11613	16.14	29.31	13.66	4.97	12544	11.76	22.13	15.65	4.97	11464	17.44	31.17	13.6	4.99	12630	11.26	21.23	15.26	4.89	10560	26.85	41.77	13.67	4.99															2020-07-05 14:30:00
05.07.2020	14:36:00	RO_SE_001	3598	22166	111	0	13300	9.09	17.01	15.82	4.97	11612	16.15	29.32	13.66	4.97	12545	11.75	22.12	15.68	4.97	11464	17.44	31.17	13.57	4.99	12630	11.26	21.23	15.25	4.89	10560	26.85	41.77	13.66	4.99															2020-07-05 14:36:00
05.07.2020	14:42:00	RO_SE_001	3598	22167	111	0	13301	9.08	17.01	15.79	4.97	11615	16.13	29.29	13.69	4.97	12546	11.75	22.11	15.7	4.99	11465	17.43	31.16	13.54	4.99	12631	11.26	21.22	15.26	4.89	10560	26.85	41.77	13.67	4.99															2020-07-05 14:42:00
05.07.2020	14:48:00	RO_SE_001	3598	22168	120	0	13301	9.08	17.01	15.84	4.97	11615	16.13	29.29	13.66	4.97	12552	11.72	22.07	15.72	4.99	11464	17.44	31.17	13.59	5.02	12632	11.26	21.21	15.27	4.91	10560	26.85	41.77	13.65	4.99															2020-07-05 14:48:00
05.07.2020	14:54:00	RO_SE_001	3598	22169	120	0	13302	9.08	17.0	15.86	4.97	11615	16.13	29.29	13.66	4.97	12552	11.72	22.07	15.7	4.97	11465	17.43	31.16	13.59	4.99	12633	11.25	21.21	15.29	4.89	10560	26.85	41.77	13.69	4.97															2020-07-05 14:54:00
05.07.2020	15:00:00	RO_SE_001	3598	22170	90	0	13303	9.08	17.0	15.85	4.97	11612	16.15	29.32	13.67	4.97	12553	11.72	22.06	15.7	4.97	11465	17.43	31.16	13.61	4.99	12634	11.25	21.2	15.32	4.89	10560	26.85	41.77	13.68	4.99															2020-07-05 15:00:00
05.07.2020	15:06:00	RO_SE_001	3598	22171	114	0	13304	9.07	16.99	15.88	4.97	11616	16.12	29.29	13.67	4.97	12552	11.72	22.07	15.73	4.99	11465	17.43	31.16	13.61	4.99	12634	11.25	21.2	15.32	4.89	10560	26.85	41.77	13.69	4.99															2020-07-05 15:06:00
05.07.2020	15:12:00	RO_SE_001	3598	22172	123	0	13304	9.07	16.99	15.88	4.97	11617	16.12	29.28	13.66	4.97	12552	11.72	22.07	15.72	4.97	11466	17.42	31.15	13.59	5.02	12635	11.25	21.19	15.34	4.89	10560	26.85	41.77	13.7	4.99															2020-07-05 15:12:00
05.07.2020	15:18:00	RO_SE_001	3598	22173	132	0	13305	9.07	16.98	15.92	4.97	11618	16.11	29.27	13.66	4.97	12553	11.72	22.06	15.75	4.97	11466	17.42	31.15	13.56	4.99	12636	11.24	21.19	15.36	4.91	10560	26.85	41.77	13.7	4.99															2020-07-05 15:18:00
05.07.2020	15:24:00	RO_SE_001	3598	22174	132	0	13306	9.07	16.98	15.91	4.97	11617	16.12	29.28	13.66	4.97	12552	11.72	22.07	15.77	4.97	11467	17.42	31.14	13.56	4.99	12637	11.24	21.18	15.37	4.91	10560	26.85	41.77	13.68	4.99															2020-07-05 15:24:00
05.07.2020	15:30:00	RO_SE_001	3598	22175	123	0	13308	9.06	16.97	15.94	4.97	11620	16.10	29.25	13.66	4.97	12553	11.72	22.06	15.77	4.97	11467	17.42	31.14	13.6	4.99	12637	11.24	21.18	15.37	4.89	10560	26.85	41.77	13.71	4.99															2020-07-05 15:30:00
05.07.2020	15:36:00	RO_SE_001	3598	22176	108	0	13309	9.06	16.96	15.92	4.97	11616	16.12	29.29	13.65	4.97	12554	11.72	22.05	15.84	4.99	11468	17.41	31.13	13.59	4.99	12638	11.23	21.17	15.37	4.89	10561	26.83	41.76	13.72	4.99															2020-07-05 15:36:00
05.07.2020	15:42:00	RO_SE_001	3598	22177	141	0	13310	9.06	16.96	15.95	4.97	11620	16.10	29.25	13.7	4.97	12555	11.71	22.05	15.8	4.97	11468	17.41	31.13	13.59	5.02	12639	11.23	21.16	15.38	4.91	10561	26.83	41.76	13.68	4.99															2020-07-05 15:42:00
05.07.2020	15:48:00	RO_SE_001	3598	22178	132	0	13311	9.05	16.95	15.96	4.97	11620	16.10	29.25	13.7	4.97	12556	11.71	22.04	15.8	4.99	11469	17.40	31.12	13.62	4.99	12640	11.23	21.16	15.41	4.91	10561	26.83	41.76	13.68	4.99															2020-07-05 15:48:00
05.07.2020	15:54:00	RO_SE_001	3598	22179	120	0	13311	9.05	16.95	15.98	4.97	11621	16.09	29.24	13.67	4.97	12556	11.71	22.04	15.84	4.99	11469	17.40	31.12	13.59	4.99	12641	11.22	21.15	15.44	4.91	10561	26.83	41.76	13.73	4.99															2020-07-05 15:54:00
05.07.2020	16:00:00	RO_SE_001	3598	22180	114	0	13311	9.05	16.95	15.98	4.97	11621	16.09	29.24	13.71	4.97	12557	11.70	22.03	15.8	4.99	11469	17.40	31.12	13.61	4.99	12642	11.22	21.14	15.45	4.89	10561	26.83	41.76	13.7	4.97															2020-07-05 16:00:00
05.07.2020	16:06:00	RO_SE_001	3598	22181	132	0	13312	9.05	16.94	15.99	4.97	11622	16.09	29.23	13.7	4.97	12557	11.70	22.03	15.86	4.99	11470	17.39	31.11	13.6	5.02	12643	11.21	21.14	15.43	4.91	10561	26.83	41.76	13.73	4.99															2020-07-05 16:06:00
05.07.2020	16:12:00	RO_SE_001	3598	22182	132	0	13313	9.05	16.94	15.96	4.97	11623	16.08	29.22	13.72	4.97	12559	11.70	22.02	15.87	4.99	11470	17.39	31.11	13.6	4.99	12644	11.21	21.13	15.44	4.89	10561	26.83	41.76	13.71	4.99															2020-07-05 16:12:00
05.07.2020	16:18:00	RO_SE_001	3598	22183	138	0	13313	9.05	16.94	16.0	4.97	11623	16.08	29.22	13.71	4.97	12560	11.69	22.01	15.85	4.97	11471	17.39	31.1	13.62	5.02	12644	11.21	21.13	15.42	4.91	10561	26.83	41.76	13.7	4.97															2020-07-05 16:18:00
05.07.2020	16:24:00	RO_SE_001	3598	22184	117	0	13314	9.05	16.93	15.99	4.97	11623	16.08	29.22	13.7	4.97	12560	11.69	22.01	15.86	4.99	11471	17.39	31.1	13.6	5.02	12644	11.21	21.13	15.48	4.91	10561	26.83	41.76	13.75	4.99															2020-07-05 16:24:00
05.07.2020	16:30:00	RO_SE_001	3598	22185	132	0	13321	9.03	16.89	16.02	4.97	11624	16.07	29.21	13.7	4.97	12562	11.68	22.0	15.81	4.99	11471	17.39	31.1	13.62	4.99	12645	11.21	21.12	15.48	4.91	10561	26.83	41.76	13.73	4.99															2020-07-05 16:30:00
05.07.2020	16:36:00	RO_SE_001	3598	22186	132	0	13321	9.03	16.89	16.03	4.97	11624	16.07	29.21	13.72	4.97	12563	11.68	21.99	15.91	4.99	11472	17.38	31.09	13.59	4.99	12646	11.20	21.11	15.48	4.89	10561	26.83	41.76	13.73	4.99															2020-07-05 16:36:00
05.07.2020	16:42:00	RO_SE_001	3598	22187	132	0	13321	9.03	16.89	16.04	4.97	11625	16.07	29.2	13.72	4.97	12563	11.68	21.99	15.88	4.99	11471	17.39	31.1	13.65	4.99	12647	11.20	21.11	15.48	4.89	10561	26.83	41.76	13.71	4.99															2020-07-05 16:42:00
05.07.2020	16:48:00	RO_SE_001	3598	22188	126	0	13321	9.03	16.89	16.08	4.97	11625	16.07	29.2	13.76	4.97	12563	11.68	21.99	15.88	4.97	11472	17.38	31.09	13.64	5.02	12648	11.20	21.1	15.48	4.91	10561	26.83	41.76	13.73	4.99															2020-07-05 16:48:00
05.07.2020	16:54:00	RO_SE_001	3598	22189	132	0	13315	9.04	16.93	16.05	4.97	11626	16.06	29.19	13.7	4.97	12564	11.68	21.98	15.91	4.97	11472	17.38	31.09	13.64	4.99	12649	11.19	21.09	15.52	4.91	10562	26.82	41.75	13.77	4.99															2020-07-05 16:54:00
05.07.2020	17:00:00	RO_SE_001	3566	22190	132	0	13321	9.03	16.89	16.05	4.97	11625	16.07	29.2	13.74	4.97	12565	11.67	21.97	15.91	4.99	11473	17.37	31.08	13.64	4.99	12650	11.19	21.09	15.52	4.89	10562	26.82	41.75	13.75	4.99															2020-07-05 17:00:00
05.07.2020	17:06:00	RO_SE_001	3598	22191	123	0	13321	9.03	16.89	16.12	4.97	11626	16.06	29.19	13.71	4.97	12566	11.67	21.97	15.9	4.99	11473	17.37	31.08	13.63	4.99	12650	11.19	21.09	15.5	4.89	10562	26.82	41.75	13.74	4.99															2020-07-05 17:06:00
05.07.2020	17:12:00	RO_SE_001	3598	22192	123	0	13321	9.03	16.89	16.09	4.97	11626	16.06	29.19	13.74	4.97	12567	11.66	21.96	15.92	4.97	11473	17.37	31.08	13.63	4.99	12650	11.19	21.09	15.55	4.91	10562	26.82	41.75	13.76	4.97															2020-07-05 17:12:00
05.07.2020	17:18:00	RO_SE_001	3598	22193	123	0	13321	9.03	16.89	16.07	4.97	11626	16.06	29.19	13.73	4.97	12568	11.66	21.95	15.91	4.97	11474	17.37	31.07	13.63	4.99	12651	11.18	21.08	15.54	4.91	10562	26.82	41.75	13.74	4.97															2020-07-05 17:18:00
05.07.2020	17:24:00	RO_SE_001	3598	22194	138	0	13321	9.03	16.89	16.07	4.97	11626	16.06	29.19	13.75	4.97	12568	11.66	21.95	15.91	4.97	11474	17.37	31.07	13.63	5.02	12652	11.18	21.07	15.54	4.89	10562	26.82	41.75	13.78	4.99															2020-07-05 17:24:00
05.07.2020	17:30:00	RO_SE_001	3598	22195	132	0	13321	9.03	16.89	16.11	4.97	11625	16.07	29.2	13.73	4.97	12569	11.66	21.95	15.95	4.99	11474	17.37	31.07	13.66	4.99	12652	11.18	21.07	15.55	4.91	10562	26.82	41.75	13.75	4.99															2020-07-05 17:30:00
05.07.2020	17:36:00	RO_SE_001	3598	22196	132	0	13321	9.03	16.89	16.1	4.97	11625	16.07	29.2	13.74	4.97	12570	11.65	21.94	15.95	4.99	11475	17.36	31.06	13.64	4.99	12653	11.18	21.07	15.55	4.89	10562	26.82	41.75	13.78	4.99															2020-07-05 17:36:00
05.07.2020	17:42:00	RO_SE_001	3598	22197	132	0	13321	9.03	16.89	16.13	4.97	11626	16.06	29.19	13.75	4.97	12570	11.65	21.94	15.96	4.99	11475	17.36	31.06	13.63	4.99	12653	11.18	21.07	15.58	4.89	10562	26.82	41.75	13.75	4.97															2020-07-05 17:42:00
05.07.2020	17:48:00	RO_SE_001	3598	22198	132	0	13321	9.03	16.89	16.13	4.97	11626	16.06	29.19	13.74	4.97	12571	11.65	21.93	15.96	4.97	11475	17.36	31.06	13.66	4.99	12654	11.17	21.06	15.54	4.89	10562	26.82	41.75	13.78	4.99															2020-07-05 17:48:00
05.07.2020	17:54:00	RO_SE_001	3598	22199	132	0	13322	9.02	16.88	16.11	4.97	11625	16.07	29.2	13.73	4.97	12571	11.65	21.93	15.94	4.99	11476	17.35	31.05	13.67	5.02	12654	11.17	21.06	15.57	4.89	10563	26.80	41.73	13.77	4.99															2020-07-05 17:54:00
05.07.2020	18:00:00	RO_SE_001	3598	22200	132	0	13322	9.02	16.88	16.11	4.97	11625	16.07	29.2	13.77	4.97	12571	11.65	21.93	15.95	4.97	11476	17.35	31.05	13.66	5.02	12655	11.17	21.05	15.57	4.89	10563	26.80	41.73	13.78	4.99															2020-07-05 18:00:00
05.07.2020	18:06:00	RO_SE_001	3598	22201	132	0	13322	9.02	16.88	16.12	4.97	11626	16.06	29.19	13.77	4.97	12572	11.64	21.92	15.95	4.99	11476	17.35	31.05	13.7	4.99	12655	11.17	21.05	15.56	4.91	10563	26.80	41.73	13.78	4.99															2020-07-05 18:06:00
05.07.2020	18:12:00	RO_SE_001	3598	22202	138	0	13322	9.02	16.88	16.1	4.97	11626	16.06	29.19	13.74	4.97	12573	11.64	21.92	15.91	4.97	11477	17.35	31.04	13.66	4.99	12656	11.16	21.04	15.58	4.89	10563	26.80	41.73	13.8	4.99															2020-07-05 18:12:00
05.07.2020	18:18:00	RO_SE_001	3598	22203	135	0	13322	9.02	16.88	16.09	4.97	11624	16.07	29.21	13.78	4.97	12573	11.64	21.92	15.96	4.97	11477	17.35	31.04	13.69	4.99	12657	11.16	21.04	15.59	4.89	10563	26.80	41.73	13.8	4.99															2020-07-05 18:18:00
05.07.2020	18:24:00	RO_SE_001	3598	22204	129	0	13323	9.02	16.88	16.13	4.97	11623	16.08	29.22	13.75	4.97	12574	11.64	21.91	15.94	4.97	11477	17.35	31.04	13.66	5.02	12657	11.16	21.04	15.59	4.89	10563	26.80	41.73	13.77	4.99															2020-07-05 18:24:00
05.07.2020	18:30:00	RO_SE_001	3598	22205	123	0	13323	9.02	16.88	16.11	4.97	11624	16.07	29.21	13.81	4.97	12574	11.64	21.91	15.95	4.97	11478	17.34	31.04	13.66	4.99	12658	11.16	21.03	15.57	4.89	10563	26.80	41.73	13.81	4.99															2020-07-05 18:30:00
05.07.2020	18:36:00	RO_SE_001	3598	22206	120	0	13323	9.02	16.88	16.11	4.97	11624	16.07	29.21	13.79	4.97	12575	11.63	21.9	15.94	4.97	11478	17.34	31.04	13.7	4.99	12658	11.16	21.03	15.59	4.89	10563	26.80	41.73	13.8	4.99															2020-07-05 18:36:00
05.07.2020	18:42:00	RO_SE_001	3598	22207	132	0	13323	9.02	16.88	16.13	4.97	11622	16.09	29.23	13.8	4.97	12575	11.63	21.9	15.96	4.97	11478	17.34	31.04	13.69	4.99	12657	11.16	21.04	15.59	4.91	10563	26.80	41.73	13.83	4.99															2020-07-05 18:42:00
05.07.2020	18:48:00	RO_SE_001	3598	22208	132	0	13323	9.02	16.88	16.09	4.97	11624	16.07	29.21	13.79	4.97	12576	11.63	21.89	15.93	4.99	11478	17.34	31.04	13.66	4.99	12658	11.16	21.03	15.62	4.91	10563	26.80	41.73	13.8	4.97															2020-07-05 18:48:00
05.07.2020	18:54:00	RO_SE_001	3598	22209	132	0	13323	9.02	16.88	16.09	4.97	11624	16.07	29.21	13.8	4.97	12576	11.63	21.89	15.93	4.97	11479	17.33	31.03	13.67	5.02	12658	11.16	21.03	15.61	4.89	10563	26.80	41.73	13.8	4.97															2020-07-05 18:54:00
05.07.2020	19:00:00	RO_SE_001	3598	22210	132	0	13323	9.02	16.88	16.13	4.97	11624	16.07	29.21	13.77	4.97	12577	11.62	21.89	15.94	4.97	11478	17.34	31.04	13.7	5.02	12659	11.15	21.02	15.57	4.91	10563	26.80	41.73	13.85	4.99															2020-07-05 19:00:00
05.07.2020	19:06:00	RO_SE_001	3598	22211	135	0	13323	9.02	16.88	16.09	4.97	11625	16.07	29.2	13.8	4.97	12578	11.62	21.88	15.9	4.97	11478	17.34	31.04	13.68	4.99	12659	11.15	21.02	15.58	4.91	10563	26.80	41.73	13.82	4.99															2020-07-05 19:06:00
05.07.2020	19:12:00	RO_SE_001	3598	22212	132	0	13323	9.02	16.88	16.11	4.97	11624	16.07	29.21	13.77	4.97	12578	11.62	21.88	15.94	4.99	11479	17.33	31.03	13.71	5.02	12660	11.15	21.02	15.59	4.89	10564	26.79	41.72	13.82	4.99															2020-07-05 19:12:00
05.07.2020	19:18:00	RO_SE_001	3598	22213	132	0	13322	9.02	16.88	16.11	4.97	11625	16.07	29.2	13.77	4.97	12834	10.66	20.1	15.94	4.97	11479	17.33	31.03	13.7	4.99	12660	11.15	21.02	15.6	4.89	10564	26.79	41.72	13.85	4.99															2020-07-05 19:18:00
05.07.2020	19:24:00	RO_SE_001	3598	22214	132	0	13322	9.02	16.88	16.1	4.97	11624	16.07	29.21	13.79	4.97	12834	10.66	20.1	15.91	4.97	11479	17.33	31.03	13.68	5.02	12661	11.15	21.01	15.6	4.91	10564	26.79	41.72	13.81	4.99															2020-07-05 19:24:00
05.07.2020	19:30:00	RO_SE_001	3598	22215	132	0	13323	9.02	16.88	16.09	4.97	11625	16.07	29.2	13.82	4.97	12839	10.64	20.07	15.91	4.97	11480	17.32	31.02	13.71	4.99	12661	11.15	21.01	15.59	4.91	10564	26.79	41.72	13.84	4.99															2020-07-05 19:30:00
05.07.2020	19:36:00	RO_SE_001	3598	22216	132	0	13322	9.02	16.88	16.09	4.97	11625	16.07	29.2	13.81	4.97	12834	10.66	20.1	15.94	4.97	11480	17.32	31.02	13.72	4.99	12661	11.15	21.01	15.61	4.91	10564	26.79	41.72	13.85	4.97															2020-07-05 19:36:00
05.07.2020	19:42:00	RO_SE_001	3598	22217	132	0	13322	9.02	16.88	16.08	4.97	11625	16.07	29.2	13.77	4.97	12835	10.66	20.09	15.94	4.97	11480	17.32	31.02	13.7	5.02	12662	11.14	21.0	15.59	4.91	10564	26.79	41.72	13.85	4.99															2020-07-05 19:42:00
05.07.2020	19:48:00	RO_SE_001	3598	22218	132	0	13322	9.02	16.88	16.1	4.97	11625	16.07	29.2	13.8	4.97	12835	10.66	20.09	15.91	4.99	11480	17.32	31.02	13.7	4.99	12662	11.14	21.0	15.61	4.91	10564	26.79	41.72	13.84	4.99															2020-07-05 19:48:00
05.07.2020	19:54:00	RO_SE_001	3598	22219	132	0	13324	9.02	16.87	16.1	4.97	11625	16.07	29.2	13.81	4.97	12836	10.65	20.09	15.91	4.97	11481	17.32	31.01	13.71	5.02	12663	11.14	20.99	15.63	4.91	10564	26.79	41.72	13.84	4.99															2020-07-05 19:54:00
05.07.2020	20:00:00	RO_SE_001	3598	22220	132	0	13324	9.02	16.87	16.09	4.97	11625	16.07	29.2	13.84	4.97	12836	10.65	20.09	15.94	4.97	11481	17.32	31.01	13.71	4.99	12663	11.14	20.99	15.57	4.91	10564	26.79	41.72	13.87	4.99															2020-07-05 20:00:00
05.07.2020	20:06:00	RO_SE_001	3598	22221	132	0	13321	9.03	16.89	16.1	4.97	11625	16.07	29.2	13.85	4.97	12581	11.61	21.86	15.91	4.97	11481	17.32	31.01	13.73	4.99	12663	11.14	20.99	15.62	4.91	10564	26.79	41.72	13.85	4.99															2020-07-05 20:06:00
05.07.2020	20:12:00	RO_SE_001	3598	22222	132	0	13324	9.02	16.87	16.08	4.97	11625	16.07	29.2	13.84	4.97	12581	11.61	21.86	15.89	4.97	11482	17.31	31.0	13.74	4.99	12664	11.13	20.99	15.59	4.91	10564	26.79	41.72	13.85	4.99															2020-07-05 20:12:00
05.07.2020	20:18:00	RO_SE_001	3598	22223	135	0	13324	9.02	16.87	16.07	4.97	11625	16.07	29.2	13.85	4.97	12582	11.60	21.85	15.93	4.99	11482	17.31	31.0	13.73	4.99	12664	11.13	20.99	15.61	4.89	10564	26.79	41.72	13.84	4.99															2020-07-05 20:18:00
05.07.2020	20:24:00	RO_SE_001	3598	22224	138	0	13325	9.01	16.87	16.12	4.97	11625	16.07	29.2	13.84	4.97	12582	11.60	21.85	15.9	4.99	11482	17.31	31.0	13.73	4.99	12664	11.13	20.99	15.61	4.91	10565	26.77	41.71	13.84	4.99															2020-07-05 20:24:00
05.07.2020	20:30:00	RO_SE_001	3598	22225	120	0	13325	9.01	16.87	16.08	4.97	11626	16.06	29.19	13.84	4.97	12583	11.60	21.84	15.9	4.97	11483	17.30	30.99	13.73	4.99	12665	11.13	20.98	15.63	4.91	10565	26.77	41.71	13.87	4.97															2020-07-05 20:30:00
05.07.2020	20:36:00	RO_SE_001	3598	22226	111	0	13325	9.01	16.87	16.04	4.97	11626	16.06	29.19	13.87	4.97	12583	11.60	21.84	15.88	4.99	11483	17.30	30.99	13.73	5.02	12664	11.13	20.99	15.6	4.89	10565	26.77	41.71	13.91	4.99															2020-07-05 20:36:00
05.07.2020	20:42:00	RO_SE_001	3598	22227	120	0	13325	9.01	16.87	16.05	4.97	11625	16.07	29.2	13.83	4.97	12583	11.60	21.84	15.86	4.99	11483	17.30	30.99	13.75	4.99	12665	11.13	20.98	15.57	4.89	10565	26.77	41.71	13.86	4.97															2020-07-05 20:42:00
05.07.2020	20:48:00	RO_SE_001	3598	22228	132	0	13325	9.01	16.87	16.08	4.97	11625	16.07	29.2	13.82	4.97	12584	11.60	21.84	15.91	4.99	11483	17.30	30.99	13.7	4.99	12665	11.13	20.98	15.63	4.91	10565	26.77	41.71	13.89	4.99															2020-07-05 20:48:00
05.07.2020	20:54:00	RO_SE_001	3598	22229	135	0	13324	9.02	16.87	16.07	4.97	11626	16.06	29.19	13.87	4.97	12584	11.60	21.84	15.88	4.99	11484	17.30	30.98	13.73	5.02	12665	11.13	20.98	15.59	4.89	10565	26.77	41.71	13.87	4.97															2020-07-05 20:54:00
05.07.2020	21:00:00	RO_SE_001	3598	22230	147	0	13325	9.01	16.87	16.07	4.97	11625	16.07	29.2	13.87	4.94	12585	11.59	21.83	15.88	4.97	11484	17.30	30.98	13.74	4.99	12666	11.13	20.97	15.57	4.91	10564	26.79	41.72	13.91	4.99															2020-07-05 21:00:00
05.07.2020	21:06:00	RO_SE_001	3598	22231	123	0	13326	9.01	16.86	16.05	4.97	11625	16.07	29.2	13.88	4.97	12585	11.59	21.83	15.88	4.97	11484	17.30	30.98	13.74	4.99	12666	11.13	20.97	15.58	4.91	10564	26.79	41.72	13.9	4.99															2020-07-05 21:06:00
05.07.2020	21:12:00	RO_SE_001	3598	22232	132	0	13326	9.01	16.86	16.09	4.97	11625	16.07	29.2	13.87	4.97	12585	11.59	21.83	15.88	4.99	11484	17.30	30.98	13.79	4.99	12666	11.13	20.97	15.56	4.91	10565	26.77	41.71	13.85	4.99															2020-07-05 21:12:00
05.07.2020	21:18:00	RO_SE_001	3598	22233	132	0	13325	9.01	16.87	16.02	4.97	11624	16.07	29.21	13.86	4.97	12585	11.59	21.83	15.88	4.97	11485	17.29	30.97	13.8	5.02	12667	11.12	20.97	15.59	4.91	10565	26.77	41.71	13.91	4.99															2020-07-05 21:18:00
05.07.2020	21:24:00	RO_SE_001	3598	22234	132	0	13326	9.01	16.86	16.04	4.97	11626	16.06	29.19	13.84	4.97	12585	11.59	21.83	15.85	4.99	11485	17.29	30.97	13.77	4.99	12667	11.12	20.97	15.58	4.89	10565	26.77	41.71	13.89	4.99															2020-07-05 21:24:00
05.07.2020	21:30:00	RO_SE_001	3598	22235	132	0	13326	9.01	16.86	15.99	4.97	11625	16.07	29.2	13.91	4.97	12585	11.59	21.83	15.87	4.97	11485	17.29	30.97	13.73	4.99	12667	11.12	20.97	15.59	4.89	10564	26.79	41.72	13.88	4.99															2020-07-05 21:30:00
05.07.2020	21:36:00	RO_SE_001	3598	22236	120	0	13326	9.01	16.86	16.03	4.97	11626	16.06	29.19	13.87	4.97	12586	11.59	21.82	15.85	4.97	11485	17.29	30.97	13.77	4.99	12667	11.12	20.97	15.61	4.89	10564	26.79	41.72	13.91	4.99															2020-07-05 21:36:00
05.07.2020	21:42:00	RO_SE_001	3598	22237	132	0	13326	9.01	16.86	16.02	4.97	11625	16.07	29.2	13.88	4.97	12586	11.59	21.82	15.85	4.97	11485	17.29	30.97	13.77	5.02	12668	11.12	20.96	15.57	4.91	10565	26.77	41.71	13.93	4.99															2020-07-05 21:42:00
05.07.2020	21:48:00	RO_SE_001	3598	22238	111	0	13326	9.01	16.86	16.0	4.97	11626	16.06	29.19	13.88	4.97	12587	11.59	21.82	15.82	4.97	11485	17.29	30.97	13.8	4.99	12668	11.12	20.96	15.58	4.91	10565	26.77	41.71	13.92	4.99															2020-07-05 21:48:00
05.07.2020	21:54:00	RO_SE_001	3598	22239	111	0	13326	9.01	16.86	16.01	4.97	11625	16.07	29.2	13.86	4.97	12587	11.59	21.82	15.83	4.99	11486	17.28	30.96	13.76	4.99	12668	11.12	20.96	15.56	4.89	10565	26.77	41.71	13.91	4.97															2020-07-05 21:54:00
05.07.2020	22:00:00	RO_SE_001	3598	22240	111	0	13327	9.01	16.85	15.98	4.97	11625	16.07	29.2	13.88	4.97	12587	11.59	21.82	15.8	4.97	11486	17.28	30.96	13.79	4.99	12669	11.12	20.95	15.56	4.91	10565	26.77	41.71	13.89	4.99															2020-07-05 22:00:00
05.07.2020	22:06:00	RO_SE_001	3598	22241	111	0	13327	9.01	16.85	16.02	4.97	11625	16.07	29.2	13.91	4.97	12587	11.59	21.82	15.83	4.99	11486	17.28	30.96	13.77	5.02	12669	11.12	20.95	15.57	4.91	10565	26.77	41.71	13.91	4.99															2020-07-05 22:06:00
05.07.2020	22:12:00	RO_SE_001	3598	22242	132	0	13327	9.01	16.85	15.97	4.97	11625	16.07	29.2	13.88	4.97	12588	11.58	21.81	15.79	4.97	11486	17.28	30.96	13.8	4.99	12669	11.12	20.95	15.6	4.91	10565	26.77	41.71	13.91	4.99															2020-07-05 22:12:00
05.07.2020	22:18:00	RO_SE_001	3598	22243	132	0	13327	9.01	16.85	15.97	4.97	11625	16.07	29.2	13.91	4.97	12588	11.58	21.81	15.79	4.99	11486	17.28	30.96	13.77	5.02	12670	11.11	20.95	15.56	4.91	10565	26.77	41.71	13.93	4.99															2020-07-05 22:18:00
05.07.2020	22:24:00	RO_SE_001	3598	22244	132	0	13327	9.01	16.85	15.98	4.97	11625	16.07	29.2	13.89	4.97	12589	11.58	21.8	15.79	4.99	11487	17.28	30.95	13.79	4.99	12670	11.11	20.95	15.56	4.91	10565	26.77	41.71	13.93	4.99															2020-07-05 22:24:00
05.07.2020	22:30:00	RO_SE_001	3598	22245	132	0	13326	9.01	16.86	15.97	4.97	11624	16.07	29.21	13.89	4.97	12589	11.58	21.8	15.78	4.99	11487	17.28	30.95	13.78	4.99	12670	11.11	20.95	15.57	4.91	10565	26.77	41.71	13.92	4.99															2020-07-05 22:30:00
05.07.2020	22:36:00	RO_SE_001	3598	22246	108	0	13327	9.01	16.85	15.98	4.97	11625	16.07	29.2	13.91	4.97	12589	11.58	21.8	15.76	4.97	11487	17.28	30.95	13.8	4.99	12671	11.11	20.94	15.54	4.91	10565	26.77	41.71	13.93	4.99															2020-07-05 22:36:00
05.07.2020	22:42:00	RO_SE_001	3598	22247	141	0	13326	9.01	16.86	15.98	4.97	11625	16.07	29.2	13.91	4.97	12590	11.57	21.79	15.81	4.97	11487	17.28	30.95	13.81	5.02	12671	11.11	20.94	15.52	4.91	10565	26.77	41.71	13.95	4.97															2020-07-05 22:42:00
05.07.2020	22:48:00	RO_SE_001	3598	22248	114	0	13327	9.01	16.85	15.95	4.97	11625	16.07	29.2	13.91	4.97	12590	11.57	21.79	15.81	4.99	11488	17.27	30.94	13.78	5.02	12671	11.11	20.94	15.53	4.89	10565	26.77	41.71	13.95	4.97															2020-07-05 22:48:00
05.07.2020	22:54:00	RO_SE_001	3598	22249	138	0	13327	9.01	16.85	15.95	4.97	11625	16.07	29.2	13.9	4.97	12590	11.57	21.79	15.8	4.99	11488	17.27	30.94	13.78	4.99	12671	11.11	20.94	15.55	4.91	10565	26.77	41.71	13.93	4.99															2020-07-05 22:54:00
05.07.2020	23:00:00	RO_SE_001	3598	22250	117	0	13327	9.01	16.85	15.96	4.97	11624	16.07	29.21	13.89	4.97	12591	11.57	21.79	15.78	4.97	11488	17.27	30.94	13.8	4.99	12671	11.11	20.94	15.57	4.89	10565	26.77	41.71	13.95	4.99															2020-07-05 23:00:00
05.07.2020	23:06:00	RO_SE_001	3598	22251	132	0	13328	9.01	16.85	15.91	4.97	11625	16.07	29.2	13.91	4.97	12591	11.57	21.79	15.79	4.97	11488	17.27	30.94	13.8	4.99	12672	11.10	20.93	15.52	4.91	10565	26.77	41.71	13.96	4.99															2020-07-05 23:06:00
05.07.2020	23:12:00	RO_SE_001	3598	22252	141	0	13327	9.01	16.85	15.94	4.97	11625	16.07	29.2	13.88	4.97	12591	11.57	21.79	15.73	4.97	11489	17.26	30.93	13.8	4.99	12672	11.10	20.93	15.52	4.91	10566	26.76	41.69	13.93	4.99															2020-07-05 23:12:00
05.07.2020	23:18:00	RO_SE_001	3598	22253	141	0	13327	9.01	16.85	15.93	4.97	11625	16.07	29.2	13.91	4.97	12591	11.57	21.79	15.75	4.97	11489	17.26	30.93	13.77	4.99	12672	11.10	20.93	15.52	4.91	10566	26.76	41.69	13.95	4.99															2020-07-05 23:18:00
05.07.2020	23:24:00	RO_SE_001	3598	22254	138	0	13327	9.01	16.85	15.91	4.97	11625	16.07	29.2	13.91	4.97	12592	11.57	21.78	15.73	4.97	11489	17.26	30.93	13.81	4.99	12672	11.10	20.93	15.52	4.91	10566	26.76	41.69	13.99	4.99															2020-07-05 23:24:00
05.07.2020	23:30:00	RO_SE_001	3598	22255	132	0	13326	9.01	16.86	15.93	4.97	11625	16.07	29.2	13.91	4.97	12592	11.57	21.78	15.7	4.97	11489	17.26	30.93	13.82	4.99	12672	11.10	20.93	15.49	4.89	10566	26.76	41.69	13.95	4.99															2020-07-05 23:30:00
05.07.2020	23:36:00	RO_SE_001	3598	22256	132	0	13327	9.01	16.85	15.91	4.97	11625	16.07	29.2	13.93	4.97	12593	11.56	21.77	15.73	4.97	11490	17.25	30.92	13.81	5.02	12672	11.10	20.93	15.52	4.89	10566	26.76	41.69	13.98	4.99															2020-07-05 23:36:00
05.07.2020	23:42:00	RO_SE_001	3598	22257	132	0	13327	9.01	16.85	15.92	4.97	11626	16.06	29.19	13.95	4.97	12592	11.57	21.78	15.73	4.97	11490	17.25	30.92	13.8	5.02	12672	11.10	20.93	15.52	4.89	10566	26.76	41.69	13.95	4.99															2020-07-05 23:42:00
05.07.2020	23:48:00	RO_SE_001	3598	22258	132	0	13327	9.01	16.85	15.91	4.97	11625	16.07	29.2	13.94	4.97	12592	11.57	21.78	15.76	4.99	11490	17.25	30.92	13.82	4.99	12672	11.10	20.93	15.51	4.91	10566	26.76	41.69	13.95	4.97															2020-07-05 23:48:00
05.07.2020	23:54:00	RO_SE_001	3598	22259	141	0	13327	9.01	16.85	15.89	4.97	11625	16.07	29.2	13.95	4.97	12593	11.56	21.77	15.7	4.97	11490	17.25	30.92	13.82	4.99	12673	11.10	20.92	15.5	4.89	10566	26.76	41.69	13.97	4.99															2020-07-05 23:54:00
