11.07.2020	00:00:00	RO_SE_001	3591	23445	60	0	13456	8.64	16.11	14.2	4.97	11761	15.24	27.96	13.45	4.97	12452	12.13	22.8	14.09	4.97	11695	15.92	28.97	13.38	4.99	12651	11.18	21.08	14.12	4.89	10642	25.67	40.69	13.48	4.99															2020-07-11 00:00:00
11.07.2020	00:06:00	RO_SE_001	3594	23446	60	0	13457	8.64	16.1	14.22	4.97	11761	15.24	27.96	13.48	4.97	12452	12.13	22.8	14.02	4.97	11695	15.92	28.97	13.37	4.99	12651	11.18	21.08	14.13	4.89	10642	25.67	40.69	13.48	4.99															2020-07-11 00:06:00
11.07.2020	00:12:00	RO_SE_001	3595	23447	60	0	13457	8.64	16.1	14.2	4.97	11761	15.24	27.96	13.45	4.97	12453	12.13	22.8	14.03	4.97	11695	15.92	28.97	13.39	4.99	12651	11.18	21.08	14.06	4.89	10642	25.67	40.69	13.47	4.97															2020-07-11 00:12:00
11.07.2020	00:18:00	RO_SE_001	3595	23448	60	0	13457	8.64	16.1	14.16	4.97	11761	15.24	27.96	13.46	4.97	12453	12.13	22.8	14.02	4.97	11695	15.92	28.97	13.38	4.99	12651	11.18	21.08	14.09	4.91	10642	25.67	40.69	13.48	4.97															2020-07-11 00:18:00
11.07.2020	00:24:00	RO_SE_001	3595	23449	60	0	13457	8.64	16.1	14.16	4.97	11761	15.24	27.96	13.45	4.97	12453	12.13	22.8	13.97	4.97	11695	15.92	28.97	13.37	4.99	12651	11.18	21.08	14.06	4.89	10642	25.67	40.69	13.47	4.99															2020-07-11 00:24:00
11.07.2020	00:30:00	RO_SE_001	3595	23450	60	0	13457	8.64	16.1	14.14	4.97	11761	15.24	27.96	13.45	4.97	12454	12.13	22.79	13.94	4.97	11696	15.91	28.97	13.39	4.99	12651	11.18	21.08	14.07	4.91	10642	25.67	40.69	13.5	4.99															2020-07-11 00:30:00
11.07.2020	00:36:00	RO_SE_001	3559	23451	0	0	13458	8.64	16.1	14.13	4.97	11761	15.24	27.96	13.45	4.97	12454	12.13	22.79	13.95	4.97	11696	15.91	28.97	13.41	4.99	12651	11.18	21.08	14.05	4.89	10642	25.67	40.69	13.48	4.99															2020-07-11 00:36:00
11.07.2020	00:42:00	RO_SE_001	3590	23452	99	0	13458	8.64	16.1	14.11	4.97	11761	15.24	27.96	13.43	4.97	12455	12.12	22.78	13.97	4.97	11696	15.91	28.97	13.41	4.99	12652	11.18	21.07	14.04	4.89	10642	25.67	40.69	13.48	4.99															2020-07-11 00:42:00
11.07.2020	00:48:00	RO_SE_001	3593	23453	108	0	13458	8.64	16.1	14.09	4.97	11761	15.24	27.96	13.45	4.97	12455	12.12	22.78	13.94	4.97	11696	15.91	28.97	13.37	4.99	12652	11.18	21.07	13.98	4.89	10642	25.67	40.69	13.48	4.97															2020-07-11 00:48:00
11.07.2020	00:54:00	RO_SE_001	3595	23454	108	0	13459	8.64	16.09	14.09	4.97	11761	15.24	27.96	13.45	4.97	12455	12.12	22.78	13.9	4.97	11695	15.92	28.97	13.38	4.99	12652	11.18	21.07	13.99	4.91	10642	25.67	40.69	13.48	4.99															2020-07-11 00:54:00
11.07.2020	01:00:00	RO_SE_001	3595	23455	111	0	13456	8.64	16.11	14.05	4.97	11761	15.24	27.96	13.45	4.97	12456	12.12	22.77	13.88	4.97	11696	15.91	28.97	13.38	4.99	12652	11.18	21.07	13.99	4.89	10642	25.67	40.69	13.5	4.99															2020-07-11 01:00:00
11.07.2020	01:06:00	RO_SE_001	3595	23456	111	0	13457	8.64	16.1	14.03	4.97	11761	15.24	27.96	13.45	4.97	12456	12.12	22.77	13.86	4.97	11696	15.91	28.97	13.39	4.99	12652	11.18	21.07	13.95	4.91	10642	25.67	40.69	13.46	4.99															2020-07-11 01:06:00
11.07.2020	01:12:00	RO_SE_001	3595	23457	99	0	13457	8.64	16.1	14.02	4.97	11761	15.24	27.96	13.42	4.97	12457	12.11	22.77	13.84	4.97	11696	15.91	28.97	13.37	5.02	12652	11.18	21.07	13.94	4.89	10642	25.67	40.69	13.46	4.97															2020-07-11 01:12:00
11.07.2020	01:18:00	RO_SE_001	3595	23458	99	0	13457	8.64	16.1	13.99	4.97	11761	15.24	27.96	13.45	4.97	12457	12.11	22.77	13.86	4.97	11696	15.91	28.97	13.37	4.99	12652	11.18	21.07	13.93	4.89	10643	25.66	40.68	13.46	4.99															2020-07-11 01:18:00
11.07.2020	01:24:00	RO_SE_001	3595	23459	99	0	13457	8.64	16.1	13.98	4.97	11761	15.24	27.96	13.48	4.97	12458	12.11	22.76	13.81	4.97	11697	15.90	28.96	13.38	4.99	12652	11.18	21.07	13.89	4.89	10643	25.66	40.68	13.48	4.99															2020-07-11 01:24:00
11.07.2020	01:30:00	RO_SE_001	3595	23460	99	0	13458	8.64	16.1	13.95	4.97	11761	15.24	27.96	13.43	4.97	12458	12.11	22.76	13.79	4.97	11696	15.91	28.97	13.38	4.99	12652	11.18	21.07	13.9	4.91	10643	25.66	40.68	13.45	4.97															2020-07-11 01:30:00
11.07.2020	01:36:00	RO_SE_001	3595	23461	99	0	13457	8.64	16.1	13.95	4.97	11761	15.24	27.96	13.47	4.97	12459	12.11	22.75	13.77	4.97	11696	15.91	28.97	13.41	4.99	12653	11.18	21.07	13.9	4.91	10643	25.66	40.68	13.49	4.99															2020-07-11 01:36:00
11.07.2020	01:42:00	RO_SE_001	3595	23462	105	0	13458	8.64	16.1	13.91	4.97	11761	15.24	27.96	13.43	4.97	12459	12.11	22.75	13.73	4.97	11696	15.91	28.97	13.39	4.99	12652	11.18	21.07	13.88	4.91	10643	25.66	40.68	13.43	4.99															2020-07-11 01:42:00
11.07.2020	01:48:00	RO_SE_001	3595	23463	105	0	13458	8.64	16.1	13.88	4.97	11761	15.24	27.96	13.47	4.97	12460	12.10	22.74	13.68	4.97	11696	15.91	28.97	13.38	5.02	12653	11.18	21.07	13.87	4.89	10643	25.66	40.68	13.48	4.97															2020-07-11 01:48:00
11.07.2020	01:54:00	RO_SE_001	3594	23464	105	0	13458	8.64	16.1	13.86	4.97	11761	15.24	27.96	13.41	4.97	12459	12.11	22.75	13.68	4.97	11697	15.90	28.96	13.34	4.99	12652	11.18	21.07	13.85	4.89	10643	25.66	40.68	13.45	4.97															2020-07-11 01:54:00
11.07.2020	02:00:00	RO_SE_001	3594	23465	132	0	13458	8.64	16.1	13.84	4.97	11761	15.24	27.96	13.43	4.97	12460	12.10	22.74	13.67	4.97	11697	15.90	28.96	13.39	4.99	12653	11.18	21.07	13.87	4.89	10643	25.66	40.68	13.46	4.97															2020-07-11 02:00:00
11.07.2020	02:06:00	RO_SE_001	3595	23466	132	0	13458	8.64	16.1	13.83	4.97	11761	15.24	27.96	13.45	4.97	12460	12.10	22.74	13.61	4.97	11697	15.90	28.96	13.36	4.99	12653	11.18	21.07	13.8	4.91	10643	25.66	40.68	13.41	4.99															2020-07-11 02:06:00
11.07.2020	02:12:00	RO_SE_001	3595	23467	102	0	13456	8.64	16.11	13.82	4.97	11761	15.24	27.96	13.41	4.97	12461	12.10	22.74	13.62	4.97	11697	15.90	28.96	13.34	4.99	12653	11.18	21.07	13.79	4.89	10643	25.66	40.68	13.45	4.99															2020-07-11 02:12:00
11.07.2020	02:18:00	RO_SE_001	3594	23468	102	0	13456	8.64	16.11	13.78	4.97	11761	15.24	27.96	13.39	4.97	12461	12.10	22.74	13.61	4.97	11697	15.90	28.96	13.38	4.99	12653	11.18	21.07	13.77	4.89	10643	25.66	40.68	13.47	4.97															2020-07-11 02:18:00
11.07.2020	02:24:00	RO_SE_001	3594	23469	102	0	13456	8.64	16.11	13.78	4.97	11761	15.24	27.96	13.45	4.97	12462	12.09	22.73	13.63	4.97	11697	15.90	28.96	13.36	4.99	12653	11.18	21.07	13.77	4.89	10643	25.66	40.68	13.45	4.99															2020-07-11 02:24:00
11.07.2020	02:30:00	RO_SE_001	3594	23470	102	0	13456	8.64	16.11	13.74	4.97	11761	15.24	27.96	13.41	4.97	12462	12.09	22.73	13.59	4.97	11697	15.90	28.96	13.33	4.99	12653	11.18	21.07	13.76	4.89	10643	25.66	40.68	13.43	4.99															2020-07-11 02:30:00
11.07.2020	02:36:00	RO_SE_001	3594	23471	102	0	13456	8.64	16.11	13.76	4.97	11761	15.24	27.96	13.41	4.97	12463	12.09	22.72	13.58	4.97	11698	15.90	28.95	13.38	4.99	12653	11.18	21.07	13.72	4.91	10644	25.64	40.66	13.45	4.99															2020-07-11 02:36:00
11.07.2020	02:42:00	RO_SE_001	3595	23472	102	0	13456	8.64	16.11	13.71	4.97	11761	15.24	27.96	13.44	4.97	12463	12.09	22.72	13.56	4.97	11698	15.90	28.95	13.34	4.99	12653	11.18	21.07	13.73	4.89	10644	25.64	40.66	13.43	4.97															2020-07-11 02:42:00
11.07.2020	02:48:00	RO_SE_001	3593	23473	93	0	13457	8.64	16.1	13.73	4.97	11761	15.24	27.96	13.42	4.97	12464	12.08	22.71	13.52	4.97	11698	15.90	28.95	13.36	4.99	12653	11.18	21.07	13.69	4.89	10644	25.64	40.66	13.45	4.97															2020-07-11 02:48:00
11.07.2020	02:54:00	RO_SE_001	3593	23474	93	0	13457	8.64	16.1	13.7	4.97	11761	15.24	27.96	13.41	4.97	12464	12.08	22.71	13.54	4.97	11698	15.90	28.95	13.37	4.99	12653	11.18	21.07	13.69	4.91	10644	25.64	40.66	13.39	4.97															2020-07-11 02:54:00
11.07.2020	03:00:00	RO_SE_001	3593	23475	93	0	13457	8.64	16.1	13.67	4.97	11761	15.24	27.96	13.41	4.97	12465	12.08	22.71	13.5	4.97	11698	15.90	28.95	13.36	5.02	12654	11.17	21.06	13.65	4.89	10644	25.64	40.66	13.43	4.97															2020-07-11 03:00:00
11.07.2020	03:06:00	RO_SE_001	3593	23476	93	0	13458	8.64	16.1	13.66	4.97	11761	15.24	27.96	13.41	4.97	12465	12.08	22.71	13.52	4.97	11698	15.90	28.95	13.36	4.99	12654	11.17	21.06	13.66	4.89	10644	25.64	40.66	13.47	4.99															2020-07-11 03:06:00
11.07.2020	03:12:00	RO_SE_001	3594	23477	93	0	13458	8.64	16.1	13.66	4.97	11761	15.24	27.96	13.41	4.97	12466	12.08	22.7	13.45	4.97	11698	15.90	28.95	13.34	4.99	12654	11.17	21.06	13.64	4.91	10644	25.64	40.66	13.41	4.97															2020-07-11 03:12:00
11.07.2020	03:18:00	RO_SE_001	3593	23478	93	0	13458	8.64	16.1	13.62	4.97	11761	15.24	27.96	13.43	4.97	12466	12.08	22.7	13.48	4.97	11699	15.89	28.94	13.37	4.99	12654	11.17	21.06	13.63	4.89	10644	25.64	40.66	13.41	4.99															2020-07-11 03:18:00
11.07.2020	03:24:00	RO_SE_001	3593	23479	93	0	13458	8.64	16.1	13.61	4.97	11761	15.24	27.96	13.43	4.97	12467	12.07	22.69	13.48	4.97	11699	15.89	28.94	13.37	4.99	12654	11.17	21.06	13.61	4.91	10644	25.64	40.66	13.42	4.99															2020-07-11 03:24:00
11.07.2020	03:30:00	RO_SE_001	3556	23480	0	0	13455	8.65	16.11	13.56	4.97	11761	15.24	27.96	13.4	4.97	12467	12.07	22.69	13.41	4.97	11699	15.89	28.94	13.38	4.99	12654	11.17	21.06	13.58	4.89	10644	25.64	40.66	13.41	4.99															2020-07-11 03:30:00
11.07.2020	03:36:00	RO_SE_001	3586	23481	90	0	13456	8.64	16.11	13.59	4.97	11761	15.24	27.96	13.4	4.97	12467	12.07	22.69	13.39	4.97	11699	15.89	28.94	13.36	4.99	12655	11.17	21.05	13.61	4.91	10644	25.64	40.66	13.41	4.99															2020-07-11 03:36:00
11.07.2020	03:42:00	RO_SE_001	3588	23482	90	0	13456	8.64	16.11	13.56	4.97	11761	15.24	27.96	13.38	4.97	12467	12.07	22.69	13.4	4.97	11699	15.89	28.94	13.34	5.02	12655	11.17	21.05	13.58	4.89	10644	25.64	40.66	13.41	4.99															2020-07-11 03:42:00
11.07.2020	03:48:00	RO_SE_001	3589	23483	90	0	13456	8.64	16.11	13.53	4.97	11761	15.24	27.96	13.41	4.97	12468	12.07	22.68	13.37	4.97	11699	15.89	28.94	13.35	5.02	12655	11.17	21.05	13.53	4.91	10644	25.64	40.66	13.42	4.99															2020-07-11 03:48:00
11.07.2020	03:54:00	RO_SE_001	3590	23484	90	0	13456	8.64	16.11	13.53	4.97	11761	15.24	27.96	13.38	4.97	12468	12.07	22.68	13.38	4.97	11699	15.89	28.94	13.34	4.99	12655	11.17	21.05	13.53	4.89	10644	25.64	40.66	13.41	4.99															2020-07-11 03:54:00
11.07.2020	04:00:00	RO_SE_001	3590	23485	96	0	13456	8.64	16.11	13.46	4.97	11761	15.24	27.96	13.38	4.97	12468	12.07	22.68	13.35	4.97	11699	15.89	28.94	13.35	4.99	12655	11.17	21.05	13.53	4.89	10644	25.64	40.66	13.39	4.99															2020-07-11 04:00:00
11.07.2020	04:06:00	RO_SE_001	3590	23486	96	0	13457	8.64	16.1	13.46	4.97	11761	15.24	27.96	13.37	4.97	12469	12.06	22.68	13.32	4.97	11700	15.88	28.93	13.35	5.02	12655	11.17	21.05	13.51	4.89	10644	25.64	40.66	13.42	4.99															2020-07-11 04:06:00
11.07.2020	04:12:00	RO_SE_001	3590	23487	96	0	13457	8.64	16.1	13.42	4.97	11761	15.24	27.96	13.37	4.97	12470	12.06	22.67	13.27	4.97	11700	15.88	28.93	13.38	4.99	12655	11.17	21.05	13.49	4.89	10645	25.63	40.65	13.4	4.99															2020-07-11 04:12:00
11.07.2020	04:18:00	RO_SE_001	3590	23488	96	0	13457	8.64	16.1	13.42	4.97	11761	15.24	27.96	13.38	4.97	12470	12.06	22.67	13.3	4.97	11700	15.88	28.93	13.35	5.02	12655	11.17	21.05	13.48	4.89	10645	25.63	40.65	13.4	4.99															2020-07-11 04:18:00
11.07.2020	04:24:00	RO_SE_001	3591	23489	96	0	13458	8.64	16.1	13.43	4.97	11761	15.24	27.96	13.38	4.97	12471	12.06	22.66	13.23	4.97	11700	15.88	28.93	13.32	4.99	12655	11.17	21.05	13.45	4.91	10645	25.63	40.65	13.41	4.99															2020-07-11 04:24:00
11.07.2020	04:30:00	RO_SE_001	3555	23490	0	0	13455	8.65	16.11	13.38	4.97	11761	15.24	27.96	13.36	4.97	12471	12.06	22.66	13.24	4.97	11700	15.88	28.93	13.33	4.99	12655	11.17	21.05	13.46	4.89	10645	25.63	40.65	13.41	4.99															2020-07-11 04:30:00
11.07.2020	04:36:00	RO_SE_001	3585	23491	105	0	13455	8.65	16.11	13.39	4.97	11762	15.24	27.95	13.38	4.97	12472	12.05	22.65	13.24	4.99	11701	15.88	28.92	13.35	4.99	12655	11.17	21.05	13.43	4.89	10645	25.63	40.65	13.36	4.99															2020-07-11 04:36:00
11.07.2020	04:42:00	RO_SE_001	3588	23492	102	0	13456	8.64	16.11	13.35	4.97	11762	15.24	27.95	13.38	4.97	12472	12.05	22.65	13.19	4.97	11701	15.88	28.92	13.33	4.99	12655	11.17	21.05	13.4	4.89	10645	25.63	40.65	13.41	4.99															2020-07-11 04:42:00
11.07.2020	04:48:00	RO_SE_001	3588	23493	102	0	13456	8.64	16.11	13.34	4.97	11761	15.24	27.96	13.37	4.97	12473	12.05	22.65	13.21	4.97	11701	15.88	28.92	13.32	4.99	12656	11.16	21.04	13.39	4.89	10645	25.63	40.65	13.38	4.97															2020-07-11 04:48:00
11.07.2020	04:54:00	RO_SE_001	3589	23494	102	0	13456	8.64	16.11	13.3	4.97	11762	15.24	27.95	13.4	4.97	12473	12.05	22.65	13.18	4.97	11701	15.88	28.92	13.34	4.99	12656	11.16	21.04	13.37	4.89	10645	25.63	40.65	13.37	4.97															2020-07-11 04:54:00
11.07.2020	05:00:00	RO_SE_001	3589	23495	102	0	13456	8.64	16.11	13.31	4.97	11762	15.24	27.95	13.35	4.97	12473	12.05	22.65	13.14	4.97	11701	15.88	28.92	13.31	4.99	12656	11.16	21.04	13.38	4.89	10645	25.63	40.65	13.39	4.99															2020-07-11 05:00:00
11.07.2020	05:06:00	RO_SE_001	3590	23496	93	0	13457	8.64	16.1	13.28	4.97	11761	15.24	27.96	13.36	4.97	12474	12.04	22.64	13.16	4.97	11701	15.88	28.92	13.35	4.99	12657	11.16	21.04	13.34	4.89	10645	25.63	40.65	13.41	4.99															2020-07-11 05:06:00
11.07.2020	05:12:00	RO_SE_001	3591	23497	93	0	13457	8.64	16.1	13.3	4.97	11762	15.24	27.95	13.4	4.97	12474	12.04	22.64	13.15	4.97	11701	15.88	28.92	13.32	4.99	12657	11.16	21.04	13.32	4.89	10645	25.63	40.65	13.34	4.99															2020-07-11 05:12:00
11.07.2020	05:18:00	RO_SE_001	3590	23498	93	0	13457	8.64	16.1	13.23	4.97	11762	15.24	27.95	13.34	4.97	12474	12.04	22.64	13.12	4.97	11701	15.88	28.92	13.29	4.99	12657	11.16	21.04	13.3	4.89	10645	25.63	40.65	13.34	4.99															2020-07-11 05:18:00
11.07.2020	05:24:00	RO_SE_001	3590	23499	93	0	13457	8.64	16.1	13.23	4.97	11762	15.24	27.95	13.34	4.97	12474	12.04	22.64	13.09	4.97	11701	15.88	28.92	13.3	4.99	12657	11.16	21.04	13.3	4.89	10645	25.63	40.65	13.34	4.97															2020-07-11 05:24:00
11.07.2020	05:30:00	RO_SE_001	3590	23500	114	0	13457	8.64	16.1	13.24	4.97	11762	15.24	27.95	13.33	4.97	12474	12.04	22.64	13.12	4.97	11702	15.87	28.91	13.27	4.99	12657	11.16	21.04	13.29	4.91	10645	25.63	40.65	13.38	4.99															2020-07-11 05:30:00
11.07.2020	05:36:00	RO_SE_001	3590	23501	114	0	13455	8.65	16.11	13.23	4.97	11762	15.24	27.95	13.36	4.97	12475	12.04	22.63	13.07	4.97	11702	15.87	28.91	13.27	4.99	12657	11.16	21.04	13.3	4.89	10646	25.62	40.64	13.34	4.99															2020-07-11 05:36:00
11.07.2020	05:42:00	RO_SE_001	3589	23502	114	0	13455	8.65	16.11	13.15	4.97	11762	15.24	27.95	13.35	4.97	12476	12.03	22.62	13.07	4.97	11702	15.87	28.91	13.27	4.99	12658	11.16	21.03	13.23	4.89	10646	25.62	40.64	13.37	4.97															2020-07-11 05:42:00
11.07.2020	05:48:00	RO_SE_001	3590	23503	111	0	13455	8.65	16.11	13.19	4.97	11762	15.24	27.95	13.35	4.97	12476	12.03	22.62	12.99	4.97	11702	15.87	28.91	13.3	5.02	12658	11.16	21.03	13.26	4.89	10646	25.62	40.64	13.34	4.97															2020-07-11 05:48:00
11.07.2020	05:54:00	RO_SE_001	3591	23504	111	0	13456	8.64	16.11	13.16	4.97	11762	15.24	27.95	13.34	4.97	12477	12.03	22.62	13.02	4.97	11702	15.87	28.91	13.32	5.02	12658	11.16	21.03	13.22	4.91	10646	25.62	40.64	13.33	4.99															2020-07-11 05:54:00
11.07.2020	06:00:00	RO_SE_001	3591	23505	105	0	13456	8.64	16.11	13.15	4.97	11762	15.24	27.95	13.34	4.97	12477	12.03	22.62	13.0	4.97	11702	15.87	28.91	13.32	4.99	12658	11.16	21.03	13.19	4.89	10646	25.62	40.64	13.35	4.97															2020-07-11 06:00:00
11.07.2020	06:06:00	RO_SE_001	3591	23506	108	0	13456	8.64	16.11	13.11	4.97	11762	15.24	27.95	13.33	4.97	12478	12.03	22.61	12.99	4.97	11703	15.87	28.9	13.27	4.99	12658	11.16	21.03	13.21	4.89	10646	25.62	40.64	13.33	4.97															2020-07-11 06:06:00
11.07.2020	06:12:00	RO_SE_001	3591	23507	120	0	13456	8.64	16.11	13.12	4.97	11762	15.24	27.95	13.33	4.97	12478	12.03	22.61	12.99	4.97	11703	15.87	28.9	13.28	4.99	12659	11.15	21.02	13.19	4.91	10646	25.62	40.64	13.32	4.97															2020-07-11 06:12:00
11.07.2020	06:18:00	RO_SE_001	3592	23508	123	0	13456	8.64	16.11	13.11	4.97	11762	15.24	27.95	13.3	4.97	12479	12.02	22.6	12.97	4.97	11702	15.87	28.91	13.25	4.99	12659	11.15	21.02	13.19	4.91	10646	25.62	40.64	13.34	4.97															2020-07-11 06:18:00
11.07.2020	06:24:00	RO_SE_001	3591	23509	111	0	13457	8.64	16.1	13.1	4.97	11762	15.24	27.95	13.3	4.97	12479	12.02	22.6	12.95	4.97	11703	15.87	28.9	13.25	4.99	12659	11.15	21.02	13.16	4.89	10646	25.62	40.64	13.32	4.99															2020-07-11 06:24:00
11.07.2020	06:30:00	RO_SE_001	3591	23510	123	0	13457	8.64	16.1	13.1	4.97	11762	15.24	27.95	13.34	4.97	12479	12.02	22.6	12.95	4.97	11703	15.87	28.9	13.27	4.99	12659	11.15	21.02	13.16	4.89	10646	25.62	40.64	13.3	4.99															2020-07-11 06:30:00
11.07.2020	06:36:00	RO_SE_001	3590	23511	108	0	13457	8.64	16.1	13.09	4.97	11762	15.24	27.95	13.33	4.97	12480	12.02	22.6	12.93	4.97	11703	15.87	28.9	13.27	4.99	12659	11.15	21.02	13.16	4.89	10646	25.62	40.64	13.31	4.99															2020-07-11 06:36:00
11.07.2020	06:42:00	RO_SE_001	3590	23512	93	0	13457	8.64	16.1	13.1	4.97	11763	15.23	27.94	13.3	4.97	12481	12.01	22.59	12.93	4.97	11703	15.87	28.9	13.26	4.99	12660	11.15	21.02	13.13	4.89	10647	25.60	40.62	13.33	4.97															2020-07-11 06:42:00
11.07.2020	06:48:00	RO_SE_001	3591	23513	93	0	13457	8.64	16.1	13.06	4.97	11763	15.23	27.94	13.32	4.97	12481	12.01	22.59	12.93	4.97	11703	15.87	28.9	13.27	4.99	12660	11.15	21.02	13.17	4.89	10647	25.60	40.62	13.3	4.99															2020-07-11 06:48:00
11.07.2020	06:54:00	RO_SE_001	3590	23514	123	0	13455	8.65	16.11	13.07	4.97	11762	15.24	27.95	13.27	4.97	12482	12.01	22.58	12.94	4.97	11703	15.87	28.9	13.23	4.99	12660	11.15	21.02	13.13	4.89	10647	25.60	40.62	13.3	4.99															2020-07-11 06:54:00
11.07.2020	07:00:00	RO_SE_001	3590	23515	87	0	13455	8.65	16.11	13.08	4.97	11763	15.23	27.94	13.3	4.97	12481	12.01	22.59	12.94	4.97	11702	15.87	28.91	13.27	4.99	12660	11.15	21.02	13.11	4.89	10647	25.60	40.62	13.3	4.99															2020-07-11 07:00:00
11.07.2020	07:06:00	RO_SE_001	3590	23516	99	0	13455	8.65	16.11	13.08	4.97	11763	15.23	27.94	13.27	4.97	12482	12.01	22.58	12.93	4.97	11704	15.86	28.89	13.22	4.99	12660	11.15	21.02	13.1	4.89	10647	25.60	40.62	13.3	4.99															2020-07-11 07:06:00
11.07.2020	07:12:00	RO_SE_001	3590	23517	105	0	13455	8.65	16.11	13.09	4.97	11763	15.23	27.94	13.3	4.97	12482	12.01	22.58	12.91	4.97	11703	15.87	28.9	13.24	4.99	12660	11.15	21.02	13.09	4.91	10647	25.60	40.62	13.26	4.99															2020-07-11 07:12:00
11.07.2020	07:18:00	RO_SE_001	3591	23518	93	0	13455	8.65	16.11	13.07	4.97	11763	15.23	27.94	13.27	4.97	12483	12.01	22.57	12.92	4.97	11703	15.87	28.9	13.23	4.99	12660	11.15	21.02	13.09	4.91	10647	25.60	40.62	13.3	4.97															2020-07-11 07:18:00
11.07.2020	07:24:00	RO_SE_001	3590	23519	93	0	13456	8.64	16.11	13.06	4.97	11763	15.23	27.94	13.27	4.97	12484	12.00	22.57	12.94	4.97	11703	15.87	28.9	13.22	4.99	12660	11.15	21.02	13.08	4.89	10647	25.60	40.62	13.26	4.97															2020-07-11 07:24:00
11.07.2020	07:30:00	RO_SE_001	3591	23520	93	0	13456	8.64	16.11	13.05	4.97	11763	15.23	27.94	13.3	4.97	12484	12.00	22.57	12.94	4.97	11703	15.87	28.9	13.26	4.99	12661	11.15	21.01	13.09	4.89	10647	25.60	40.62	13.23	4.97															2020-07-11 07:30:00
11.07.2020	07:36:00	RO_SE_001	3590	23521	108	0	13456	8.64	16.11	13.06	4.97	11764	15.23	27.93	13.28	4.97	12485	12.00	22.56	12.95	4.97	11704	15.86	28.89	13.25	4.99	12661	11.15	21.01	13.09	4.89	10647	25.60	40.62	13.26	4.99															2020-07-11 07:36:00
11.07.2020	07:42:00	RO_SE_001	3591	23522	108	0	13457	8.64	16.1	13.06	4.97	11764	15.23	27.93	13.29	4.97	12486	11.99	22.55	12.94	4.97	11703	15.87	28.9	13.22	4.99	12661	11.15	21.01	13.11	4.89	10647	25.60	40.62	13.23	4.99															2020-07-11 07:42:00
11.07.2020	07:48:00	RO_SE_001	3590	23523	108	0	13457	8.64	16.1	13.05	4.97	11764	15.23	27.93	13.26	4.97	12486	11.99	22.55	12.95	4.97	11703	15.87	28.9	13.24	4.99	12662	11.14	21.0	13.1	4.89	10647	25.60	40.62	13.24	4.99															2020-07-11 07:48:00
11.07.2020	07:54:00	RO_SE_001	3591	23524	108	0	13457	8.64	16.1	13.07	4.97	11764	15.23	27.93	13.24	4.97	12487	11.99	22.54	12.93	4.97	11704	15.86	28.89	13.2	4.99	12662	11.14	21.0	13.07	4.89	10648	25.59	40.61	13.28	4.99															2020-07-11 07:54:00
11.07.2020	08:00:00	RO_SE_001	3591	23525	108	0	13458	8.64	16.1	13.04	4.97	11764	15.23	27.93	13.25	4.97	12488	11.98	22.54	12.95	4.97	11704	15.86	28.89	13.23	5.02	12663	11.14	20.99	13.09	4.91	10648	25.59	40.61	13.22	4.99															2020-07-11 08:00:00
11.07.2020	08:06:00	RO_SE_001	3590	23526	108	0	13458	8.64	16.1	13.05	4.97	11765	15.22	27.92	13.23	4.97	12487	11.99	22.54	12.93	4.97	11704	15.86	28.89	13.23	4.99	12663	11.14	20.99	13.08	4.91	10648	25.59	40.61	13.23	4.97															2020-07-11 08:06:00
11.07.2020	08:12:00	RO_SE_001	3554	23527	0	0	13458	8.64	16.1	13.05	4.97	11765	15.22	27.92	13.24	4.97	12488	11.98	22.54	12.95	4.97	11704	15.86	28.89	13.23	4.99	12664	11.13	20.99	13.11	4.89	10648	25.59	40.61	13.23	4.97															2020-07-11 08:12:00
11.07.2020	08:18:00	RO_SE_001	3584	23528	96	0	13458	8.64	16.1	13.1	4.97	11765	15.22	27.92	13.24	4.97	12489	11.98	22.53	12.98	4.97	11704	15.86	28.89	13.2	5.02	12664	11.13	20.99	13.06	4.91	10648	25.59	40.61	13.23	4.99															2020-07-11 08:18:00
11.07.2020	08:24:00	RO_SE_001	3587	23529	99	0	13459	8.64	16.09	13.09	4.97	11766	15.22	27.91	13.22	4.97	12490	11.98	22.52	12.97	4.97	11704	15.86	28.89	13.23	4.99	12665	11.13	20.98	13.09	4.89	10648	25.59	40.61	13.23	4.99															2020-07-11 08:24:00
11.07.2020	08:30:00	RO_SE_001	3588	23530	99	0	13459	8.64	16.09	13.07	4.97	11766	15.22	27.91	13.22	4.97	12490	11.98	22.52	12.99	4.97	11704	15.86	28.89	13.2	4.99	12665	11.13	20.98	13.09	4.91	10648	25.59	40.61	13.19	4.99															2020-07-11 08:30:00
11.07.2020	08:36:00	RO_SE_001	3590	23531	111	0	13460	8.63	16.09	13.08	4.97	11766	15.22	27.91	13.25	4.97	12491	11.97	22.51	12.97	4.97	11705	15.85	28.88	13.2	4.99	12665	11.13	20.98	13.09	4.89	10648	25.59	40.61	13.22	4.97															2020-07-11 08:36:00
11.07.2020	08:42:00	RO_SE_001	3590	23532	102	0	13460	8.63	16.09	13.08	4.97	11767	15.21	27.9	13.2	4.97	12492	11.97	22.51	13.03	4.97	11705	15.85	28.88	13.2	4.99	12666	11.13	20.97	13.1	4.91	10648	25.59	40.61	13.21	4.99															2020-07-11 08:42:00
11.07.2020	08:48:00	RO_SE_001	3591	23533	102	0	13460	8.63	16.09	13.09	4.97	11767	15.21	27.9	13.23	4.97	12493	11.96	22.5	13.0	4.97	11705	15.85	28.88	13.2	4.99	12666	11.13	20.97	13.09	4.91	10648	25.59	40.61	13.2	4.99															2020-07-11 08:48:00
11.07.2020	08:54:00	RO_SE_001	3591	23534	102	0	13458	8.64	16.1	13.1	4.97	11767	15.21	27.9	13.25	4.97	12494	11.96	22.49	13.03	4.97	11705	15.85	28.88	13.19	4.99	12666	11.13	20.97	13.11	4.91	10648	25.59	40.61	13.2	4.99															2020-07-11 08:54:00
11.07.2020	09:00:00	RO_SE_001	3591	23535	102	0	13458	8.64	16.1	13.11	4.97	11767	15.21	27.9	13.21	4.97	12495	11.96	22.48	13.02	4.97	11705	15.85	28.88	13.16	4.99	12667	11.12	20.97	13.08	4.89	10648	25.59	40.61	13.2	4.99															2020-07-11 09:00:00
11.07.2020	09:06:00	RO_SE_001	3591	23536	117	0	13459	8.64	16.09	13.11	4.97	11768	15.20	27.89	13.2	4.97	12495	11.96	22.48	13.01	4.97	11705	15.85	28.88	13.19	4.99	12667	11.12	20.97	13.11	4.89	10648	25.59	40.61	13.19	4.99															2020-07-11 09:06:00
11.07.2020	09:12:00	RO_SE_001	3591	23537	93	0	13459	8.64	16.09	13.11	4.97	11769	15.20	27.88	13.18	4.97	12496	11.95	22.48	13.05	4.97	11706	15.85	28.87	13.16	4.99	12668	11.12	20.96	13.11	4.89	10648	25.59	40.61	13.2	4.97															2020-07-11 09:12:00
11.07.2020	09:18:00	RO_SE_001	3591	23538	84	0	13460	8.63	16.09	13.11	4.97	11769	15.20	27.88	13.16	4.97	12497	11.95	22.47	13.09	4.97	11706	15.85	28.87	13.18	4.99	12668	11.12	20.96	13.13	4.91	10649	25.58	40.6	13.2	4.97															2020-07-11 09:18:00
11.07.2020	09:24:00	RO_SE_001	3591	23539	132	0	13461	8.63	16.08	13.12	4.97	11769	15.20	27.88	13.2	4.97	12498	11.94	22.46	13.1	4.97	11706	15.85	28.87	13.13	4.99	12669	11.12	20.95	13.13	4.89	10649	25.58	40.6	13.18	4.97															2020-07-11 09:24:00
11.07.2020	09:30:00	RO_SE_001	3592	23540	87	0	13461	8.63	16.08	13.13	4.97	11770	15.19	27.87	13.17	4.97	12499	11.94	22.45	13.04	4.97	11706	15.85	28.87	13.19	4.99	12670	11.11	20.95	13.12	4.89	10649	25.58	40.6	13.16	4.99															2020-07-11 09:30:00
11.07.2020	09:36:00	RO_SE_001	3592	23541	87	0	13461	8.63	16.08	13.16	4.97	11770	15.19	27.87	13.2	4.97	12500	11.94	22.45	13.08	4.97	11707	15.84	28.86	13.13	4.99	12670	11.11	20.95	13.13	4.89	10649	25.58	40.6	13.19	4.99															2020-07-11 09:36:00
11.07.2020	09:42:00	RO_SE_001	3592	23542	87	0	13461	8.63	16.08	13.13	4.97	11770	15.19	27.87	13.2	4.97	12501	11.93	22.44	13.12	4.97	11707	15.84	28.86	13.17	4.99	12671	11.11	20.94	13.12	4.89	10649	25.58	40.6	13.14	4.99															2020-07-11 09:42:00
11.07.2020	09:48:00	RO_SE_001	3592	23543	90	0	13461	8.63	16.08	13.16	4.97	11770	15.19	27.87	13.19	4.97	12502	11.93	22.43	13.08	4.97	11707	15.84	28.86	13.18	5.02	12671	11.11	20.94	13.11	4.89	10649	25.58	40.6	13.19	4.97															2020-07-11 09:48:00
11.07.2020	09:54:00	RO_SE_001	3591	23544	90	0	13461	8.63	16.08	13.16	4.97	11770	15.19	27.87	13.16	4.97	12502	11.93	22.43	13.04	4.97	11707	15.84	28.86	13.17	4.99	12672	11.10	20.93	13.12	4.91	10649	25.58	40.6	13.16	4.97															2020-07-11 09:54:00
11.07.2020	10:00:00	RO_SE_001	3589	23545	174	0	13462	8.63	16.07	13.16	4.97	11770	15.19	27.87	13.16	4.97	12503	11.92	22.43	13.11	4.97	11707	15.84	28.86	13.16	4.99	12672	11.10	20.93	13.11	4.91	10649	25.58	40.6	13.15	4.99															2020-07-11 10:00:00
11.07.2020	10:06:00	RO_SE_001	3588	23546	108	0	13463	8.62	16.07	13.16	4.97	11770	15.19	27.87	13.16	4.97	12504	11.92	22.42	13.09	4.97	11708	15.84	28.86	13.13	4.99	12673	11.10	20.92	13.15	4.89	10648	25.59	40.61	13.16	4.99															2020-07-11 10:06:00
11.07.2020	10:12:00	RO_SE_001	3589	23547	108	0	13463	8.62	16.07	13.2	4.97	11771	15.19	27.87	13.17	4.97	12505	11.91	22.41	13.13	4.97	11708	15.84	28.86	13.16	4.99	12674	11.10	20.92	13.13	4.91	10649	25.58	40.6	13.13	4.97															2020-07-11 10:12:00
11.07.2020	10:18:00	RO_SE_001	3590	23548	138	0	13464	8.62	16.06	13.21	4.97	11771	15.19	27.87	13.16	4.97	12506	11.91	22.4	13.09	4.97	11708	15.84	28.86	13.14	5.02	12674	11.10	20.92	13.13	4.91	10649	25.58	40.6	13.13	4.99															2020-07-11 10:18:00
11.07.2020	10:24:00	RO_SE_001	3589	23549	108	0	13464	8.62	16.06	13.23	4.97	11772	15.18	27.86	13.18	4.97	12508	11.90	22.39	13.08	4.97	11708	15.84	28.86	13.16	4.99	12674	11.10	20.92	13.17	4.89	10649	25.58	40.6	13.14	4.99															2020-07-11 10:24:00
11.07.2020	10:30:00	RO_SE_001	3589	23550	117	0	13465	8.62	16.06	13.2	4.97	11772	15.18	27.86	13.12	4.97	12509	11.90	22.38	13.13	4.97	11709	15.83	28.85	13.13	4.99	12675	11.09	20.91	13.13	4.89	10649	25.58	40.6	13.14	4.99															2020-07-11 10:30:00
11.07.2020	10:36:00	RO_SE_001	3590	23551	117	0	13466	8.62	16.05	13.25	4.97	11772	15.18	27.86	13.11	4.97	12509	11.90	22.38	13.18	4.97	11709	15.83	28.85	13.13	4.99	12676	11.09	20.9	13.13	4.91	10649	25.58	40.6	13.16	4.97															2020-07-11 10:36:00
11.07.2020	10:42:00	RO_SE_001	3590	23552	126	0	13466	8.62	16.05	13.25	4.97	11773	15.17	27.85	13.16	4.97	12510	11.89	22.37	13.1	4.97	11709	15.83	28.85	13.14	4.99	12677	11.09	20.9	13.12	4.89	10649	25.58	40.6	13.13	4.99															2020-07-11 10:42:00
11.07.2020	10:48:00	RO_SE_001	3590	23553	126	0	13467	8.61	16.05	13.23	4.97	11773	15.17	27.85	13.14	4.97	12511	11.89	22.37	13.2	4.97	11709	15.83	28.85	13.13	4.99	12677	11.09	20.9	13.13	4.89	10649	25.58	40.6	13.13	4.99															2020-07-11 10:48:00
11.07.2020	10:54:00	RO_SE_001	3592	23554	90	0	13467	8.61	16.05	13.25	4.97	11773	15.17	27.85	13.14	4.97	12512	11.89	22.36	13.16	4.97	11709	15.83	28.85	13.11	5.02	12678	11.08	20.89	13.16	4.89	10649	25.58	40.6	13.14	4.97															2020-07-11 10:54:00
11.07.2020	11:00:00	RO_SE_001	3592	23555	90	0	13467	8.61	16.05	13.25	4.97	11773	15.17	27.85	13.16	4.97	12513	11.88	22.35	13.19	4.97	11710	15.82	28.84	13.09	5.02	12679	11.08	20.88	13.17	4.89	10649	25.58	40.6	13.12	4.97															2020-07-11 11:00:00
11.07.2020	11:06:00	RO_SE_001	3591	23556	96	0	13468	8.61	16.04	13.27	4.97	11774	15.17	27.84	13.13	4.97	12514	11.88	22.34	13.16	4.97	11710	15.82	28.84	13.11	4.99	12679	11.08	20.88	13.16	4.89	10649	25.58	40.6	13.14	4.97															2020-07-11 11:06:00
11.07.2020	11:12:00	RO_SE_001	3592	23557	111	0	13467	8.61	16.05	13.26	4.97	11774	15.17	27.84	13.09	4.97	12515	11.87	22.34	13.16	4.97	11710	15.82	28.84	13.13	4.99	12680	11.07	20.87	13.19	4.91	10650	25.56	40.59	13.11	4.99															2020-07-11 11:12:00
11.07.2020	11:18:00	RO_SE_001	3592	23558	105	0	13468	8.61	16.04	13.3	4.97	11774	15.17	27.84	13.13	4.97	12516	11.87	22.33	13.21	4.97	11709	15.83	28.85	13.09	5.02	12681	11.07	20.87	13.2	4.89	10650	25.56	40.59	13.09	4.97															2020-07-11 11:18:00
11.07.2020	11:24:00	RO_SE_001	3592	23559	105	0	13469	8.61	16.03	13.27	4.97	11775	15.16	27.83	13.11	4.97	12516	11.87	22.33	13.2	4.97	11711	15.82	28.83	13.11	4.99	12681	11.07	20.87	13.15	4.91	10650	25.56	40.59	13.13	4.97															2020-07-11 11:24:00
11.07.2020	11:30:00	RO_SE_001	3591	23560	105	0	13469	8.61	16.03	13.3	4.97	11775	15.16	27.83	13.09	4.97	12517	11.87	22.32	13.25	4.97	11711	15.82	28.83	13.09	4.99	12681	11.07	20.87	13.2	4.89	10650	25.56	40.59	13.11	4.99															2020-07-11 11:30:00
11.07.2020	11:36:00	RO_SE_001	3592	23561	105	0	13469	8.61	16.03	13.27	4.97	11775	15.16	27.83	13.09	4.97	12518	11.86	22.32	13.25	4.97	11711	15.82	28.83	13.12	4.99	12682	11.07	20.86	13.19	4.89	10650	25.56	40.59	13.1	4.99															2020-07-11 11:36:00
11.07.2020	11:42:00	RO_SE_001	3592	23562	123	0	13470	8.61	16.03	13.31	4.97	11775	15.16	27.83	13.12	4.97	12519	11.86	22.31	13.28	4.97	11710	15.82	28.84	13.1	4.99	12682	11.07	20.86	13.2	4.91	10650	25.56	40.59	13.12	4.99															2020-07-11 11:42:00
11.07.2020	11:48:00	RO_SE_001	3592	23563	123	0	13470	8.61	16.03	13.34	4.97	11776	15.16	27.82	13.11	4.97	12520	11.85	22.3	13.26	4.97	11711	15.82	28.83	13.11	4.99	12683	11.06	20.85	13.2	4.89	10650	25.56	40.59	13.09	4.99															2020-07-11 11:48:00
11.07.2020	11:54:00	RO_SE_001	3592	23564	105	0	13471	8.60	16.02	13.3	4.97	11776	15.16	27.82	13.08	4.97	12521	11.85	22.29	13.2	4.97	11711	15.82	28.83	13.09	4.99	12684	11.06	20.85	13.22	4.89	10650	25.56	40.59	13.06	4.99															2020-07-11 11:54:00
11.07.2020	12:00:00	RO_SE_001	3592	23565	105	0	13471	8.60	16.02	13.3	4.97	11776	15.16	27.82	13.1	4.97	12522	11.85	22.29	13.22	4.97	11711	15.82	28.83	13.09	5.02	12684	11.06	20.85	13.2	4.91	10650	25.56	40.59	13.07	4.97															2020-07-11 12:00:00
11.07.2020	12:06:00	RO_SE_001	3592	23566	105	0	13472	8.60	16.02	13.3	4.97	11776	15.16	27.82	13.09	4.97	12523	11.84	22.28	13.28	4.97	11711	15.82	28.83	13.06	4.99	12685	11.06	20.84	13.22	4.91	10650	25.56	40.59	13.05	4.97															2020-07-11 12:06:00
11.07.2020	12:12:00	RO_SE_001	3592	23567	105	0	13472	8.60	16.02	13.34	4.97	11777	15.15	27.81	13.09	4.97	12523	11.84	22.28	13.23	4.97	11711	15.82	28.83	13.07	4.99	12686	11.05	20.83	13.23	4.89	10651	25.55	40.57	13.12	4.99															2020-07-11 12:12:00
11.07.2020	12:18:00	RO_SE_001	3592	23568	105	0	13472	8.60	16.02	13.34	4.97	11777	15.15	27.81	13.1	4.97	12524	11.84	22.27	13.23	4.97	11712	15.81	28.82	13.1	4.99	12686	11.05	20.83	13.23	4.91	10651	25.55	40.57	13.05	4.97															2020-07-11 12:18:00
11.07.2020	12:24:00	RO_SE_001	3593	23569	105	0	13473	8.60	16.01	13.34	4.97	11777	15.15	27.81	13.08	4.97	12525	11.83	22.26	13.28	4.97	11712	15.81	28.82	13.09	4.99	12687	11.05	20.83	13.23	4.89	10651	25.55	40.57	13.1	4.97															2020-07-11 12:24:00
11.07.2020	12:30:00	RO_SE_001	3556	23570	0	0	13473	8.60	16.01	13.34	4.97	11777	15.15	27.81	13.09	4.97	12526	11.83	22.26	13.27	4.97	11712	15.81	28.82	13.08	4.99	12688	11.04	20.82	13.23	4.89	10651	25.55	40.57	13.03	4.99															2020-07-11 12:30:00
11.07.2020	12:36:00	RO_SE_001	3587	23571	90	0	13474	8.59	16.01	13.34	4.97	11777	15.15	27.81	13.06	4.97	12527	11.83	22.25	13.3	4.97	11713	15.81	28.81	13.07	4.99	12687	11.05	20.83	13.2	4.91	10651	25.55	40.57	13.05	4.99															2020-07-11 12:36:00
11.07.2020	12:42:00	RO_SE_001	3589	23572	90	0	13474	8.59	16.01	13.36	4.97	11777	15.15	27.81	13.08	4.97	12528	11.82	22.24	13.32	4.97	11713	15.81	28.81	13.08	4.99	12688	11.04	20.82	13.24	4.91	10651	25.55	40.57	13.05	4.97															2020-07-11 12:42:00
11.07.2020	12:48:00	RO_SE_001	3590	23573	90	0	13474	8.59	16.01	13.37	4.97	11778	15.15	27.8	13.09	4.97	12529	11.82	22.24	13.3	4.97	11713	15.81	28.81	13.04	4.99	12689	11.04	20.81	13.21	4.89	10651	25.55	40.57	13.07	4.99															2020-07-11 12:48:00
11.07.2020	12:54:00	RO_SE_001	3592	23574	99	0	13473	8.60	16.01	13.38	4.97	11778	15.15	27.8	13.07	4.97	12530	11.81	22.23	13.29	4.97	11713	15.81	28.81	13.09	4.99	12689	11.04	20.81	13.23	4.89	10651	25.55	40.57	13.07	4.99															2020-07-11 12:54:00
11.07.2020	13:00:00	RO_SE_001	3592	23575	81	0	13473	8.60	16.01	13.38	4.97	11778	15.15	27.8	13.05	4.97	12530	11.81	22.23	13.35	4.97	11713	15.81	28.81	13.03	4.99	12690	11.04	20.8	13.24	4.89	10652	25.53	40.56	13.07	4.99															2020-07-11 13:00:00
11.07.2020	13:06:00	RO_SE_001	3590	23576	87	0	13473	8.60	16.01	13.41	4.97	11778	15.15	27.8	13.07	4.97	12531	11.81	22.22	13.34	4.97	11714	15.80	28.8	13.06	4.99	12691	11.03	20.8	13.21	4.89	10652	25.53	40.56	13.05	4.97															2020-07-11 13:06:00
11.07.2020	13:12:00	RO_SE_001	3591	23577	87	0	13474	8.59	16.01	13.41	4.97	11784	15.11	27.75	13.09	4.97	12532	11.80	22.21	13.32	4.97	11714	15.80	28.8	13.05	4.99	12691	11.03	20.8	13.23	4.89	10652	25.53	40.56	13.03	4.97															2020-07-11 13:12:00
11.07.2020	13:18:00	RO_SE_001	3591	23578	87	0	13474	8.59	16.01	13.41	4.97	11784	15.11	27.75	13.08	4.97	12533	11.80	22.21	13.32	4.97	11714	15.80	28.8	13.06	5.02	12692	11.03	20.79	13.25	4.89	10652	25.53	40.56	13.05	4.99															2020-07-11 13:18:00
11.07.2020	13:24:00	RO_SE_001	3592	23579	93	0	13474	8.59	16.01	13.45	4.97	11784	15.11	27.75	13.06	4.97	12534	11.80	22.2	13.35	4.97	11715	15.79	28.79	13.09	4.99	12693	11.02	20.78	13.26	4.89	10652	25.53	40.56	13.05	4.99															2020-07-11 13:24:00
11.07.2020	13:30:00	RO_SE_001	3592	23580	81	0	13474	8.59	16.01	13.45	4.97	11784	15.11	27.75	13.08	4.97	12535	11.79	22.19	13.37	4.97	11715	15.79	28.79	13.07	4.99	12693	11.02	20.78	13.25	4.91	10652	25.53	40.56	13.06	4.99															2020-07-11 13:30:00
11.07.2020	13:36:00	RO_SE_001	3592	23581	81	0	13474	8.59	16.01	13.41	4.97	11784	15.11	27.75	13.09	4.97	12536	11.79	22.18	13.38	4.97	11715	15.79	28.79	13.05	4.99	12694	11.02	20.78	13.25	4.91	10652	25.53	40.56	13.0	4.99															2020-07-11 13:36:00
11.07.2020	13:42:00	RO_SE_001	3550	23582	81	0	13475	8.59	16.0	13.45	4.97	11784	15.11	27.75	13.08	4.97	12537	11.78	22.18	13.38	4.97	11715	15.79	28.79	13.06	4.99	12695	11.02	20.77	13.28	4.89	10652	25.53	40.56	13.06	4.97															2020-07-11 13:42:00
11.07.2020	13:48:00	RO_SE_001	3591	23583	87	0	13476	8.59	15.99	13.45	4.97	11784	15.11	27.75	13.08	4.97	12538	11.78	22.17	13.32	4.97	11716	15.79	28.78	13.05	4.99	12695	11.02	20.77	13.28	4.89	10652	25.53	40.56	13.04	4.99															2020-07-11 13:48:00
11.07.2020	13:54:00	RO_SE_001	3555	23584	0	0	13477	8.59	15.99	13.46	4.97	11784	15.11	27.75	13.06	4.97	12539	11.78	22.16	13.4	4.97	11716	15.79	28.78	13.02	5.02	12696	11.01	20.76	13.26	4.91	10653	25.52	40.55	13.03	4.99															2020-07-11 13:54:00
11.07.2020	14:00:00	RO_SE_001	3585	23585	69	0	13477	8.59	15.99	13.46	4.97	11784	15.11	27.75	13.03	4.97	12540	11.77	22.16	13.39	4.97	11716	15.79	28.78	13.05	4.99	12696	11.01	20.76	13.29	4.89	10653	25.52	40.55	13.05	4.99															2020-07-11 14:00:00
11.07.2020	14:06:00	RO_SE_001	3588	23586	96	0	13478	8.58	15.98	13.51	4.97	11784	15.11	27.75	13.04	4.97	12541	11.77	22.15	13.4	4.97	11716	15.79	28.78	13.05	4.99	12697	11.01	20.76	13.32	4.89	10653	25.52	40.55	13.03	4.97															2020-07-11 14:06:00
11.07.2020	14:12:00	RO_SE_001	3589	23587	96	0	13478	8.58	15.98	13.48	4.97	11784	15.11	27.75	13.05	4.97	12542	11.76	22.14	13.41	4.97	11717	15.78	28.77	13.03	4.99	12698	11.01	20.75	13.28	4.89	10653	25.52	40.55	13.06	4.97															2020-07-11 14:12:00
11.07.2020	14:18:00	RO_SE_001	3591	23588	84	0	13479	8.58	15.98	13.47	4.97	11784	15.11	27.75	13.06	4.97	12543	11.76	22.13	13.42	4.97	11717	15.78	28.77	13.02	4.99	12699	11.00	20.74	13.3	4.91	10653	25.52	40.55	13.01	4.99															2020-07-11 14:18:00
11.07.2020	14:24:00	RO_SE_001	3592	23589	84	0	13479	8.58	15.98	13.49	4.97	11784	15.11	27.75	13.02	4.97	12544	11.76	22.13	13.42	4.97	11717	15.78	28.77	13.03	4.99	12700	11.00	20.73	13.31	4.91	10653	25.52	40.55	13.03	4.99															2020-07-11 14:24:00
11.07.2020	14:30:00	RO_SE_001	3590	23590	84	0	13480	8.58	15.97	13.51	4.97	11784	15.11	27.75	13.02	4.97	12544	11.76	22.13	13.41	4.97	11717	15.78	28.77	13.02	4.99	12700	11.00	20.73	13.3	4.91	10653	25.52	40.55	13.03	4.99															2020-07-11 14:30:00
11.07.2020	14:36:00	RO_SE_001	3591	23591	84	0	13480	8.58	15.97	13.53	4.97	11784	15.11	27.75	13.04	4.97	12545	11.75	22.12	13.42	4.97	11717	15.78	28.77	13.0	4.99	12701	10.99	20.73	13.32	4.89	10653	25.52	40.55	13.05	4.99															2020-07-11 14:36:00
11.07.2020	14:42:00	RO_SE_001	3592	23592	84	0	13480	8.58	15.97	13.5	4.97	11784	15.11	27.75	13.03	4.97	12546	11.75	22.11	13.41	4.97	11718	15.77	28.76	13.02	4.99	12702	10.99	20.72	13.3	4.91	10653	25.52	40.55	12.97	4.99															2020-07-11 14:42:00
11.07.2020	14:48:00	RO_SE_001	3591	23593	75	0	13480	8.58	15.97	13.5	4.97	11784	15.11	27.75	13.05	4.97	12552	11.72	22.07	13.39	4.97	11717	15.78	28.77	13.02	4.99	12701	10.99	20.73	13.31	4.89	10653	25.52	40.55	12.98	4.99															2020-07-11 14:48:00
11.07.2020	14:54:00	RO_SE_001	3591	23594	75	0	13481	8.58	15.97	13.49	4.97	11784	15.11	27.75	13.03	4.97	12552	11.72	22.07	13.43	4.97	11718	15.77	28.76	13.01	4.99	12702	10.99	20.72	13.32	4.89	10653	25.52	40.55	13.02	4.97															2020-07-11 14:54:00
11.07.2020	15:00:00	RO_SE_001	3591	23595	99	0	13481	8.58	15.97	13.52	4.97	11784	15.11	27.75	13.04	4.97	12552	11.72	22.07	13.45	4.97	11718	15.77	28.76	13.03	4.99	12703	10.99	20.71	13.33	4.89	10654	25.51	40.53	13.01	4.97															2020-07-11 15:00:00
11.07.2020	15:06:00	RO_SE_001	3591	23596	72	0	13482	8.57	15.96	13.52	4.97	11784	15.11	27.75	13.03	4.97	12552	11.72	22.07	13.45	4.97	11718	15.77	28.76	13.03	4.99	12703	10.99	20.71	13.34	4.89	10654	25.51	40.53	13.01	4.97															2020-07-11 15:06:00
11.07.2020	15:12:00	RO_SE_001	3591	23597	72	0	13482	8.57	15.96	13.55	4.97	11784	15.11	27.75	13.04	4.97	12552	11.72	22.07	13.45	4.97	11718	15.77	28.76	13.02	4.99	12704	10.98	20.71	13.36	4.91	10654	25.51	40.53	12.99	4.99															2020-07-11 15:12:00
11.07.2020	15:18:00	RO_SE_001	3590	23598	102	0	13482	8.57	15.96	13.55	4.97	11784	15.11	27.75	13.04	4.97	12553	11.72	22.06	13.45	4.97	11719	15.77	28.75	13.01	4.99	12705	10.98	20.7	13.37	4.91	10654	25.51	40.53	13.01	4.97															2020-07-11 15:18:00
11.07.2020	15:24:00	RO_SE_001	3590	23599	111	0	13483	8.57	15.96	13.51	4.97	11785	15.11	27.74	13.05	4.97	12553	11.72	22.06	13.47	4.97	11719	15.77	28.75	13.02	4.99	12706	10.98	20.69	13.32	4.91	10654	25.51	40.53	13.03	4.99															2020-07-11 15:24:00
11.07.2020	15:30:00	RO_SE_001	3591	23600	111	0	13483	8.57	15.96	13.55	4.97	11785	15.11	27.74	13.02	4.97	12554	11.72	22.05	13.46	4.97	11719	15.77	28.75	13.03	4.99	12707	10.97	20.69	13.35	4.89	10654	25.51	40.53	12.99	4.97															2020-07-11 15:30:00
11.07.2020	15:36:00	RO_SE_001	3590	23601	111	0	13484	8.57	15.95	13.57	4.97	11785	15.11	27.74	13.03	4.97	12556	11.71	22.04	13.48	4.97	11720	15.76	28.75	13.0	4.99	12707	10.97	20.69	13.38	4.89	10654	25.51	40.53	13.0	4.99															2020-07-11 15:36:00
11.07.2020	15:42:00	RO_SE_001	3591	23602	108	0	13485	8.56	15.94	13.55	4.97	11785	15.11	27.74	13.02	4.97	12557	11.70	22.03	13.52	4.97	11720	15.76	28.75	13.02	4.99	12708	10.97	20.68	13.37	4.89	10654	25.51	40.53	12.98	4.97															2020-07-11 15:42:00
11.07.2020	15:48:00	RO_SE_001	3593	23603	108	0	13486	8.56	15.94	13.58	4.97	11786	15.10	27.73	13.02	4.97	12558	11.70	22.02	13.46	4.97	11720	15.76	28.75	13.02	4.99	12708	10.97	20.68	13.38	4.89	10654	25.51	40.53	12.98	4.99															2020-07-11 15:48:00
11.07.2020	15:54:00	RO_SE_001	3593	23604	132	0	13486	8.56	15.94	13.58	4.97	11786	15.10	27.73	13.03	4.97	12558	11.70	22.02	13.52	4.97	11720	15.76	28.75	12.98	4.99	12709	10.97	20.67	13.4	4.89	10655	25.49	40.52	13.0	4.99															2020-07-11 15:54:00
11.07.2020	16:00:00	RO_SE_001	3592	23605	132	0	13487	8.56	15.93	13.59	4.97	11786	15.10	27.73	13.02	4.97	12559	11.70	22.02	13.57	4.97	11721	15.76	28.74	12.98	4.99	12710	10.96	20.67	13.39	4.89	10655	25.49	40.52	12.99	4.97															2020-07-11 16:00:00
11.07.2020	16:06:00	RO_SE_001	3591	23606	132	0	13487	8.56	15.93	13.59	4.97	11786	15.10	27.73	12.98	4.97	12561	11.69	22.0	13.54	4.97	11721	15.76	28.74	12.96	4.99	12711	10.96	20.66	13.42	4.89	10655	25.49	40.52	12.99	4.97															2020-07-11 16:06:00
11.07.2020	16:12:00	RO_SE_001	3591	23607	132	0	13488	8.56	15.93	13.59	4.97	11787	15.09	27.72	13.01	4.97	12562	11.68	22.0	13.55	4.97	11721	15.76	28.74	12.98	4.99	12712	10.95	20.65	13.41	4.91	10655	25.49	40.52	13.01	4.97															2020-07-11 16:12:00
11.07.2020	16:18:00	RO_SE_001	3590	23608	99	0	13488	8.56	15.93	13.61	4.97	11788	15.09	27.71	13.01	4.97	12563	11.68	21.99	13.55	4.97	11722	15.75	28.73	13.01	4.99	12713	10.95	20.64	13.41	4.89	10655	25.49	40.52	13.02	4.97															2020-07-11 16:18:00
11.07.2020	16:24:00	RO_SE_001	3591	23609	93	0	13488	8.56	15.93	13.67	4.97	11788	15.09	27.71	13.02	4.97	12564	11.68	21.98	13.54	4.97	11722	15.75	28.73	13.04	4.99	12713	10.95	20.64	13.43	4.89	10655	25.49	40.52	12.99	4.97															2020-07-11 16:24:00
11.07.2020	16:30:00	RO_SE_001	3591	23610	111	0	13489	8.55	15.92	13.63	4.97	11789	15.08	27.7	13.01	4.97	12565	11.67	21.97	13.57	4.97	11722	15.75	28.73	13.01	4.99	12714	10.95	20.64	13.43	4.91	10655	25.49	40.52	12.99	4.97															2020-07-11 16:30:00
11.07.2020	16:36:00	RO_SE_001	3591	23611	96	0	13490	8.55	15.92	13.66	4.97	11789	15.08	27.7	13.02	4.97	12565	11.67	21.97	13.55	4.97	11722	15.75	28.73	13.02	5.02	12715	10.94	20.63	13.42	4.89	10655	25.49	40.52	12.98	4.97															2020-07-11 16:36:00
11.07.2020	16:42:00	RO_SE_001	3592	23612	96	0	13490	8.55	15.92	13.66	4.97	11789	15.08	27.7	12.99	4.97	12566	11.67	21.97	13.55	4.97	11723	15.74	28.72	12.98	4.99	12716	10.94	20.62	13.46	4.91	10655	25.49	40.52	12.98	4.97															2020-07-11 16:42:00
11.07.2020	16:48:00	RO_SE_001	3591	23613	105	0	13491	8.55	15.91	13.66	4.97	11789	15.08	27.7	12.99	4.97	12567	11.66	21.96	13.56	4.97	11723	15.74	28.72	13.02	4.99	12715	10.94	20.63	13.45	4.89	10655	25.49	40.52	12.99	4.99															2020-07-11 16:48:00
11.07.2020	16:54:00	RO_SE_001	3591	23614	105	0	13491	8.55	15.91	13.66	4.97	11789	15.08	27.7	13.0	4.97	12568	11.66	21.95	13.54	4.97	11723	15.74	28.72	13.01	4.99	12716	10.94	20.62	13.47	4.89	10656	25.48	40.51	13.0	4.99															2020-07-11 16:54:00
11.07.2020	17:00:00	RO_SE_001	3591	23615	105	0	13492	8.55	15.9	13.65	4.97	11789	15.08	27.7	13.03	4.97	12570	11.65	21.94	13.54	4.97	11724	15.74	28.71	13.01	5.02	12717	10.94	20.62	13.42	4.89	10656	25.48	40.51	13.0	4.99															2020-07-11 17:00:00
11.07.2020	17:06:00	RO_SE_001	3593	23616	105	0	13492	8.55	15.9	13.69	4.97	11790	15.08	27.7	13.01	4.97	12570	11.65	21.94	13.55	4.97	11724	15.74	28.71	13.0	4.99	12718	10.93	20.61	13.46	4.89	10656	25.48	40.51	12.99	4.99															2020-07-11 17:06:00
11.07.2020	17:12:00	RO_SE_001	3593	23617	105	0	13493	8.54	15.9	13.7	4.97	11790	15.08	27.7	13.0	4.97	12571	11.65	21.93	13.55	4.97	11724	15.74	28.71	12.98	4.99	12719	10.93	20.6	13.41	4.89	10656	25.48	40.51	12.99	4.99															2020-07-11 17:12:00
11.07.2020	17:18:00	RO_SE_001	3591	23618	105	0	13493	8.54	15.9	13.69	4.97	11790	15.08	27.7	13.0	4.97	12572	11.64	21.92	13.59	4.97	11725	15.73	28.7	13.01	4.99	12719	10.93	20.6	13.43	4.89	10656	25.48	40.51	12.98	4.99															2020-07-11 17:18:00
11.07.2020	17:24:00	RO_SE_001	3592	23619	99	0	13493	8.54	15.9	13.66	4.97	11790	15.08	27.7	13.01	4.97	12572	11.64	21.92	13.54	4.97	11725	15.73	28.7	12.99	4.99	12720	10.92	20.6	13.44	4.89	10656	25.48	40.51	12.99	4.97															2020-07-11 17:24:00
11.07.2020	17:30:00	RO_SE_001	3592	23620	99	0	13494	8.54	15.89	13.66	4.97	11790	15.08	27.7	13.04	4.97	12573	11.64	21.92	13.56	4.97	11724	15.74	28.71	12.97	4.99	12721	10.92	20.59	13.45	4.89	10656	25.48	40.51	12.98	4.97															2020-07-11 17:30:00
11.07.2020	17:36:00	RO_SE_001	3593	23621	99	0	13494	8.54	15.89	13.7	4.97	11790	15.08	27.7	13.02	4.97	12574	11.64	21.91	13.54	4.97	11725	15.73	28.7	12.98	4.99	12721	10.92	20.59	13.45	4.89	10656	25.48	40.51	13.0	4.99															2020-07-11 17:36:00
11.07.2020	17:42:00	RO_SE_001	3592	23622	99	0	13494	8.54	15.89	13.67	4.97	11791	15.07	27.69	13.0	4.97	12575	11.63	21.9	13.59	4.97	11725	15.73	28.7	12.98	4.99	12722	10.92	20.58	13.43	4.89	10656	25.48	40.51	12.98	4.99															2020-07-11 17:42:00
11.07.2020	17:48:00	RO_SE_001	3593	23623	99	0	13494	8.54	15.89	13.68	4.97	11791	15.07	27.69	13.0	4.97	12576	11.63	21.89	13.57	4.97	11725	15.73	28.7	13.0	4.99	12722	10.92	20.58	13.48	4.91	10656	25.48	40.51	12.98	4.99															2020-07-11 17:48:00
11.07.2020	17:54:00	RO_SE_001	3593	23624	99	0	13495	8.54	15.89	13.66	4.97	11791	15.07	27.69	13.0	4.97	12577	11.62	21.89	13.55	4.97	11725	15.73	28.7	12.99	4.99	12723	10.91	20.57	13.46	4.89	10656	25.48	40.51	12.98	4.97															2020-07-11 17:54:00
11.07.2020	18:00:00	RO_SE_001	3557	23625	0	0	13495	8.54	15.89	13.71	4.97	11791	15.07	27.69	12.98	4.97	12578	11.62	21.88	13.58	4.97	11725	15.73	28.7	12.98	4.99	12722	10.92	20.58	13.47	4.89	10656	25.48	40.51	12.98	4.99															2020-07-11 18:00:00
11.07.2020	18:06:00	RO_SE_001	3587	23626	84	0	13494	8.54	15.89	13.69	4.97	11791	15.07	27.69	12.99	4.97	12578	11.62	21.88	13.57	4.97	11726	15.73	28.69	12.94	4.99	12723	10.91	20.57	13.45	4.89	10656	25.48	40.51	12.99	4.99															2020-07-11 18:06:00
11.07.2020	18:12:00	RO_SE_001	3588	23627	84	0	13495	8.54	15.89	13.69	4.97	11792	15.07	27.68	13.03	4.97	12579	11.62	21.87	13.55	4.97	11726	15.73	28.69	12.97	4.99	12724	10.91	20.57	13.45	4.89	10656	25.48	40.51	12.95	4.97															2020-07-11 18:12:00
11.07.2020	18:18:00	RO_SE_001	3592	23628	84	0	13495	8.54	15.89	13.71	4.97	11791	15.07	27.69	13.0	4.97	12841	10.64	20.05	13.55	4.97	11726	15.73	28.69	12.99	4.99	12724	10.91	20.57	13.46	4.89	10656	25.48	40.51	12.98	4.99															2020-07-11 18:18:00
11.07.2020	18:24:00	RO_SE_001	3549	23629	84	0	13496	8.53	15.88	13.67	4.97	11791	15.07	27.69	13.0	4.97	12836	10.65	20.09	13.61	4.97	11726	15.73	28.69	13.02	4.99	12725	10.91	20.56	13.45	4.89	10656	25.48	40.51	12.98	4.99															2020-07-11 18:24:00
11.07.2020	18:30:00	RO_SE_001	3591	23630	75	0	13496	8.53	15.88	13.72	4.97	11791	15.07	27.69	13.02	4.97	12836	10.65	20.09	13.54	4.97	11727	15.72	28.68	12.95	4.99	12725	10.91	20.56	13.48	4.89	10656	25.48	40.51	12.98	4.97															2020-07-11 18:30:00
11.07.2020	18:36:00	RO_SE_001	3591	23631	75	0	13496	8.53	15.88	13.7	4.97	11791	15.07	27.69	13.02	4.97	12837	10.65	20.08	13.59	4.97	11727	15.72	28.68	12.97	4.99	12726	10.90	20.55	13.45	4.89	10656	25.48	40.51	12.99	4.97															2020-07-11 18:36:00
11.07.2020	18:42:00	RO_SE_001	3592	23632	75	0	13497	8.53	15.88	13.67	4.97	11792	15.07	27.68	12.96	4.97	12838	10.65	20.07	13.59	4.97	11727	15.72	28.68	12.94	4.99	12726	10.90	20.55	13.44	4.91	10656	25.48	40.51	12.98	4.99															2020-07-11 18:42:00
11.07.2020	18:48:00	RO_SE_001	3593	23633	102	0	13497	8.53	15.88	13.72	4.97	11792	15.07	27.68	13.03	4.97	12583	11.60	21.84	13.58	4.97	11728	15.71	28.67	12.98	4.99	12727	10.90	20.55	13.48	4.89	10657	25.47	40.49	12.95	4.97															2020-07-11 18:48:00
11.07.2020	18:54:00	RO_SE_001	3593	23634	102	0	13497	8.53	15.88	13.71	4.97	11792	15.07	27.68	13.01	4.97	12583	11.60	21.84	13.55	4.97	11728	15.71	28.67	13.0	4.99	12727	10.90	20.55	13.48	4.89	10657	25.47	40.49	12.98	4.99															2020-07-11 18:54:00
11.07.2020	19:00:00	RO_SE_001	3593	23635	102	0	13497	8.53	15.88	13.71	4.97	11792	15.07	27.68	13.0	4.97	12584	11.60	21.84	13.56	4.97	11728	15.71	28.67	12.96	4.99	12728	10.89	20.54	13.49	4.91	10657	25.47	40.49	12.95	4.97															2020-07-11 19:00:00
11.07.2020	19:06:00	RO_SE_001	3593	23636	102	0	13498	8.53	15.87	13.7	4.97	11792	15.07	27.68	12.97	4.97	12585	11.59	21.83	13.54	4.97	11728	15.71	28.67	12.99	4.99	12728	10.89	20.54	13.49	4.89	10657	25.47	40.49	12.99	4.97															2020-07-11 19:06:00
11.07.2020	19:12:00	RO_SE_001	3592	23637	105	0	13498	8.53	15.87	13.69	4.97	11792	15.07	27.68	13.05	4.97	12586	11.59	21.82	13.54	4.97	11728	15.71	28.67	12.95	4.99	12729	10.89	20.53	13.46	4.89	10657	25.47	40.49	12.98	4.99															2020-07-11 19:12:00
11.07.2020	19:18:00	RO_SE_001	3594	23638	93	0	13498	8.53	15.87	13.7	4.97	11792	15.07	27.68	12.99	4.97	12586	11.59	21.82	13.58	4.97	11729	15.71	28.66	12.98	4.99	12729	10.89	20.53	13.49	4.89	10657	25.47	40.49	12.99	4.99															2020-07-11 19:18:00
11.07.2020	19:24:00	RO_SE_001	3593	23639	102	0	13498	8.53	15.87	13.67	4.97	11792	15.07	27.68	13.0	4.97	12587	11.59	21.82	13.53	4.97	11729	15.71	28.66	12.95	4.99	12730	10.89	20.53	13.47	4.89	10657	25.47	40.49	12.98	4.97															2020-07-11 19:24:00
11.07.2020	19:30:00	RO_SE_001	3593	23640	78	0	13499	8.53	15.86	13.69	4.97	11792	15.07	27.68	13.0	4.97	12588	11.58	21.81	13.51	4.97	11729	15.71	28.66	12.95	4.99	12730	10.89	20.53	13.45	4.91	10657	25.47	40.49	12.96	4.99															2020-07-11 19:30:00
11.07.2020	19:36:00	RO_SE_001	3593	23641	102	0	13499	8.53	15.86	13.68	4.97	11792	15.07	27.68	13.01	4.97	12587	11.59	21.82	13.52	4.97	11729	15.71	28.66	12.97	4.99	12730	10.89	20.53	13.45	4.89	10657	25.47	40.49	12.98	4.97															2020-07-11 19:36:00
11.07.2020	19:42:00	RO_SE_001	3593	23642	102	0	13499	8.53	15.86	13.67	4.97	11792	15.07	27.68	13.0	4.97	12588	11.58	21.81	13.55	4.97	11730	15.70	28.65	12.98	4.99	12730	10.89	20.53	13.46	4.89	10657	25.47	40.49	12.98	4.97															2020-07-11 19:42:00
11.07.2020	19:48:00	RO_SE_001	3593	23643	102	0	13499	8.53	15.86	13.66	4.97	11792	15.07	27.68	13.02	4.97	12589	11.58	21.8	13.56	4.97	11730	15.70	28.65	13.0	4.99	12730	10.89	20.53	13.45	4.89	10657	25.47	40.49	12.99	4.97															2020-07-11 19:48:00
11.07.2020	19:54:00	RO_SE_001	3592	23644	102	0	13499	8.53	15.86	13.66	4.97	11792	15.07	27.68	13.02	4.97	12589	11.58	21.8	13.53	4.97	11730	15.70	28.65	12.96	4.99	12731	10.88	20.52	13.45	4.91	10657	25.47	40.49	12.98	4.99															2020-07-11 19:54:00
11.07.2020	20:00:00	RO_SE_001	3593	23645	102	0	13500	8.52	15.86	13.64	4.97	11792	15.07	27.68	13.0	4.97	12590	11.57	21.79	13.52	4.97	11730	15.70	28.65	12.97	5.02	12731	10.88	20.52	13.46	4.89	10658	25.45	40.48	12.98	4.97															2020-07-11 20:00:00
11.07.2020	20:06:00	RO_SE_001	3593	23646	99	0	13500	8.52	15.86	13.66	4.97	11792	15.07	27.68	12.98	4.97	12591	11.57	21.79	13.52	4.97	11731	15.70	28.65	12.98	4.99	12732	10.88	20.51	13.44	4.89	10658	25.45	40.48	12.96	4.97															2020-07-11 20:06:00
11.07.2020	20:12:00	RO_SE_001	3593	23647	99	0	13500	8.52	15.86	13.64	4.97	11792	15.07	27.68	13.0	4.97	12591	11.57	21.79	13.5	4.97	11731	15.70	28.65	12.95	4.99	12732	10.88	20.51	13.45	4.89	10658	25.45	40.48	12.98	4.99															2020-07-11 20:12:00
11.07.2020	20:18:00	RO_SE_001	3593	23648	99	0	13500	8.52	15.86	13.63	4.94	11792	15.07	27.68	13.0	4.97	12592	11.57	21.78	13.52	4.97	11731	15.70	28.65	12.98	4.99	12733	10.88	20.51	13.45	4.89	10658	25.45	40.48	12.95	4.99															2020-07-11 20:18:00
11.07.2020	20:24:00	RO_SE_001	3593	23649	99	0	13500	8.52	15.86	13.62	4.97	11792	15.07	27.68	13.03	4.97	12593	11.56	21.77	13.46	4.97	11731	15.70	28.65	12.98	4.99	12733	10.88	20.51	13.44	4.89	10658	25.45	40.48	13.01	4.99															2020-07-11 20:24:00
11.07.2020	20:30:00	RO_SE_001	3592	23650	99	0	13501	8.52	15.85	13.63	4.97	11792	15.07	27.68	13.03	4.97	12593	11.56	21.77	13.45	4.97	11731	15.70	28.65	12.95	4.99	12733	10.88	20.51	13.41	4.91	10658	25.45	40.48	12.98	4.97															2020-07-11 20:30:00
11.07.2020	20:36:00	RO_SE_001	3593	23651	99	0	13501	8.52	15.85	13.59	4.97	11792	15.07	27.68	13.01	4.97	12594	11.56	21.77	13.45	4.97	11731	15.70	28.65	12.97	4.99	12734	10.87	20.5	13.46	4.89	10658	25.45	40.48	12.97	4.97															2020-07-11 20:36:00
11.07.2020	20:42:00	RO_SE_001	3593	23652	99	0	13501	8.52	15.85	13.58	4.97	11792	15.07	27.68	13.02	4.97	12594	11.56	21.77	13.45	4.97	11732	15.69	28.64	12.95	4.99	12734	10.87	20.5	13.41	4.89	10658	25.45	40.48	13.0	4.97															2020-07-11 20:42:00
11.07.2020	20:48:00	RO_SE_001	3556	23653	0	0	13501	8.52	15.85	13.57	4.97	11792	15.07	27.68	12.99	4.97	12594	11.56	21.77	13.42	4.97	11732	15.69	28.64	12.97	5.02	12734	10.87	20.5	13.42	4.91	10658	25.45	40.48	12.98	4.97															2020-07-11 20:48:00
11.07.2020	20:54:00	RO_SE_001	3587	23654	66	0	13502	8.52	15.85	13.55	4.97	11792	15.07	27.68	12.99	4.97	12594	11.56	21.77	13.38	4.97	11731	15.70	28.65	12.95	4.99	12735	10.87	20.49	13.41	4.89	10658	25.45	40.48	12.96	4.97															2020-07-11 20:54:00
11.07.2020	21:00:00	RO_SE_001	3589	23655	66	0	13499	8.53	15.86	13.51	4.97	11792	15.07	27.68	13.04	4.97	12595	11.55	21.76	13.41	4.97	11731	15.70	28.65	12.96	4.99	12735	10.87	20.49	13.41	4.89	10659	25.44	40.47	12.98	4.99															2020-07-11 21:00:00
11.07.2020	21:06:00	RO_SE_001	3591	23656	69	0	13500	8.52	15.86	13.52	4.97	11792	15.07	27.68	13.02	4.97	12596	11.55	21.75	13.35	4.97	11731	15.70	28.65	12.95	4.99	12736	10.87	20.48	13.38	4.91	10659	25.44	40.47	13.0	4.97															2020-07-11 21:06:00
11.07.2020	21:12:00	RO_SE_001	3592	23657	69	0	13500	8.52	15.86	13.52	4.97	11792	15.07	27.68	13.0	4.97	12596	11.55	21.75	13.34	4.97	11732	15.69	28.64	12.97	4.99	12736	10.87	20.48	13.34	4.89	10659	25.44	40.47	12.99	4.97															2020-07-11 21:12:00
11.07.2020	21:18:00	RO_SE_001	3592	23658	69	0	13500	8.52	15.86	13.48	4.97	11792	15.07	27.68	13.02	4.97	12597	11.55	21.74	13.34	4.97	11732	15.69	28.64	12.96	5.02	12736	10.87	20.48	13.38	4.89	10659	25.44	40.47	12.98	4.97															2020-07-11 21:18:00
11.07.2020	21:24:00	RO_SE_001	3592	23659	69	0	13501	8.52	15.85	13.46	4.97	11792	15.07	27.68	13.02	4.97	12597	11.55	21.74	13.32	4.97	11732	15.69	28.64	12.97	4.99	12736	10.87	20.48	13.32	4.91	10659	25.44	40.47	12.95	4.97															2020-07-11 21:24:00
11.07.2020	21:30:00	RO_SE_001	3593	23660	69	0	13501	8.52	15.85	13.48	4.97	11792	15.07	27.68	13.02	4.97	12598	11.54	21.74	13.33	4.97	11732	15.69	28.64	12.98	4.99	12737	10.86	20.48	13.34	4.91	10659	25.44	40.47	12.99	4.99															2020-07-11 21:30:00
11.07.2020	21:36:00	RO_SE_001	3593	23661	69	0	13501	8.52	15.85	13.45	4.97	11792	15.07	27.68	12.99	4.97	12598	11.54	21.74	13.3	4.97	11732	15.69	28.64	12.94	4.99	12737	10.86	20.48	13.31	4.89	10659	25.44	40.47	13.01	4.99															2020-07-11 21:36:00
11.07.2020	21:42:00	RO_SE_001	3593	23662	69	0	13501	8.52	15.85	13.44	4.97	11792	15.07	27.68	12.99	4.97	12599	11.54	21.73	13.23	4.97	11732	15.69	28.64	12.96	4.99	12737	10.86	20.48	13.34	4.89	10659	25.44	40.47	12.97	4.99															2020-07-11 21:42:00
11.07.2020	21:48:00	RO_SE_001	3592	23663	69	0	13502	8.52	15.85	13.39	4.97	11792	15.07	27.68	13.03	4.97	12599	11.54	21.73	13.2	4.97	11733	15.68	28.63	12.96	4.99	12737	10.86	20.48	13.32	4.89	10659	25.44	40.47	12.97	4.99															2020-07-11 21:48:00
11.07.2020	21:54:00	RO_SE_001	3592	23664	69	0	13502	8.52	15.85	13.38	4.97	11792	15.07	27.68	13.02	4.97	12600	11.53	21.72	13.2	4.97	11733	15.68	28.63	12.95	5.02	12737	10.86	20.48	13.29	4.89	10659	25.44	40.47	12.98	4.97															2020-07-11 21:54:00
11.07.2020	22:00:00	RO_SE_001	3592	23665	69	0	13502	8.52	15.85	13.37	4.97	11792	15.07	27.68	12.98	4.97	12601	11.53	21.72	13.17	4.97	11733	15.68	28.63	12.95	4.99	12738	10.86	20.47	13.27	4.89	10659	25.44	40.47	13.0	4.99															2020-07-11 22:00:00
11.07.2020	22:06:00	RO_SE_001	3592	23666	69	0	13500	8.52	15.86	13.33	4.97	11792	15.07	27.68	13.01	4.97	12601	11.53	21.72	13.18	4.97	11733	15.68	28.63	13.01	4.99	12738	10.86	20.47	13.27	4.89	10659	25.44	40.47	12.98	4.97															2020-07-11 22:06:00
11.07.2020	22:12:00	RO_SE_001	3592	23667	63	0	13500	8.52	15.86	13.32	4.97	11792	15.07	27.68	13.04	4.97	12601	11.53	21.72	13.18	4.97	11733	15.68	28.63	12.97	4.99	12738	10.86	20.47	13.25	4.91	10660	25.43	40.45	12.96	4.99															2020-07-11 22:12:00
11.07.2020	22:18:00	RO_SE_001	3591	23668	63	0	13501	8.52	15.85	13.32	4.97	11792	15.07	27.68	13.01	4.97	12602	11.53	21.71	13.14	4.97	11733	15.68	28.63	12.95	4.99	12739	10.85	20.46	13.24	4.89	10660	25.43	40.45	12.96	4.97															2020-07-11 22:18:00
11.07.2020	22:24:00	RO_SE_001	3592	23669	63	0	13501	8.52	15.85	13.29	4.97	11792	15.07	27.68	12.99	4.97	12602	11.53	21.71	13.12	4.97	11734	15.68	28.62	12.96	4.99	12739	10.85	20.46	13.2	4.89	10660	25.43	40.45	12.98	4.99															2020-07-11 22:24:00
11.07.2020	22:30:00	RO_SE_001	3592	23670	63	0	13502	8.52	15.85	13.24	4.97	11792	15.07	27.68	13.01	4.97	12602	11.53	21.71	13.13	4.97	11734	15.68	28.62	12.98	4.99	12740	10.85	20.46	13.2	4.89	10660	25.43	40.45	13.0	4.99															2020-07-11 22:30:00
11.07.2020	22:36:00	RO_SE_001	3592	23671	66	0	13502	8.52	15.85	13.26	4.97	11792	15.07	27.68	13.01	4.97	12603	11.52	21.7	13.06	4.97	11734	15.68	28.62	12.95	5.02	12740	10.85	20.46	13.19	4.91	10660	25.43	40.45	12.97	4.97															2020-07-11 22:36:00
11.07.2020	22:42:00	RO_SE_001	3591	23672	66	0	13502	8.52	15.85	13.26	4.97	11792	15.07	27.68	13.01	4.97	12603	11.52	21.7	13.08	4.97	11734	15.68	28.62	12.95	4.99	12740	10.85	20.46	13.19	4.91	10660	25.43	40.45	13.01	4.97															2020-07-11 22:42:00
11.07.2020	22:48:00	RO_SE_001	3591	23673	66	0	13502	8.52	15.85	13.24	4.97	11792	15.07	27.68	13.0	4.97	12603	11.52	21.7	13.02	4.97	11734	15.68	28.62	12.96	4.99	12741	10.85	20.45	13.18	4.89	10660	25.43	40.45	12.96	4.99															2020-07-11 22:48:00
11.07.2020	22:54:00	RO_SE_001	3591	23674	66	0	13502	8.52	15.85	13.19	4.97	11792	15.07	27.68	13.04	4.97	12604	11.52	21.69	13.05	4.97	11735	15.67	28.61	12.95	5.02	12741	10.85	20.45	13.21	4.91	10660	25.43	40.45	12.92	4.99															2020-07-11 22:54:00
11.07.2020	23:00:00	RO_SE_001	3592	23675	66	0	13503	8.52	15.84	13.24	4.97	11792	15.07	27.68	13.01	4.97	12604	11.52	21.69	13.02	4.97	11735	15.67	28.61	12.95	4.99	12741	10.85	20.45	13.2	4.91	10660	25.43	40.45	12.96	4.97															2020-07-11 23:00:00
11.07.2020	23:06:00	RO_SE_001	3592	23676	66	0	13503	8.52	15.84	13.2	4.97	11792	15.07	27.68	12.98	4.97	12605	11.51	21.69	12.98	4.97	11735	15.67	28.61	12.95	4.99	12742	10.84	20.44	13.15	4.89	10660	25.43	40.45	12.93	4.99															2020-07-11 23:06:00
11.07.2020	23:12:00	RO_SE_001	3592	23677	66	0	13500	8.52	15.86	13.14	4.97	11792	15.07	27.68	13.01	4.97	12605	11.51	21.69	12.97	4.97	11735	15.67	28.61	12.97	4.99	12742	10.84	20.44	13.12	4.91	10660	25.43	40.45	12.98	4.99															2020-07-11 23:12:00
11.07.2020	23:18:00	RO_SE_001	3592	23678	66	0	13500	8.52	15.86	13.16	4.97	11792	15.07	27.68	12.99	4.97	12606	11.51	21.68	12.98	4.97	11735	15.67	28.61	12.96	4.99	12742	10.84	20.44	13.13	4.91	10660	25.43	40.45	13.0	4.99															2020-07-11 23:18:00
11.07.2020	23:24:00	RO_SE_001	3591	23679	66	0	13501	8.52	15.85	13.14	4.97	11792	15.07	27.68	13.0	4.97	12606	11.51	21.68	12.98	4.97	11735	15.67	28.61	12.98	4.99	12742	10.84	20.44	13.07	4.89	10660	25.43	40.45	12.99	4.97															2020-07-11 23:24:00
11.07.2020	23:30:00	RO_SE_001	3592	23680	66	0	13501	8.52	15.85	13.09	4.97	11792	15.07	27.68	13.01	4.97	12607	11.51	21.67	12.97	4.97	11736	15.67	28.6	12.95	4.99	12742	10.84	20.44	13.09	4.89	10661	25.41	40.44	12.99	4.97															2020-07-11 23:30:00
11.07.2020	23:36:00	RO_SE_001	3591	23681	66	0	13501	8.52	15.85	13.13	4.97	11792	15.07	27.68	12.99	4.97	12607	11.51	21.67	12.96	4.97	11736	15.67	28.6	12.96	4.99	12743	10.84	20.44	13.08	4.89	10661	25.41	40.44	12.95	4.99															2020-07-11 23:36:00
11.07.2020	23:42:00	RO_SE_001	3591	23682	66	0	13501	8.52	15.85	13.07	4.97	11792	15.07	27.68	13.02	4.97	12608	11.50	21.67	12.88	4.97	11736	15.67	28.6	12.94	4.99	12743	10.84	20.44	13.07	4.89	10661	25.41	40.44	12.95	4.99															2020-07-11 23:42:00
11.07.2020	23:48:00	RO_SE_001	3591	23683	66	0	13501	8.52	15.85	13.09	4.97	11792	15.07	27.68	12.98	4.97	12608	11.50	21.67	12.91	4.97	11736	15.67	28.6	12.93	5.02	12743	10.84	20.44	13.06	4.89	10661	25.41	40.44	12.96	4.97															2020-07-11 23:48:00
11.07.2020	23:54:00	RO_SE_001	3591	23684	66	0	13501	8.52	15.85	13.05	4.97	11792	15.07	27.68	13.02	4.97	12607	11.51	21.67	12.86	4.97	11736	15.67	28.6	12.98	4.99	12743	10.84	20.44	13.05	4.89	10661	25.41	40.44	12.95	4.97															2020-07-11 23:54:00
