10.07.2020	00:00:00	RO_SE_001	3596	23205	72	0	13385	8.84	16.52	14.77	4.97	11727	15.44	28.26	13.05	4.97	12217	13.18	24.61	14.59	4.97	11655	16.16	29.35	12.95	4.99	12592	11.41	21.5	14.37	4.89	10633	25.80	40.81	13.08	4.99															2020-07-10 00:00:00
10.07.2020	00:06:00	RO_SE_001	3596	23206	72	0	13384	8.84	16.52	14.75	4.97	11727	15.44	28.26	13.09	4.97	12218	13.17	24.6	14.58	4.97	11656	16.16	29.34	13.02	4.99	12592	11.41	21.5	14.36	4.89	10633	25.80	40.81	13.05	4.97															2020-07-10 00:06:00
10.07.2020	00:12:00	RO_SE_001	3597	23207	72	0	13384	8.84	16.52	14.74	4.97	11728	15.44	28.25	13.06	4.97	12218	13.17	24.6	14.55	4.97	11656	16.16	29.34	12.99	4.99	12592	11.41	21.5	14.36	4.89	10633	25.80	40.81	13.05	4.99															2020-07-10 00:12:00
10.07.2020	00:18:00	RO_SE_001	3597	23208	72	0	13385	8.84	16.52	14.74	4.97	11727	15.44	28.26	13.08	4.97	12219	13.17	24.6	14.59	4.97	11656	16.16	29.34	12.98	4.99	12591	11.42	21.51	14.37	4.91	10633	25.80	40.81	13.09	4.99															2020-07-10 00:18:00
10.07.2020	00:24:00	RO_SE_001	3597	23209	69	0	13386	8.84	16.51	14.74	4.97	11728	15.44	28.25	13.09	4.97	12220	13.16	24.59	14.56	4.97	11656	16.16	29.34	13.0	4.99	12591	11.42	21.51	14.38	4.89	10633	25.80	40.81	13.07	4.97															2020-07-10 00:24:00
10.07.2020	00:30:00	RO_SE_001	3597	23210	69	0	13386	8.84	16.51	14.7	4.97	11727	15.44	28.26	13.08	4.97	12220	13.16	24.59	14.52	4.97	11656	16.16	29.34	12.97	4.99	12590	11.42	21.51	14.33	4.89	10633	25.80	40.81	13.05	4.97															2020-07-10 00:30:00
10.07.2020	00:36:00	RO_SE_001	3597	23211	69	0	13386	8.84	16.51	14.74	4.97	11727	15.44	28.26	13.1	4.97	12220	13.16	24.59	14.52	4.97	11657	16.15	29.33	13.01	4.99	12590	11.42	21.51	14.33	4.91	10633	25.80	40.81	13.1	4.99															2020-07-10 00:36:00
10.07.2020	00:42:00	RO_SE_001	3597	23212	69	0	13386	8.84	16.51	14.69	4.97	11727	15.44	28.26	13.07	4.97	12221	13.16	24.58	14.52	4.97	11657	16.15	29.33	13.0	4.99	12590	11.42	21.51	14.35	4.89	10633	25.80	40.81	13.09	4.97															2020-07-10 00:42:00
10.07.2020	00:48:00	RO_SE_001	3597	23213	69	0	13386	8.84	16.51	14.7	4.97	11728	15.44	28.25	13.12	4.97	12221	13.16	24.58	14.53	4.97	11657	16.15	29.33	12.97	5.02	12590	11.42	21.51	14.34	4.89	10633	25.80	40.81	13.09	4.97															2020-07-10 00:48:00
10.07.2020	00:54:00	RO_SE_001	3597	23214	69	0	13385	8.84	16.52	14.68	4.97	11728	15.44	28.25	13.08	4.97	12222	13.15	24.57	14.54	4.97	11657	16.15	29.33	12.99	4.99	12589	11.42	21.52	14.34	4.91	10633	25.80	40.81	13.07	4.99															2020-07-10 00:54:00
10.07.2020	01:00:00	RO_SE_001	3597	23215	69	0	13385	8.84	16.52	14.69	4.97	11728	15.44	28.25	13.1	4.97	12223	13.15	24.56	14.54	4.97	11657	16.15	29.33	13.02	4.99	12589	11.42	21.52	14.37	4.89	10633	25.80	40.81	13.1	4.99															2020-07-10 01:00:00
10.07.2020	01:06:00	RO_SE_001	3597	23216	69	0	13385	8.84	16.52	14.66	4.97	11728	15.44	28.25	13.12	4.97	12222	13.15	24.57	14.52	4.97	11658	16.15	29.32	13.01	4.99	12589	11.42	21.52	14.33	4.91	10633	25.80	40.81	13.06	4.99															2020-07-10 01:06:00
10.07.2020	01:12:00	RO_SE_001	3597	23217	69	0	13385	8.84	16.52	14.66	4.97	11728	15.44	28.25	13.08	4.97	12223	13.15	24.56	14.48	4.97	11658	16.15	29.32	12.99	4.99	12588	11.43	21.53	14.34	4.89	10633	25.80	40.81	13.1	4.97															2020-07-10 01:12:00
10.07.2020	01:18:00	RO_SE_001	3597	23218	69	0	13385	8.84	16.52	14.64	4.97	11728	15.44	28.25	13.12	4.97	12223	13.15	24.56	14.49	4.97	11658	16.15	29.32	12.99	4.99	12589	11.42	21.52	14.3	4.89	10633	25.80	40.81	13.11	4.99															2020-07-10 01:18:00
10.07.2020	01:24:00	RO_SE_001	3597	23219	72	0	13385	8.84	16.52	14.66	4.97	11728	15.44	28.25	13.09	4.97	12225	13.14	24.55	14.49	4.97	11658	16.15	29.32	13.02	4.99	12589	11.42	21.52	14.3	4.89	10633	25.80	40.81	13.11	4.97															2020-07-10 01:24:00
10.07.2020	01:30:00	RO_SE_001	3597	23220	72	0	13385	8.84	16.52	14.66	4.97	11728	15.44	28.25	13.11	4.97	12225	13.14	24.55	14.5	4.97	11658	16.15	29.32	13.0	4.99	12588	11.43	21.53	14.3	4.89	10633	25.80	40.81	13.11	4.99															2020-07-10 01:30:00
10.07.2020	01:36:00	RO_SE_001	3597	23221	72	0	13385	8.84	16.52	14.67	4.97	11728	15.44	28.25	13.13	4.97	12225	13.14	24.55	14.49	4.97	11659	16.14	29.31	12.98	4.99	12588	11.43	21.53	14.28	4.89	10633	25.80	40.81	13.13	4.99															2020-07-10 01:36:00
10.07.2020	01:42:00	RO_SE_001	3597	23222	72	0	13385	8.84	16.52	14.62	4.97	11728	15.44	28.25	13.13	4.97	12224	13.15	24.56	14.5	4.97	11659	16.14	29.31	13.01	4.99	12588	11.43	21.53	14.27	4.89	10633	25.80	40.81	13.16	4.99															2020-07-10 01:42:00
10.07.2020	01:48:00	RO_SE_001	3597	23223	72	0	13384	8.84	16.52	14.65	4.97	11728	15.44	28.25	13.13	4.97	12225	13.14	24.55	14.49	4.97	11659	16.14	29.31	13.04	4.99	12587	11.43	21.54	14.3	4.89	10633	25.80	40.81	13.11	4.99															2020-07-10 01:48:00
10.07.2020	01:54:00	RO_SE_001	3596	23224	69	0	13384	8.84	16.52	14.66	4.97	11728	15.44	28.25	13.13	4.97	12227	13.13	24.53	14.51	4.97	11659	16.14	29.31	13.02	4.99	12587	11.43	21.54	14.28	4.91	10633	25.80	40.81	13.12	4.97															2020-07-10 01:54:00
10.07.2020	02:00:00	RO_SE_001	3596	23225	69	0	13384	8.84	16.52	14.64	4.97	11728	15.44	28.25	13.13	4.97	12228	13.13	24.52	14.45	4.97	11659	16.14	29.31	13.03	4.99	12587	11.43	21.54	14.31	4.91	10633	25.80	40.81	13.1	4.99															2020-07-10 02:00:00
10.07.2020	02:06:00	RO_SE_001	3597	23226	69	0	13384	8.84	16.52	14.63	4.97	11728	15.44	28.25	13.13	4.97	12228	13.13	24.52	14.46	4.97	11660	16.13	29.3	13.04	4.99	12586	11.44	21.54	14.29	4.89	10633	25.80	40.81	13.15	4.99															2020-07-10 02:06:00
10.07.2020	02:12:00	RO_SE_001	3596	23227	69	0	13384	8.84	16.52	14.62	4.97	11728	15.44	28.25	13.14	4.97	12229	13.12	24.52	14.48	4.97	11660	16.13	29.3	13.04	4.99	12586	11.44	21.54	14.28	4.89	10633	25.80	40.81	13.17	4.99															2020-07-10 02:12:00
10.07.2020	02:18:00	RO_SE_001	3597	23228	66	0	13384	8.84	16.52	14.65	4.97	11728	15.44	28.25	13.13	4.97	12229	13.12	24.52	14.45	4.97	11660	16.13	29.3	13.03	4.99	12586	11.44	21.54	14.25	4.89	10633	25.80	40.81	13.12	4.99															2020-07-10 02:18:00
10.07.2020	02:24:00	RO_SE_001	3596	23229	66	0	13384	8.84	16.52	14.62	4.97	11728	15.44	28.25	13.13	4.97	12229	13.12	24.52	14.45	4.97	11660	16.13	29.3	13.05	4.99	12585	11.44	21.55	14.31	4.89	10633	25.80	40.81	13.17	4.99															2020-07-10 02:24:00
10.07.2020	02:30:00	RO_SE_001	3596	23230	66	0	13384	8.84	16.52	14.61	4.97	11728	15.44	28.25	13.16	4.97	12231	13.11	24.5	14.41	4.97	11660	16.13	29.3	13.01	5.02	12585	11.44	21.55	14.27	4.89	10633	25.80	40.81	13.16	4.99															2020-07-10 02:30:00
10.07.2020	02:36:00	RO_SE_001	3596	23231	66	0	13384	8.84	16.52	14.58	4.97	11728	15.44	28.25	13.13	4.97	12231	13.11	24.5	14.4	4.97	11661	16.13	29.29	13.05	4.99	12585	11.44	21.55	14.25	4.91	10633	25.80	40.81	13.14	4.99															2020-07-10 02:36:00
10.07.2020	02:42:00	RO_SE_001	3596	23232	69	0	13385	8.84	16.52	14.57	4.97	11728	15.44	28.25	13.15	4.97	12232	13.11	24.49	14.41	4.97	11661	16.13	29.29	13.06	5.02	12585	11.44	21.55	14.23	4.89	10633	25.80	40.81	13.13	4.97															2020-07-10 02:42:00
10.07.2020	02:48:00	RO_SE_001	3596	23233	69	0	13385	8.84	16.52	14.58	4.97	11728	15.44	28.25	13.18	4.97	12234	13.10	24.48	14.38	4.97	11661	16.13	29.29	13.06	4.99	12584	11.44	21.56	14.28	4.91	10633	25.80	40.81	13.15	4.97															2020-07-10 02:48:00
10.07.2020	02:54:00	RO_SE_001	3597	23234	72	0	13385	8.84	16.52	14.56	4.97	11728	15.44	28.25	13.16	4.97	12235	13.09	24.47	14.4	4.97	11661	16.13	29.29	13.09	4.99	12584	11.44	21.56	14.23	4.91	10633	25.80	40.81	13.13	4.97															2020-07-10 02:54:00
10.07.2020	03:00:00	RO_SE_001	3596	23235	69	0	13385	8.84	16.52	14.59	4.97	11728	15.44	28.25	13.17	4.97	12235	13.09	24.47	14.41	4.97	11660	16.13	29.3	13.05	4.99	12584	11.44	21.56	14.22	4.89	10633	25.80	40.81	13.12	4.99															2020-07-10 03:00:00
10.07.2020	03:06:00	RO_SE_001	3596	23236	69	0	13385	8.84	16.52	14.55	4.97	11728	15.44	28.25	13.15	4.97	12233	13.10	24.49	14.35	4.97	11661	16.13	29.29	13.03	4.99	12839	10.49	19.78	14.24	4.89	10633	25.80	40.81	13.11	4.99															2020-07-10 03:06:00
10.07.2020	03:12:00	RO_SE_001	3596	23237	69	0	13384	8.84	16.52	14.55	4.97	11728	15.44	28.25	13.14	4.97	12234	13.10	24.48	14.4	4.97	11662	16.12	29.28	13.04	4.99	12839	10.49	19.78	14.23	4.89	10633	25.80	40.81	13.15	4.99															2020-07-10 03:12:00
10.07.2020	03:18:00	RO_SE_001	3595	23238	69	0	13384	8.84	16.52	14.56	4.97	11728	15.44	28.25	13.16	4.97	12234	13.10	24.48	14.38	4.97	11662	16.12	29.28	13.05	4.99	12839	10.49	19.78	14.23	4.89	10634	25.78	40.79	13.13	4.97															2020-07-10 03:18:00
10.07.2020	03:24:00	RO_SE_001	3595	23239	69	0	13384	8.84	16.52	14.52	4.97	11728	15.44	28.25	13.17	4.97	12233	13.10	24.49	14.39	4.97	11662	16.12	29.28	13.03	4.99	12838	10.50	19.79	14.22	4.89	10634	25.78	40.79	13.16	4.99															2020-07-10 03:24:00
10.07.2020	03:30:00	RO_SE_001	3596	23240	69	0	13384	8.84	16.52	14.55	4.97	11727	15.44	28.26	13.16	4.97	12235	13.09	24.47	14.38	4.97	11661	16.13	29.29	13.06	5.02	12838	10.50	19.79	14.24	4.91	10634	25.78	40.79	13.16	4.99															2020-07-10 03:30:00
10.07.2020	03:36:00	RO_SE_001	3597	23241	69	0	13383	8.85	16.53	14.55	4.97	11727	15.44	28.26	13.16	4.97	12236	13.09	24.46	14.35	4.97	11662	16.12	29.28	13.07	4.99	12838	10.50	19.79	14.23	4.91	10634	25.78	40.79	13.17	4.99															2020-07-10 03:36:00
10.07.2020	03:42:00	RO_SE_001	3596	23242	72	0	13384	8.84	16.52	14.54	4.97	11727	15.44	28.26	13.17	4.97	12236	13.09	24.46	14.34	4.97	11662	16.12	29.28	13.05	4.99	12838	10.50	19.79	14.21	4.89	10634	25.78	40.79	13.16	4.99															2020-07-10 03:42:00
10.07.2020	03:48:00	RO_SE_001	3597	23243	72	0	13384	8.84	16.52	14.5	4.97	11727	15.44	28.26	13.17	4.97	12237	13.08	24.45	14.37	4.97	11660	16.13	29.3	13.09	4.99	12843	10.48	19.76	14.23	4.89	10634	25.78	40.79	13.17	4.99															2020-07-10 03:48:00
10.07.2020	03:54:00	RO_SE_001	3597	23244	72	0	13385	8.84	16.52	14.54	4.97	11727	15.44	28.26	13.19	4.97	12236	13.09	24.46	14.34	4.97	11660	16.13	29.3	13.07	4.99	12843	10.48	19.76	14.22	4.89	10634	25.78	40.79	13.17	4.99															2020-07-10 03:54:00
10.07.2020	04:00:00	RO_SE_001	3596	23245	72	0	13384	8.84	16.52	14.49	4.97	11727	15.44	28.26	13.17	4.97	12238	13.08	24.45	14.33	4.97	11661	16.13	29.29	13.06	5.02	12843	10.48	19.76	14.2	4.91	10634	25.78	40.79	13.15	4.97															2020-07-10 04:00:00
10.07.2020	04:06:00	RO_SE_001	3596	23246	72	0	13384	8.84	16.52	14.52	4.97	11727	15.44	28.26	13.16	4.97	12238	13.08	24.45	14.36	4.97	11661	16.13	29.29	13.08	4.99	12842	10.48	19.76	14.2	4.89	10634	25.78	40.79	13.15	4.97															2020-07-10 04:06:00
10.07.2020	04:12:00	RO_SE_001	3597	23247	72	0	13384	8.84	16.52	14.53	4.97	11727	15.44	28.26	13.19	4.97	12240	13.07	24.43	14.35	4.97	11661	16.13	29.29	13.06	4.99	12581	11.46	21.58	14.19	4.91	10634	25.78	40.79	13.16	4.97															2020-07-10 04:12:00
10.07.2020	04:18:00	RO_SE_001	3597	23248	72	0	13384	8.84	16.52	14.49	4.97	11727	15.44	28.26	13.16	4.97	12242	13.06	24.41	14.31	4.97	11661	16.13	29.29	13.1	4.99	12581	11.46	21.58	14.16	4.89	10634	25.78	40.79	13.15	4.99															2020-07-10 04:18:00
10.07.2020	04:24:00	RO_SE_001	3596	23249	72	0	13383	8.85	16.53	14.48	4.97	11727	15.44	28.26	13.2	4.97	12241	13.07	24.42	14.3	4.97	11661	16.13	29.29	13.08	4.99	12580	11.46	21.59	14.19	4.89	10634	25.78	40.79	13.16	4.99															2020-07-10 04:24:00
10.07.2020	04:30:00	RO_SE_001	3595	23250	72	0	13383	8.85	16.53	14.47	4.97	11727	15.44	28.26	13.18	4.97	12243	13.06	24.41	14.3	4.97	11661	16.13	29.29	13.08	4.99	12580	11.46	21.59	14.2	4.89	10634	25.78	40.79	13.17	4.99															2020-07-10 04:30:00
10.07.2020	04:36:00	RO_SE_001	3595	23251	69	0	13383	8.85	16.53	14.48	4.97	11727	15.44	28.26	13.2	4.97	12244	13.05	24.4	14.3	4.97	11661	16.13	29.29	13.09	4.99	12580	11.46	21.59	14.16	4.89	10634	25.78	40.79	13.2	4.99															2020-07-10 04:36:00
10.07.2020	04:42:00	RO_SE_001	3596	23252	72	0	13383	8.85	16.53	14.48	4.97	11727	15.44	28.26	13.16	4.97	12242	13.06	24.41	14.32	4.97	11661	16.13	29.29	13.09	4.99	12580	11.46	21.59	14.14	4.89	10634	25.78	40.79	13.19	4.99															2020-07-10 04:42:00
10.07.2020	04:48:00	RO_SE_001	3595	23253	72	0	13383	8.85	16.53	14.48	4.97	11727	15.44	28.26	13.22	4.97	12243	13.06	24.41	14.29	4.97	11661	16.13	29.29	13.1	4.99	12579	11.46	21.59	14.18	4.89	10634	25.78	40.79	13.16	4.97															2020-07-10 04:48:00
10.07.2020	04:54:00	RO_SE_001	3595	23254	72	0	13383	8.85	16.53	14.43	4.97	11727	15.44	28.26	13.2	4.97	12245	13.05	24.39	14.29	4.97	11661	16.13	29.29	13.08	5.02	12579	11.46	21.59	14.17	4.91	10634	25.78	40.79	13.19	4.97															2020-07-10 04:54:00
10.07.2020	05:00:00	RO_SE_001	3595	23255	69	0	13383	8.85	16.53	14.46	4.97	11727	15.44	28.26	13.2	4.97	12244	13.05	24.4	14.34	4.99	11661	16.13	29.29	13.1	4.99	12579	11.46	21.59	14.19	4.89	10634	25.78	40.79	13.16	4.99															2020-07-10 05:00:00
10.07.2020	05:06:00	RO_SE_001	3595	23256	72	0	13383	8.85	16.53	14.45	4.97	11727	15.44	28.26	13.2	4.97	12246	13.04	24.38	14.3	4.97	11662	16.12	29.28	13.08	4.99	12579	11.46	21.59	14.16	4.89	10634	25.78	40.79	13.17	4.99															2020-07-10 05:06:00
10.07.2020	05:12:00	RO_SE_001	3595	23257	72	0	13383	8.85	16.53	14.45	4.97	11727	15.44	28.26	13.18	4.97	12245	13.05	24.39	14.26	4.97	11662	16.12	29.28	13.1	4.99	12579	11.46	21.59	14.13	4.89	10634	25.78	40.79	13.19	4.97															2020-07-10 05:12:00
10.07.2020	05:18:00	RO_SE_001	3596	23258	72	0	13384	8.84	16.52	14.45	4.97	11727	15.44	28.26	13.2	4.97	12244	13.05	24.4	14.28	4.97	11662	16.12	29.28	13.1	4.99	12578	11.47	21.6	14.17	4.89	10634	25.78	40.79	13.19	4.99															2020-07-10 05:18:00
10.07.2020	05:24:00	RO_SE_001	3595	23259	72	0	13384	8.84	16.52	14.43	4.97	11727	15.44	28.26	13.2	4.97	12243	13.06	24.41	14.28	4.97	11662	16.12	29.28	13.13	4.99	12578	11.47	21.6	14.16	4.89	10634	25.78	40.79	13.2	4.97															2020-07-10 05:24:00
10.07.2020	05:30:00	RO_SE_001	3595	23260	72	0	13384	8.84	16.52	14.42	4.97	11727	15.44	28.26	13.19	4.97	12245	13.05	24.39	14.28	4.97	11663	16.11	29.27	13.11	4.99	12577	11.47	21.61	14.13	4.89	10634	25.78	40.79	13.18	4.99															2020-07-10 05:30:00
10.07.2020	05:36:00	RO_SE_001	3596	23261	72	0	13383	8.85	16.53	14.43	4.97	11727	15.44	28.26	13.2	4.97	12242	13.06	24.41	14.27	4.97	11663	16.11	29.27	13.1	4.99	12577	11.47	21.61	14.16	4.91	10634	25.78	40.79	13.17	4.99															2020-07-10 05:36:00
10.07.2020	05:42:00	RO_SE_001	3595	23262	72	0	13383	8.85	16.53	14.41	4.97	11727	15.44	28.26	13.19	4.97	12242	13.06	24.41	14.28	4.97	11663	16.11	29.27	13.09	4.99	12577	11.47	21.61	14.15	4.89	10634	25.78	40.79	13.2	4.99															2020-07-10 05:42:00
10.07.2020	05:48:00	RO_SE_001	3597	23263	72	0	13383	8.85	16.53	14.41	4.97	11727	15.44	28.26	13.17	4.97	12250	13.02	24.35	14.24	4.97	11664	16.11	29.26	13.09	4.99	12577	11.47	21.61	14.13	4.91	10634	25.78	40.79	13.2	4.99															2020-07-10 05:48:00
10.07.2020	05:54:00	RO_SE_001	3595	23264	66	0	13383	8.85	16.53	14.42	4.97	11727	15.44	28.26	13.21	4.97	12251	13.02	24.34	14.25	4.97	11664	16.11	29.26	13.11	4.99	12577	11.47	21.61	14.13	4.89	10634	25.78	40.79	13.18	4.99															2020-07-10 05:54:00
10.07.2020	06:00:00	RO_SE_001	3595	23265	66	0	13383	8.85	16.53	14.41	4.97	11727	15.44	28.26	13.19	4.97	12252	13.01	24.34	14.25	4.97	11664	16.11	29.26	13.13	4.99	12577	11.47	21.61	14.12	4.89	10634	25.78	40.79	13.2	4.99															2020-07-10 06:00:00
10.07.2020	06:06:00	RO_SE_001	3596	23266	66	0	13383	8.85	16.53	14.41	4.97	11727	15.44	28.26	13.21	4.97	12254	13.01	24.32	14.23	4.99	11664	16.11	29.26	13.13	4.99	12577	11.47	21.61	14.13	4.89	10634	25.78	40.79	13.19	4.99															2020-07-10 06:06:00
10.07.2020	06:12:00	RO_SE_001	3596	23267	69	0	13382	8.85	16.53	14.41	4.97	11727	15.44	28.26	13.22	4.97	12255	13.00	24.31	14.26	4.97	11665	16.10	29.25	13.11	4.99	12576	11.48	21.62	14.13	4.91	10634	25.78	40.79	13.2	4.99															2020-07-10 06:12:00
10.07.2020	06:18:00	RO_SE_001	3596	23268	69	0	13383	8.85	16.53	14.42	4.97	11727	15.44	28.26	13.21	4.97	12255	13.00	24.31	14.25	4.97	11665	16.10	29.25	13.09	4.99	12576	11.48	21.62	14.12	4.89	10634	25.78	40.79	13.19	4.97															2020-07-10 06:18:00
10.07.2020	06:24:00	RO_SE_001	3596	23269	69	0	13383	8.85	16.53	14.41	4.97	11727	15.44	28.26	13.19	4.97	12256	13.00	24.3	14.27	4.97	11663	16.11	29.27	13.13	4.99	12576	11.48	21.62	14.11	4.89	10634	25.78	40.79	13.23	4.97															2020-07-10 06:24:00
10.07.2020	06:30:00	RO_SE_001	3596	23270	69	0	13382	8.85	16.53	14.4	4.97	11727	15.44	28.26	13.2	4.97	12255	13.00	24.31	14.26	4.97	11664	16.11	29.26	13.15	4.99	12575	11.48	21.62	14.16	4.89	10634	25.78	40.79	13.21	4.99															2020-07-10 06:30:00
10.07.2020	06:36:00	RO_SE_001	3596	23271	66	0	13383	8.85	16.53	14.4	4.97	11727	15.44	28.26	13.21	4.97	12256	13.00	24.3	14.24	4.97	11664	16.11	29.26	13.13	4.99	12575	11.48	21.62	14.11	4.89	10634	25.78	40.79	13.19	4.99															2020-07-10 06:36:00
10.07.2020	06:42:00	RO_SE_001	3596	23272	66	0	13383	8.85	16.53	14.38	4.97	11727	15.44	28.26	13.23	4.97	12257	12.99	24.3	14.23	4.97	11664	16.11	29.26	13.12	5.02	12575	11.48	21.62	14.15	4.89	10634	25.78	40.79	13.2	4.97															2020-07-10 06:42:00
10.07.2020	06:48:00	RO_SE_001	3597	23273	66	0	13383	8.85	16.53	14.39	4.97	11727	15.44	28.26	13.22	4.97	12257	12.99	24.3	14.22	4.97	11664	16.11	29.26	13.14	4.99	12575	11.48	21.62	14.1	4.89	10634	25.78	40.79	13.17	4.97															2020-07-10 06:48:00
10.07.2020	06:54:00	RO_SE_001	3596	23274	69	0	13383	8.85	16.53	14.42	4.97	11727	15.44	28.26	13.2	4.97	12258	12.99	24.29	14.23	4.97	11664	16.11	29.26	13.13	5.02	12575	11.48	21.62	14.12	4.89	10634	25.78	40.79	13.2	4.99															2020-07-10 06:54:00
10.07.2020	07:00:00	RO_SE_001	3596	23275	69	0	13383	8.85	16.53	14.41	4.97	11728	15.44	28.25	13.19	4.97	12258	12.99	24.29	14.25	4.97	11665	16.10	29.25	13.1	4.99	12575	11.48	21.62	14.08	4.89	10634	25.78	40.79	13.16	4.99															2020-07-10 07:00:00
10.07.2020	07:06:00	RO_SE_001	3597	23276	69	0	13383	8.85	16.53	14.4	4.97	11728	15.44	28.25	13.21	4.97	12259	12.98	24.28	14.21	4.97	11665	16.10	29.25	13.13	4.99	12575	11.48	21.62	14.1	4.89	10634	25.78	40.79	13.21	4.97															2020-07-10 07:06:00
10.07.2020	07:12:00	RO_SE_001	3596	23277	72	0	13383	8.85	16.53	14.4	4.97	11728	15.44	28.25	13.18	4.97	12260	12.98	24.27	14.27	4.97	11665	16.10	29.25	13.09	4.99	12575	11.48	21.62	14.1	4.89	10634	25.78	40.79	13.21	4.99															2020-07-10 07:12:00
10.07.2020	07:18:00	RO_SE_001	3596	23278	72	0	13383	8.85	16.53	14.41	4.97	11728	15.44	28.25	13.23	4.97	12261	12.97	24.26	14.28	4.97	11665	16.10	29.25	13.12	4.99	12574	11.48	21.63	14.12	4.89	10634	25.78	40.79	13.23	4.97															2020-07-10 07:18:00
10.07.2020	07:24:00	RO_SE_001	3596	23279	66	0	13383	8.85	16.53	14.39	4.97	11727	15.44	28.26	13.23	4.97	12261	12.97	24.26	14.23	4.97	11665	16.10	29.25	13.08	4.99	12575	11.48	21.62	14.09	4.89	10634	25.78	40.79	13.16	4.97															2020-07-10 07:24:00
10.07.2020	07:30:00	RO_SE_001	3596	23280	69	0	13383	8.85	16.53	14.41	4.97	11727	15.44	28.26	13.2	4.97	12262	12.97	24.26	14.26	4.97	11665	16.10	29.25	13.13	4.99	12574	11.48	21.63	14.13	4.89	10634	25.78	40.79	13.16	4.97															2020-07-10 07:30:00
10.07.2020	07:36:00	RO_SE_001	3596	23281	72	0	13383	8.85	16.53	14.43	4.97	11728	15.44	28.25	13.18	4.97	12263	12.96	24.25	14.3	4.97	11665	16.10	29.25	13.13	4.99	12574	11.48	21.63	14.14	4.89	10634	25.78	40.79	13.2	4.99															2020-07-10 07:36:00
10.07.2020	07:42:00	RO_SE_001	3596	23282	72	0	13384	8.84	16.52	14.43	4.97	11728	15.44	28.25	13.19	4.97	12263	12.96	24.25	14.3	4.97	11666	16.10	29.24	13.12	4.99	12575	11.48	21.62	14.13	4.89	10634	25.78	40.79	13.21	4.99															2020-07-10 07:42:00
10.07.2020	07:48:00	RO_SE_001	3596	23283	66	0	13384	8.84	16.52	14.45	4.97	11729	15.43	28.24	13.23	4.97	12264	12.96	24.24	14.29	4.97	11666	16.10	29.24	13.12	4.99	12575	11.48	21.62	14.13	4.89	10634	25.78	40.79	13.19	4.97															2020-07-10 07:48:00
10.07.2020	07:54:00	RO_SE_001	3596	23284	69	0	13385	8.84	16.52	14.44	4.97	11729	15.43	28.24	13.2	4.97	12265	12.96	24.23	14.32	4.97	11666	16.10	29.24	13.16	5.02	12575	11.48	21.62	14.13	4.91	10634	25.78	40.79	13.17	4.99															2020-07-10 07:54:00
10.07.2020	08:00:00	RO_SE_001	3596	23285	69	0	13385	8.84	16.52	14.47	4.97	11730	15.43	28.24	13.23	4.97	12267	12.95	24.22	14.34	4.97	11666	16.10	29.24	13.13	4.99	12575	11.48	21.62	14.15	4.89	10634	25.78	40.79	13.2	4.97															2020-07-10 08:00:00
10.07.2020	08:06:00	RO_SE_001	3596	23286	60	0	13385	8.84	16.52	14.52	4.97	11731	15.42	28.23	13.23	4.97	12268	12.94	24.21	14.37	4.97	11666	16.10	29.24	13.13	4.99	12575	11.48	21.62	14.18	4.89	10634	25.78	40.79	13.2	4.97															2020-07-10 08:06:00
10.07.2020	08:12:00	RO_SE_001	3595	23287	72	0	13386	8.84	16.51	14.51	4.97	11731	15.42	28.23	13.23	4.97	12269	12.94	24.2	14.39	4.97	11667	16.09	29.23	13.13	4.99	12576	11.48	21.62	14.16	4.89	10634	25.78	40.79	13.21	4.99															2020-07-10 08:12:00
10.07.2020	08:18:00	RO_SE_001	3596	23288	66	0	13387	8.84	16.5	14.58	4.97	11732	15.41	28.22	13.23	4.97	12270	12.93	24.19	14.39	4.97	11667	16.09	29.23	13.15	4.99	12576	11.48	21.62	14.17	4.89	10634	25.78	40.79	13.2	4.99															2020-07-10 08:18:00
10.07.2020	08:24:00	RO_SE_001	3596	23289	60	0	13387	8.84	16.5	14.52	4.97	11732	15.41	28.22	13.2	4.97	12271	12.93	24.19	14.38	4.97	11667	16.09	29.23	13.13	4.99	12577	11.47	21.61	14.17	4.89	10634	25.78	40.79	13.19	4.99															2020-07-10 08:24:00
10.07.2020	08:30:00	RO_SE_001	3596	23290	66	0	13388	8.83	16.5	14.59	4.97	11733	15.41	28.21	13.2	4.97	12273	12.92	24.17	14.45	4.97	11667	16.09	29.23	13.13	4.99	12577	11.47	21.61	14.2	4.91	10634	25.78	40.79	13.14	4.97															2020-07-10 08:30:00
10.07.2020	08:36:00	RO_SE_001	3597	23291	66	0	13389	8.83	16.49	14.58	4.97	11735	15.40	28.19	13.2	4.97	12274	12.91	24.16	14.46	4.97	11667	16.09	29.23	13.13	4.99	12578	11.47	21.6	14.2	4.91	10634	25.78	40.79	13.23	4.99															2020-07-10 08:36:00
10.07.2020	08:42:00	RO_SE_001	3597	23292	66	0	13390	8.83	16.49	14.6	4.97	11735	15.40	28.19	13.23	4.97	12275	12.91	24.15	14.47	4.97	11668	16.08	29.22	13.13	4.99	12578	11.47	21.6	14.21	4.89	10634	25.78	40.79	13.21	4.99															2020-07-10 08:42:00
10.07.2020	08:48:00	RO_SE_001	3597	23293	66	0	13390	8.83	16.49	14.61	4.97	11735	15.40	28.19	13.21	4.97	12277	12.90	24.14	14.52	4.97	11668	16.08	29.22	13.12	4.99	12579	11.46	21.59	14.24	4.91	10634	25.78	40.79	13.22	4.97															2020-07-10 08:48:00
10.07.2020	08:54:00	RO_SE_001	3597	23294	54	0	13392	8.82	16.48	14.66	4.97	11735	15.40	28.19	13.2	4.97	12278	12.90	24.13	14.52	4.97	11668	16.08	29.22	13.13	4.99	12579	11.46	21.59	14.21	4.89	10635	25.77	40.78	13.2	4.99															2020-07-10 08:54:00
10.07.2020	09:00:00	RO_SE_001	3597	23295	60	0	13393	8.82	16.47	14.66	4.97	11735	15.40	28.19	13.27	4.97	12279	12.89	24.12	14.59	4.97	11668	16.08	29.22	13.13	4.99	12580	11.46	21.59	14.27	4.89	10635	25.77	40.78	13.18	4.99															2020-07-10 09:00:00
10.07.2020	09:06:00	RO_SE_001	3597	23296	60	0	13394	8.82	16.46	14.7	4.97	11736	15.39	28.18	13.21	4.97	12281	12.88	24.11	14.58	4.97	11669	16.08	29.22	13.19	5.02	12581	11.46	21.58	14.27	4.91	10635	25.77	40.78	13.24	4.97															2020-07-10 09:06:00
10.07.2020	09:12:00	RO_SE_001	3597	23297	60	0	13395	8.81	16.46	14.68	4.97	11737	15.39	28.17	13.2	4.97	12282	12.88	24.1	14.61	4.97	11668	16.08	29.22	13.16	4.99	12581	11.46	21.58	14.32	4.89	10635	25.77	40.78	13.21	4.99															2020-07-10 09:12:00
10.07.2020	09:18:00	RO_SE_001	3597	23298	60	0	13396	8.81	16.45	14.71	4.97	11738	15.38	28.16	13.21	4.97	12283	12.87	24.09	14.61	4.97	11668	16.08	29.22	13.13	4.99	12843	10.48	19.76	14.3	4.89	10635	25.77	40.78	13.22	4.99															2020-07-10 09:18:00
10.07.2020	09:24:00	RO_SE_001	3557	23299	69	0	13397	8.81	16.45	14.77	4.97	11739	15.37	28.15	13.19	4.97	12285	12.86	24.08	14.65	4.97	11668	16.08	29.22	13.11	4.99	12838	10.50	19.79	14.34	4.89	10635	25.77	40.78	13.21	4.97															2020-07-10 09:24:00
10.07.2020	09:30:00	RO_SE_001	3596	23300	69	0	13398	8.81	16.44	14.8	4.97	11739	15.37	28.15	13.22	4.97	12287	12.85	24.06	14.65	4.97	11669	16.08	29.22	13.12	4.99	12838	10.50	19.79	14.35	4.89	10635	25.77	40.78	13.23	4.99															2020-07-10 09:30:00
10.07.2020	09:36:00	RO_SE_001	3597	23301	69	0	13399	8.80	16.43	14.84	4.97	11740	15.37	28.14	13.23	4.97	12289	12.85	24.05	14.71	4.97	11669	16.08	29.22	13.14	4.99	12583	11.45	21.57	14.38	4.91	10635	25.77	40.78	13.21	4.97															2020-07-10 09:36:00
10.07.2020	09:42:00	RO_SE_001	3598	23302	72	0	13400	8.80	16.43	14.84	4.97	11741	15.36	28.14	13.23	4.97	12290	12.84	24.04	14.77	4.97	11669	16.08	29.22	13.14	4.99	12584	11.44	21.56	14.36	4.89	10635	25.77	40.78	13.23	4.97															2020-07-10 09:42:00
10.07.2020	09:48:00	RO_SE_001	3598	23303	72	0	13401	8.80	16.42	14.87	4.97	11742	15.36	28.13	13.23	4.97	12296	12.81	23.99	14.78	4.97	11670	16.07	29.21	13.13	4.99	12585	11.44	21.55	14.36	4.91	10635	25.77	40.78	13.22	4.99															2020-07-10 09:48:00
10.07.2020	09:54:00	RO_SE_001	3598	23304	54	0	13402	8.79	16.42	14.88	4.97	11742	15.36	28.13	13.25	4.97	12296	12.81	23.99	14.79	4.97	11670	16.07	29.21	13.14	4.99	12585	11.44	21.55	14.43	4.91	10635	25.77	40.78	13.2	4.99															2020-07-10 09:54:00
10.07.2020	10:00:00	RO_SE_001	3598	23305	54	0	13403	8.79	16.41	14.92	4.97	11741	15.36	28.14	13.21	4.97	12296	12.81	23.99	14.85	4.97	11670	16.07	29.21	13.14	4.99	12586	11.44	21.54	14.44	4.89	10635	25.77	40.78	13.22	4.99															2020-07-10 10:00:00
10.07.2020	10:06:00	RO_SE_001	3598	23306	48	0	13403	8.79	16.41	14.91	4.97	11742	15.36	28.13	13.22	4.97	12297	12.81	23.98	14.8	4.97	11671	16.06	29.2	13.12	4.99	12587	11.43	21.54	14.46	4.89	10635	25.77	40.78	13.19	4.99															2020-07-10 10:06:00
10.07.2020	10:12:00	RO_SE_001	3598	23307	48	0	13404	8.79	16.41	14.94	4.97	11743	15.35	28.12	13.22	4.97	12298	12.81	23.98	14.83	4.97	11671	16.06	29.2	13.14	4.99	12588	11.43	21.53	14.45	4.89	10635	25.77	40.78	13.23	4.99															2020-07-10 10:12:00
10.07.2020	10:18:00	RO_SE_001	3598	23308	51	0	13406	8.78	16.39	14.98	4.97	11744	15.34	28.11	13.23	4.97	12300	12.80	23.96	14.88	4.97	11671	16.06	29.2	13.12	4.99	12588	11.43	21.53	14.49	4.89	10635	25.77	40.78	13.23	4.99															2020-07-10 10:18:00
10.07.2020	10:24:00	RO_SE_001	3598	23309	57	0	13407	8.78	16.39	14.95	4.97	11744	15.34	28.11	13.21	4.97	12302	12.79	23.94	14.87	4.97	11671	16.06	29.2	13.14	4.99	12588	11.43	21.53	14.52	4.91	10634	25.78	40.79	13.22	4.99															2020-07-10 10:24:00
10.07.2020	10:30:00	RO_SE_001	3598	23310	57	0	13408	8.78	16.38	15.02	4.97	11744	15.34	28.11	13.22	4.97	12304	12.78	23.93	14.88	4.97	11671	16.06	29.2	13.11	4.99	12589	11.42	21.52	14.54	4.89	10635	25.77	40.78	13.2	4.99															2020-07-10 10:30:00
10.07.2020	10:36:00	RO_SE_001	3598	23311	63	0	13410	8.77	16.37	15.05	4.97	11748	15.32	28.07	13.24	4.97	12305	12.77	23.92	14.92	4.97	11671	16.06	29.2	13.15	4.99	12590	11.42	21.51	14.54	4.89	10634	25.78	40.79	13.24	4.99															2020-07-10 10:36:00
10.07.2020	10:42:00	RO_SE_001	3598	23312	60	0	13411	8.77	16.37	15.04	4.97	11745	15.34	28.1	13.22	4.97	12307	12.76	23.91	14.97	4.97	11672	16.06	29.19	13.13	4.99	12591	11.42	21.51	14.51	4.91	10634	25.78	40.79	13.21	4.99															2020-07-10 10:42:00
10.07.2020	10:48:00	RO_SE_001	3598	23313	60	0	13411	8.77	16.37	15.05	4.97	11745	15.34	28.1	13.23	4.97	12309	12.76	23.89	14.92	4.97	11672	16.06	29.19	13.16	4.99	12592	11.41	21.5	14.58	4.89	10635	25.77	40.78	13.21	4.99															2020-07-10 10:48:00
10.07.2020	10:54:00	RO_SE_001	3598	23314	66	0	13412	8.77	16.36	15.05	4.97	11747	15.33	28.08	13.23	4.97	12311	12.75	23.87	14.95	4.97	11672	16.06	29.19	13.16	4.99	12593	11.41	21.49	14.59	4.89	10635	25.77	40.78	13.26	4.97															2020-07-10 10:54:00
10.07.2020	11:00:00	RO_SE_001	3598	23315	66	0	13413	8.76	16.35	15.09	4.97	11747	15.33	28.08	13.25	4.97	12312	12.74	23.87	14.98	4.97	11673	16.05	29.18	13.15	4.99	12593	11.41	21.49	14.59	4.89	10635	25.77	40.78	13.25	4.99															2020-07-10 11:00:00
10.07.2020	11:06:00	RO_SE_001	3598	23316	66	0	13414	8.76	16.35	15.09	4.97	11748	15.32	28.07	13.22	4.97	12314	12.73	23.85	14.99	4.97	11673	16.05	29.18	13.13	4.99	12594	11.40	21.49	14.63	4.89	10635	25.77	40.78	13.23	4.97															2020-07-10 11:06:00
10.07.2020	11:12:00	RO_SE_001	3598	23317	48	0	13415	8.76	16.34	15.08	4.97	11748	15.32	28.07	13.2	4.97	12316	12.72	23.84	15.02	4.97	11673	16.05	29.18	13.13	5.02	12595	11.40	21.48	14.63	4.89	10635	25.77	40.78	13.23	4.99															2020-07-10 11:12:00
10.07.2020	11:18:00	RO_SE_001	3597	23318	48	0	13416	8.75	16.34	15.11	4.97	11749	15.31	28.06	13.24	4.97	12318	12.72	23.82	15.05	4.97	11673	16.05	29.18	13.17	4.99	12595	11.40	21.48	14.66	4.91	10635	25.77	40.78	13.23	4.99															2020-07-10 11:18:00
10.07.2020	11:24:00	RO_SE_001	3597	23319	120	0	13417	8.75	16.33	15.13	4.97	11748	15.32	28.07	13.23	4.97	12319	12.71	23.81	15.05	4.97	11674	16.05	29.17	13.13	4.99	12596	11.40	21.47	14.62	4.91	10635	25.77	40.78	13.22	4.97															2020-07-10 11:24:00
10.07.2020	11:30:00	RO_SE_001	3597	23320	120	0	13418	8.75	16.33	15.13	4.97	11748	15.32	28.07	13.23	4.97	12321	12.70	23.8	15.09	4.97	11674	16.05	29.17	13.17	4.99	12597	11.39	21.46	14.64	4.89	10635	25.77	40.78	13.25	4.99															2020-07-10 11:30:00
10.07.2020	11:36:00	RO_SE_001	3597	23321	120	0	13419	8.75	16.32	15.17	4.97	11749	15.31	28.06	13.22	4.97	12323	12.69	23.78	15.1	4.97	11674	16.05	29.17	13.15	4.99	12597	11.39	21.46	14.66	4.89	10635	25.77	40.78	13.22	4.99															2020-07-10 11:36:00
10.07.2020	11:42:00	RO_SE_001	3597	23322	120	0	13420	8.74	16.31	15.16	4.97	11750	15.31	28.05	13.22	4.97	12325	12.68	23.77	15.08	4.97	11674	16.05	29.17	13.15	4.99	12598	11.39	21.46	14.69	4.89	10635	25.77	40.78	13.25	4.97															2020-07-10 11:42:00
10.07.2020	11:48:00	RO_SE_001	3597	23323	120	0	13421	8.74	16.31	15.2	4.97	11749	15.31	28.06	13.25	4.97	12325	12.68	23.77	15.07	4.97	11674	16.05	29.17	13.17	4.99	12599	11.39	21.45	14.7	4.91	10635	25.77	40.78	13.26	4.99															2020-07-10 11:48:00
10.07.2020	11:54:00	RO_SE_001	3597	23324	120	0	13421	8.74	16.31	15.2	4.97	11748	15.32	28.07	13.24	4.97	12327	12.68	23.75	15.1	4.97	11675	16.04	29.16	13.2	4.99	12599	11.39	21.45	14.7	4.89	10635	25.77	40.78	13.23	4.99															2020-07-10 11:54:00
10.07.2020	12:00:00	RO_SE_001	3563	23325	0	0	13422	8.74	16.3	15.21	4.97	11749	15.31	28.06	13.25	4.97	12329	12.67	23.74	15.12	4.97	11675	16.04	29.16	13.16	4.99	12600	11.38	21.44	14.72	4.89	10635	25.77	40.78	13.28	4.99															2020-07-10 12:00:00
10.07.2020	12:06:00	RO_SE_001	3593	23326	123	0	13423	8.74	16.3	15.21	4.97	11748	15.32	28.07	13.27	4.97	12330	12.66	23.73	15.11	4.97	11675	16.04	29.16	13.16	4.99	12601	11.38	21.44	14.72	4.89	10635	25.77	40.78	13.23	4.99															2020-07-10 12:06:00
10.07.2020	12:12:00	RO_SE_001	3595	23327	123	0	13423	8.74	16.3	15.22	4.97	11749	15.31	28.06	13.23	4.97	12332	12.65	23.71	15.14	4.97	11675	16.04	29.16	13.18	4.99	12601	11.38	21.44	14.73	4.91	10635	25.77	40.78	13.27	4.97															2020-07-10 12:12:00
10.07.2020	12:18:00	RO_SE_001	3596	23328	117	0	13424	8.73	16.29	15.21	4.97	11749	15.31	28.06	13.23	4.97	12333	12.65	23.7	15.13	4.97	11675	16.04	29.16	13.16	4.99	12602	11.37	21.43	14.75	4.91	10635	25.77	40.78	13.23	4.99															2020-07-10 12:18:00
10.07.2020	12:24:00	RO_SE_001	3596	23329	117	0	13424	8.73	16.29	15.23	4.97	11750	15.31	28.05	13.23	4.97	12334	12.64	23.7	15.13	4.97	11675	16.04	29.16	13.19	5.02	12603	11.37	21.42	14.79	4.89	10635	25.77	40.78	13.24	4.99															2020-07-10 12:24:00
10.07.2020	12:30:00	RO_SE_001	3597	23330	132	0	13424	8.73	16.29	15.18	4.97	11749	15.31	28.06	13.27	4.97	12336	12.64	23.68	15.13	4.97	11675	16.04	29.16	13.14	4.99	12602	11.37	21.43	14.77	4.89	10636	25.76	40.77	13.27	4.99															2020-07-10 12:30:00
10.07.2020	12:36:00	RO_SE_001	3598	23331	132	0	13425	8.73	16.29	15.2	4.97	11751	15.30	28.05	13.23	4.97	12338	12.63	23.67	15.12	4.97	11675	16.04	29.16	13.2	4.99	12603	11.37	21.42	14.76	4.89	10635	25.77	40.78	13.23	4.97															2020-07-10 12:36:00
10.07.2020	12:42:00	RO_SE_001	3598	23332	132	0	13426	8.73	16.28	15.23	4.97	11752	15.30	28.04	13.27	4.97	12340	12.62	23.65	15.16	4.97	11675	16.04	29.16	13.21	4.99	12604	11.37	21.41	14.79	4.91	10636	25.76	40.77	13.26	4.99															2020-07-10 12:42:00
10.07.2020	12:48:00	RO_SE_001	3598	23333	129	0	13427	8.72	16.27	15.25	4.97	11749	15.31	28.06	13.28	4.97	12341	12.61	23.64	15.12	4.97	11675	16.04	29.16	13.18	4.99	12604	11.37	21.41	14.8	4.91	10636	25.76	40.77	13.25	4.97															2020-07-10 12:48:00
10.07.2020	12:54:00	RO_SE_001	3598	23334	132	0	13428	8.72	16.27	15.23	4.97	11750	15.31	28.05	13.27	4.97	12343	12.60	23.63	15.13	4.97	11676	16.03	29.15	13.16	4.99	12605	11.36	21.41	14.79	4.89	10636	25.76	40.77	13.23	4.99															2020-07-10 12:54:00
10.07.2020	13:00:00	RO_SE_001	3598	23335	114	0	13429	8.72	16.26	15.27	4.97	11753	15.29	28.03	13.27	4.97	12345	12.60	23.61	15.13	4.97	11676	16.03	29.15	13.21	4.99	12606	11.36	21.4	14.8	4.91	10636	25.76	40.77	13.28	4.99															2020-07-10 13:00:00
10.07.2020	13:06:00	RO_SE_001	3598	23336	126	0	13430	8.72	16.26	15.29	4.97	11753	15.29	28.03	13.26	4.97	12346	12.59	23.6	15.15	4.97	11676	16.03	29.15	13.16	4.99	12607	11.35	21.39	14.81	4.89	10636	25.76	40.77	13.27	4.99															2020-07-10 13:06:00
10.07.2020	13:12:00	RO_SE_001	3598	23337	147	0	13432	8.71	16.25	15.27	4.97	11754	15.29	28.02	13.29	4.97	12347	12.59	23.6	15.16	4.97	11677	16.03	29.14	13.2	4.99	12608	11.35	21.39	14.8	4.89	10636	25.76	40.77	13.28	4.99															2020-07-10 13:12:00
10.07.2020	13:18:00	RO_SE_001	3598	23338	147	0	13432	8.71	16.25	15.26	4.97	11754	15.29	28.02	13.29	4.97	12349	12.58	23.58	15.16	4.97	11677	16.03	29.14	13.18	4.99	12609	11.35	21.38	14.8	4.91	10636	25.76	40.77	13.3	4.99															2020-07-10 13:18:00
10.07.2020	13:24:00	RO_SE_001	3598	23339	96	0	13432	8.71	16.25	15.29	4.97	11754	15.29	28.02	13.27	4.97	12351	12.57	23.57	15.16	4.97	11677	16.03	29.14	13.18	4.99	12609	11.35	21.38	14.84	4.89	10636	25.76	40.77	13.28	4.99															2020-07-10 13:24:00
10.07.2020	13:30:00	RO_SE_001	3598	23340	96	0	13433	8.71	16.24	15.27	4.97	11755	15.28	28.01	13.27	4.97	12353	12.56	23.55	15.18	4.99	11678	16.02	29.13	13.22	5.02	12610	11.34	21.37	14.84	4.89	10636	25.76	40.77	13.29	4.99															2020-07-10 13:30:00
10.07.2020	13:36:00	RO_SE_001	3598	23341	126	0	13434	8.70	16.23	15.28	4.97	11755	15.28	28.01	13.27	4.97	12354	12.56	23.54	15.17	4.97	11678	16.02	29.13	13.22	4.99	12610	11.34	21.37	14.83	4.89	10636	25.76	40.77	13.27	4.99															2020-07-10 13:36:00
10.07.2020	13:42:00	RO_SE_001	3598	23342	123	0	13435	8.70	16.23	15.3	4.97	11751	15.30	28.05	13.3	4.97	12356	12.55	23.53	15.18	4.97	11678	16.02	29.13	13.21	4.99	12611	11.34	21.36	14.82	4.91	10636	25.76	40.77	13.27	4.99															2020-07-10 13:42:00
10.07.2020	13:48:00	RO_SE_001	3598	23343	132	0	13436	8.70	16.22	15.29	4.97	11756	15.27	28.0	13.29	4.97	12358	12.54	23.51	15.16	4.97	11678	16.02	29.13	13.2	5.02	12612	11.33	21.36	14.81	4.91	10636	25.76	40.77	13.3	4.97															2020-07-10 13:48:00
10.07.2020	13:54:00	RO_SE_001	3598	23344	102	0	13437	8.70	16.22	15.28	4.97	11756	15.27	28.0	13.29	4.97	12360	12.53	23.5	15.13	4.97	11678	16.02	29.13	13.2	4.99	12613	11.33	21.35	14.86	4.89	10636	25.76	40.77	13.32	4.97															2020-07-10 13:54:00
10.07.2020	14:00:00	RO_SE_001	3598	23345	105	0	13438	8.69	16.21	15.32	4.97	11757	15.27	27.99	13.3	4.97	12361	12.52	23.49	15.17	4.97	11679	16.01	29.12	13.23	4.99	12614	11.33	21.34	14.84	4.91	10636	25.76	40.77	13.28	4.99															2020-07-10 14:00:00
10.07.2020	14:06:00	RO_SE_001	3598	23346	108	0	13439	8.69	16.21	15.3	4.97	11757	15.27	27.99	13.33	4.97	12363	12.52	23.47	15.19	4.97	11679	16.01	29.12	13.23	4.99	12615	11.32	21.34	14.85	4.89	10636	25.76	40.77	13.33	4.97															2020-07-10 14:06:00
10.07.2020	14:12:00	RO_SE_001	3598	23347	138	0	13440	8.69	16.2	15.28	4.97	11757	15.27	27.99	13.31	4.97	12365	12.51	23.46	15.18	4.97	11679	16.01	29.12	13.2	4.99	12615	11.32	21.34	14.87	4.89	10637	25.74	40.76	13.33	4.99															2020-07-10 14:12:00
10.07.2020	14:18:00	RO_SE_001	3598	23348	132	0	13440	8.69	16.2	15.3	4.97	11756	15.27	28.0	13.29	4.97	12367	12.50	23.44	15.17	4.99	11679	16.01	29.12	13.23	4.99	12616	11.32	21.33	14.84	4.89	10637	25.74	40.76	13.34	4.99															2020-07-10 14:18:00
10.07.2020	14:24:00	RO_SE_001	3598	23349	132	0	13441	8.69	16.19	15.34	4.97	11757	15.27	27.99	13.3	4.97	12367	12.50	23.44	15.22	4.97	11680	16.01	29.11	13.23	5.02	12616	11.32	21.33	14.85	4.89	10637	25.74	40.76	13.35	4.99															2020-07-10 14:24:00
10.07.2020	14:30:00	RO_SE_001	3598	23350	126	0	13442	8.68	16.19	15.32	4.97	11758	15.26	27.98	13.3	4.97	12369	12.49	23.43	15.2	4.97	11680	16.01	29.11	13.23	4.99	12617	11.32	21.32	14.88	4.89	10637	25.74	40.76	13.35	4.99															2020-07-10 14:30:00
10.07.2020	14:36:00	RO_SE_001	3598	23351	126	0	13443	8.68	16.18	15.31	4.97	11758	15.26	27.98	13.33	4.97	12371	12.48	23.41	15.21	4.97	11680	16.01	29.11	13.25	4.99	12618	11.31	21.31	14.9	4.89	10637	25.74	40.76	13.33	4.99															2020-07-10 14:36:00
10.07.2020	14:42:00	RO_SE_001	3598	23352	126	0	13444	8.68	16.18	15.34	4.97	11759	15.26	27.97	13.34	4.97	12372	12.48	23.41	15.2	4.97	11680	16.01	29.11	13.22	4.99	12619	11.31	21.31	14.88	4.89	10637	25.74	40.76	13.35	4.97															2020-07-10 14:42:00
10.07.2020	14:48:00	RO_SE_001	3598	23353	126	0	13445	8.67	16.17	15.3	4.97	11759	15.26	27.97	13.3	4.97	12374	12.47	23.39	15.18	4.97	11680	16.01	29.11	13.21	4.99	12619	11.31	21.31	14.9	4.89	10637	25.74	40.76	13.3	4.97															2020-07-10 14:48:00
10.07.2020	14:54:00	RO_SE_001	3598	23354	123	0	13445	8.67	16.17	15.3	4.97	11759	15.26	27.97	13.36	4.97	12375	12.46	23.38	15.19	4.97	11681	16.00	29.1	13.23	4.99	12620	11.30	21.3	14.89	4.89	10637	25.74	40.76	13.34	4.99															2020-07-10 14:54:00
10.07.2020	15:00:00	RO_SE_001	3598	23355	117	0	13445	8.67	16.17	15.3	4.97	11759	15.26	27.97	13.3	4.97	12377	12.46	23.37	15.16	4.99	11681	16.00	29.1	13.23	5.02	12621	11.30	21.29	14.88	4.89	10637	25.74	40.76	13.34	4.97															2020-07-10 15:00:00
10.07.2020	15:06:00	RO_SE_001	3598	23356	117	0	13446	8.67	16.17	15.29	4.97	11760	15.25	27.96	13.34	4.97	12378	12.45	23.36	15.18	4.97	11681	16.00	29.1	13.27	4.99	12622	11.30	21.29	14.89	4.89	10637	25.74	40.76	13.35	4.99															2020-07-10 15:06:00
10.07.2020	15:12:00	RO_SE_001	3598	23357	132	0	13447	8.67	16.16	15.31	4.97	11760	15.25	27.96	13.34	4.97	12380	12.44	23.34	15.18	4.97	11682	16.00	29.09	13.21	4.99	12622	11.30	21.29	14.88	4.91	10637	25.74	40.76	13.33	4.97															2020-07-10 15:12:00
10.07.2020	15:18:00	RO_SE_001	3598	23358	132	0	13448	8.67	16.15	15.34	4.97	11761	15.24	27.96	13.34	4.97	12382	12.43	23.33	15.16	4.97	11682	16.00	29.09	13.23	4.99	12623	11.29	21.28	14.88	4.91	10637	25.74	40.76	13.36	4.97															2020-07-10 15:18:00
10.07.2020	15:24:00	RO_SE_001	3598	23359	111	0	13449	8.66	16.15	15.32	4.97	11762	15.24	27.95	13.36	4.97	12382	12.43	23.33	15.19	4.97	11682	16.00	29.09	13.27	4.99	12623	11.29	21.28	14.89	4.89	10637	25.74	40.76	13.34	4.97															2020-07-10 15:24:00
10.07.2020	15:30:00	RO_SE_001	3598	23360	132	0	13450	8.66	16.14	15.3	4.97	11758	15.26	27.98	13.34	4.97	12384	12.42	23.31	15.14	4.97	11682	16.00	29.09	13.26	4.99	12624	11.29	21.27	14.88	4.89	10638	25.73	40.74	13.32	4.99															2020-07-10 15:30:00
10.07.2020	15:36:00	RO_SE_001	3598	23361	102	0	13451	8.66	16.14	15.31	4.97	11761	15.24	27.96	13.36	4.97	12386	12.42	23.3	15.2	4.99	11683	15.99	29.09	13.25	5.02	12625	11.28	21.26	14.87	4.89	10638	25.73	40.74	13.36	4.99															2020-07-10 15:36:00
10.07.2020	15:42:00	RO_SE_001	3598	23362	120	0	13452	8.65	16.13	15.31	4.97	11763	15.23	27.94	13.34	4.97	12388	12.41	23.28	15.21	4.99	11683	15.99	29.09	13.23	4.99	12626	11.28	21.26	14.91	4.89	10638	25.73	40.74	13.38	4.97															2020-07-10 15:42:00
10.07.2020	15:48:00	RO_SE_001	3598	23363	120	0	13453	8.65	16.13	15.34	4.97	11761	15.24	27.96	13.37	4.97	12388	12.41	23.28	15.14	4.97	11682	16.00	29.09	13.23	4.99	12627	11.28	21.25	14.88	4.89	10638	25.73	40.74	13.34	4.99															2020-07-10 15:48:00
10.07.2020	15:54:00	RO_SE_001	3598	23364	132	0	13453	8.65	16.13	15.35	4.97	11745	15.34	28.1	13.35	4.97	12390	12.40	23.27	15.17	4.97	11682	16.00	29.09	13.25	5.02	12627	11.28	21.25	14.88	4.91	10638	25.73	40.74	13.37	4.99															2020-07-10 15:54:00
10.07.2020	16:00:00	RO_SE_001	3598	23365	132	0	13455	8.65	16.11	15.29	4.97	11761	15.24	27.96	13.35	4.97	12391	12.39	23.26	15.18	4.97	11682	16.00	29.09	13.26	4.99	12628	11.27	21.24	14.91	4.91	10638	25.73	40.74	13.38	4.99															2020-07-10 16:00:00
10.07.2020	16:06:00	RO_SE_001	3598	23366	132	0	13455	8.65	16.11	15.32	4.97	11762	15.24	27.95	13.36	4.97	12393	12.39	23.25	15.17	4.97	11682	16.00	29.09	13.27	4.99	12629	11.27	21.24	14.91	4.89	10638	25.73	40.74	13.35	4.99															2020-07-10 16:06:00
10.07.2020	16:12:00	RO_SE_001	3598	23367	132	0	13455	8.65	16.11	15.32	4.97	11758	15.26	27.98	13.33	4.97	12394	12.38	23.24	15.18	4.97	11682	16.00	29.09	13.26	4.99	12629	11.27	21.24	14.91	4.89	10638	25.73	40.74	13.41	4.99															2020-07-10 16:12:00
10.07.2020	16:18:00	RO_SE_001	3598	23368	132	0	13456	8.64	16.11	15.3	4.97	11758	15.26	27.98	13.34	4.97	12395	12.38	23.23	15.15	4.97	11683	15.99	29.09	13.28	4.99	12630	11.26	21.23	14.9	4.89	10638	25.73	40.74	13.39	4.99															2020-07-10 16:18:00
10.07.2020	16:24:00	RO_SE_001	3598	23369	132	0	13456	8.64	16.11	15.31	4.97	11760	15.25	27.96	13.36	4.97	12396	12.37	23.22	15.16	4.97	11683	15.99	29.09	13.22	4.99	12630	11.26	21.23	14.88	4.89	10638	25.73	40.74	13.38	4.99															2020-07-10 16:24:00
10.07.2020	16:30:00	RO_SE_001	3598	23370	126	0	13457	8.64	16.1	15.29	4.97	11760	15.25	27.96	13.38	4.97	12397	12.37	23.22	15.16	4.97	11683	15.99	29.09	13.29	4.99	12631	11.26	21.22	14.88	4.91	10638	25.73	40.74	13.37	4.97															2020-07-10 16:30:00
10.07.2020	16:36:00	RO_SE_001	3598	23371	120	0	13458	8.64	16.1	15.28	4.97	11760	15.25	27.96	13.38	4.97	12398	12.36	23.21	15.1	4.97	11683	15.99	29.09	13.29	4.99	12631	11.26	21.22	14.88	4.89	10638	25.73	40.74	13.4	4.97															2020-07-10 16:36:00
10.07.2020	16:42:00	RO_SE_001	3598	23372	132	0	13458	8.64	16.1	15.26	4.97	11760	15.25	27.96	13.36	4.97	12399	12.36	23.2	15.11	4.97	11683	15.99	29.09	13.25	4.99	12631	11.26	21.22	14.87	4.89	10638	25.73	40.74	13.41	4.97															2020-07-10 16:42:00
10.07.2020	16:48:00	RO_SE_001	3598	23373	108	0	13455	8.65	16.11	15.23	4.97	11761	15.24	27.96	13.38	4.97	12401	12.35	23.19	15.09	4.97	11683	15.99	29.09	13.29	4.99	12631	11.26	21.22	14.86	4.89	10638	25.73	40.74	13.38	4.97															2020-07-10 16:48:00
10.07.2020	16:54:00	RO_SE_001	3598	23374	108	0	13456	8.64	16.11	15.22	4.97	11760	15.25	27.96	13.42	4.97	12402	12.35	23.18	15.1	4.97	11684	15.98	29.08	13.27	4.99	12632	11.26	21.21	14.84	4.89	10639	25.71	40.73	13.4	4.99															2020-07-10 16:54:00
10.07.2020	17:00:00	RO_SE_001	3598	23375	126	0	13456	8.64	16.11	15.22	4.97	11760	15.25	27.96	13.37	4.97	12402	12.35	23.18	15.06	4.97	11684	15.98	29.08	13.28	4.99	12632	11.26	21.21	14.84	4.89	10639	25.71	40.73	13.4	4.99															2020-07-10 17:00:00
10.07.2020	17:06:00	RO_SE_001	3598	23376	126	0	13457	8.64	16.1	15.16	4.97	11761	15.24	27.96	13.38	4.97	12403	12.34	23.17	15.06	4.97	11684	15.98	29.08	13.27	4.99	12633	11.25	21.21	14.85	4.89	10639	25.71	40.73	13.43	4.99															2020-07-10 17:06:00
10.07.2020	17:12:00	RO_SE_001	3598	23377	84	0	13457	8.64	16.1	15.18	4.97	11761	15.24	27.96	13.39	4.97	12404	12.34	23.16	15.05	4.97	11684	15.98	29.08	13.31	4.99	12633	11.25	21.21	14.84	4.89	10639	25.71	40.73	13.42	4.97															2020-07-10 17:12:00
10.07.2020	17:18:00	RO_SE_001	3598	23378	132	0	13458	8.64	16.1	15.17	4.97	11759	15.26	27.97	13.41	4.97	12405	12.33	23.16	15.06	4.97	11684	15.98	29.08	13.31	4.99	12634	11.25	21.2	14.83	4.89	10639	25.71	40.73	13.4	4.97															2020-07-10 17:18:00
10.07.2020	17:24:00	RO_SE_001	3598	23379	132	0	13458	8.64	16.1	15.16	4.97	11761	15.24	27.96	13.42	4.97	12407	12.33	23.14	14.98	4.97	11685	15.98	29.07	13.33	5.02	12634	11.25	21.2	14.81	4.91	10639	25.71	40.73	13.43	4.99															2020-07-10 17:24:00
10.07.2020	17:30:00	RO_SE_001	3598	23380	108	0	13458	8.64	16.1	15.13	4.97	11761	15.24	27.96	13.43	4.97	12408	12.32	23.13	14.99	4.99	11685	15.98	29.07	13.32	4.99	12635	11.25	21.19	14.81	4.89	10639	25.71	40.73	13.4	4.97															2020-07-10 17:30:00
10.07.2020	17:36:00	RO_SE_001	3598	23381	132	0	13458	8.64	16.1	15.13	4.97	11761	15.24	27.96	13.41	4.97	12409	12.32	23.13	14.98	4.97	11685	15.98	29.07	13.31	4.99	12635	11.25	21.19	14.79	4.91	10639	25.71	40.73	13.44	4.99															2020-07-10 17:36:00
10.07.2020	17:42:00	RO_SE_001	3598	23382	132	0	13459	8.64	16.09	15.13	4.97	11760	15.25	27.96	13.39	4.97	12410	12.31	23.12	14.95	4.97	11685	15.98	29.07	13.3	4.99	12635	11.25	21.19	14.8	4.89	10639	25.71	40.73	13.41	4.99															2020-07-10 17:42:00
10.07.2020	17:48:00	RO_SE_001	3598	23383	132	0	13459	8.64	16.09	15.09	4.97	11761	15.24	27.96	13.39	4.97	12410	12.31	23.12	14.94	4.97	11686	15.97	29.06	13.29	5.02	12636	11.24	21.19	14.78	4.89	10639	25.71	40.73	13.45	4.97															2020-07-10 17:48:00
10.07.2020	17:54:00	RO_SE_001	3598	23384	132	0	13459	8.64	16.09	15.06	4.97	11758	15.26	27.98	13.38	4.97	12411	12.31	23.11	14.91	4.97	11686	15.97	29.06	13.29	4.99	12636	11.24	21.19	14.77	4.89	10639	25.71	40.73	13.41	4.97															2020-07-10 17:54:00
10.07.2020	18:00:00	RO_SE_001	3598	23385	126	0	13456	8.64	16.11	15.09	4.97	11760	15.25	27.96	13.39	4.97	12412	12.30	23.1	14.91	4.97	11686	15.97	29.06	13.3	4.99	12637	11.24	21.18	14.77	4.91	10639	25.71	40.73	13.44	4.99															2020-07-10 18:00:00
10.07.2020	18:06:00	RO_SE_001	3598	23386	132	0	13457	8.64	16.1	15.05	4.97	11761	15.24	27.96	13.39	4.97	12413	12.30	23.1	14.9	4.97	11686	15.97	29.06	13.34	4.99	12637	11.24	21.18	14.75	4.89	10639	25.71	40.73	13.47	4.97															2020-07-10 18:06:00
10.07.2020	18:12:00	RO_SE_001	3598	23387	132	0	13457	8.64	16.1	15.06	4.97	11760	15.25	27.96	13.37	4.97	12414	12.30	23.09	14.91	4.97	11687	15.96	29.05	13.27	4.99	12638	11.23	21.17	14.75	4.89	10639	25.71	40.73	13.46	4.99															2020-07-10 18:12:00
10.07.2020	18:18:00	RO_SE_001	3598	23388	120	0	13458	8.64	16.1	15.02	4.97	11760	15.25	27.96	13.44	4.97	12415	12.29	23.08	14.88	4.97	11687	15.96	29.05	13.34	4.99	12638	11.23	21.17	14.73	4.89	10639	25.71	40.73	13.4	4.99															2020-07-10 18:18:00
10.07.2020	18:24:00	RO_SE_001	3598	23389	120	0	13458	8.64	16.1	15.0	4.97	11756	15.27	28.0	13.38	4.97	12416	12.29	23.07	14.86	4.97	11687	15.96	29.05	13.34	4.99	12637	11.24	21.18	14.7	4.91	10639	25.71	40.73	13.41	4.99															2020-07-10 18:24:00
10.07.2020	18:30:00	RO_SE_001	3598	23390	135	0	13458	8.64	16.1	14.96	4.97	11761	15.24	27.96	13.44	4.97	12417	12.28	23.06	14.83	4.97	11687	15.96	29.05	13.33	4.99	12638	11.23	21.17	14.73	4.89	10639	25.71	40.73	13.43	4.97															2020-07-10 18:30:00
10.07.2020	18:36:00	RO_SE_001	3598	23391	114	0	13458	8.64	16.1	14.97	4.97	11761	15.24	27.96	13.41	4.97	12417	12.28	23.06	14.83	4.97	11687	15.96	29.05	13.34	4.99	12638	11.23	21.17	14.66	4.89	10640	25.70	40.72	13.48	4.97															2020-07-10 18:36:00
10.07.2020	18:42:00	RO_SE_001	3598	23392	117	0	13459	8.64	16.09	14.96	4.97	11761	15.24	27.96	13.45	4.97	12418	12.28	23.06	14.82	4.99	11688	15.96	29.04	13.34	4.99	12639	11.23	21.16	14.69	4.89	10640	25.70	40.72	13.45	4.99															2020-07-10 18:42:00
10.07.2020	18:48:00	RO_SE_001	3598	23393	117	0	13458	8.64	16.1	14.94	4.97	11761	15.24	27.96	13.45	4.97	12420	12.27	23.04	14.81	4.97	11688	15.96	29.04	13.34	4.99	12639	11.23	21.16	14.69	4.89	10640	25.70	40.72	13.47	4.99															2020-07-10 18:48:00
10.07.2020	18:54:00	RO_SE_001	3598	23394	117	0	13457	8.64	16.1	14.94	4.97	11761	15.24	27.96	13.43	4.97	12421	12.27	23.03	14.8	4.97	11688	15.96	29.04	13.34	4.99	12640	11.23	21.16	14.66	4.89	10640	25.70	40.72	13.48	4.97															2020-07-10 18:54:00
10.07.2020	19:00:00	RO_SE_001	3598	23395	111	0	13458	8.64	16.1	14.92	4.97	11760	15.25	27.96	13.41	4.97	12422	12.26	23.03	14.73	4.99	11688	15.96	29.04	13.35	4.99	12640	11.23	21.16	14.68	4.91	10640	25.70	40.72	13.46	4.99															2020-07-10 19:00:00
10.07.2020	19:06:00	RO_SE_001	3598	23396	111	0	13458	8.64	16.1	14.91	4.97	11761	15.24	27.96	13.44	4.97	12423	12.26	23.02	14.76	4.97	11688	15.96	29.04	13.3	5.02	12640	11.23	21.16	14.65	4.89	10640	25.70	40.72	13.47	4.97															2020-07-10 19:06:00
10.07.2020	19:12:00	RO_SE_001	3598	23397	111	0	13459	8.64	16.09	14.92	4.97	11761	15.24	27.96	13.48	4.97	12424	12.25	23.01	14.74	4.97	11688	15.96	29.04	13.36	4.99	12641	11.22	21.15	14.61	4.89	10640	25.70	40.72	13.44	4.99															2020-07-10 19:12:00
10.07.2020	19:18:00	RO_SE_001	3598	23398	108	0	13459	8.64	16.09	14.88	4.97	11761	15.24	27.96	13.46	4.97	12424	12.25	23.01	14.74	4.97	11688	15.96	29.04	13.38	4.99	12641	11.22	21.15	14.63	4.89	10640	25.70	40.72	13.45	4.99															2020-07-10 19:18:00
10.07.2020	19:24:00	RO_SE_001	3598	23399	108	0	13459	8.64	16.09	14.88	4.97	11761	15.24	27.96	13.41	4.97	12424	12.25	23.01	14.75	4.97	11688	15.96	29.04	13.35	4.99	12641	11.22	21.15	14.63	4.89	10640	25.70	40.72	13.45	4.99															2020-07-10 19:24:00
10.07.2020	19:30:00	RO_SE_001	3598	23400	99	0	13458	8.64	16.1	14.88	4.97	11761	15.24	27.96	13.45	4.97	12425	12.25	23.0	14.73	4.97	11689	15.95	29.03	13.35	4.99	12642	11.22	21.14	14.63	4.91	10640	25.70	40.72	13.45	4.99															2020-07-10 19:30:00
10.07.2020	19:36:00	RO_SE_001	3598	23401	99	0	13459	8.64	16.09	14.84	4.97	11761	15.24	27.96	13.45	4.97	12426	12.24	23.0	14.67	4.97	11689	15.95	29.03	13.38	5.02	12642	11.22	21.14	14.6	4.89	10640	25.70	40.72	13.46	4.99															2020-07-10 19:36:00
10.07.2020	19:42:00	RO_SE_001	3598	23402	108	0	13458	8.64	16.1	14.84	4.97	11761	15.24	27.96	13.43	4.97	12427	12.24	22.99	14.66	4.97	11689	15.95	29.03	13.36	4.99	12643	11.21	21.14	14.59	4.89	10640	25.70	40.72	13.48	4.99															2020-07-10 19:42:00
10.07.2020	19:48:00	RO_SE_001	3598	23403	108	0	13457	8.64	16.1	14.84	4.97	11761	15.24	27.96	13.43	4.97	12428	12.24	22.98	14.69	4.97	11689	15.95	29.03	13.37	4.99	12643	11.21	21.14	14.58	4.89	10640	25.70	40.72	13.48	4.97															2020-07-10 19:48:00
10.07.2020	19:54:00	RO_SE_001	3597	23404	111	0	13457	8.64	16.1	14.82	4.97	11761	15.24	27.96	13.46	4.97	12429	12.23	22.97	14.65	4.97	11689	15.95	29.03	13.35	4.99	12643	11.21	21.14	14.56	4.89	10640	25.70	40.72	13.46	4.99															2020-07-10 19:54:00
10.07.2020	20:00:00	RO_SE_001	3597	23405	108	0	13457	8.64	16.1	14.8	4.97	11761	15.24	27.96	13.44	4.97	12430	12.23	22.97	14.66	4.97	11689	15.95	29.03	13.37	4.99	12644	11.21	21.13	14.59	4.89	10640	25.70	40.72	13.46	4.99															2020-07-10 20:00:00
10.07.2020	20:06:00	RO_SE_001	3598	23406	108	0	13457	8.64	16.1	14.8	4.97	11761	15.24	27.96	13.42	4.97	12431	12.22	22.96	14.59	4.97	11689	15.95	29.03	13.37	5.02	12644	11.21	21.13	14.52	4.91	10641	25.69	40.7	13.47	4.99															2020-07-10 20:06:00
10.07.2020	20:12:00	RO_SE_001	3597	23407	96	0	13458	8.64	16.1	14.77	4.97	11761	15.24	27.96	13.45	4.97	12431	12.22	22.96	14.62	4.97	11689	15.95	29.03	13.38	4.99	12644	11.21	21.13	14.52	4.91	10641	25.69	40.7	13.48	4.99															2020-07-10 20:12:00
10.07.2020	20:18:00	RO_SE_001	3597	23408	105	0	13458	8.64	16.1	14.77	4.97	11761	15.24	27.96	13.45	4.97	12431	12.22	22.96	14.6	4.97	11689	15.95	29.03	13.4	4.99	12644	11.21	21.13	14.52	4.91	10641	25.69	40.7	13.45	4.97															2020-07-10 20:18:00
10.07.2020	20:24:00	RO_SE_001	3598	23409	105	0	13458	8.64	16.1	14.76	4.97	11761	15.24	27.96	13.44	4.97	12432	12.22	22.95	14.59	4.97	11690	15.95	29.02	13.36	5.02	12645	11.21	21.12	14.52	4.89	10641	25.69	40.7	13.46	4.99															2020-07-10 20:24:00
10.07.2020	20:30:00	RO_SE_001	3597	23410	99	0	13457	8.64	16.1	14.73	4.97	11761	15.24	27.96	13.43	4.97	12433	12.21	22.94	14.55	4.97	11690	15.95	29.02	13.38	4.99	12645	11.21	21.12	14.52	4.91	10641	25.69	40.7	13.45	4.99															2020-07-10 20:30:00
10.07.2020	20:36:00	RO_SE_001	3598	23411	99	0	13458	8.64	16.1	14.71	4.97	11761	15.24	27.96	13.45	4.97	12433	12.21	22.94	14.6	4.97	11690	15.95	29.02	13.37	4.99	12645	11.21	21.12	14.51	4.89	10641	25.69	40.7	13.49	4.97															2020-07-10 20:36:00
10.07.2020	20:42:00	RO_SE_001	3598	23412	84	0	13458	8.64	16.1	14.73	4.97	11761	15.24	27.96	13.46	4.97	12434	12.21	22.94	14.54	4.97	11690	15.95	29.02	13.35	4.99	12645	11.21	21.12	14.52	4.91	10641	25.69	40.7	13.49	4.99															2020-07-10 20:42:00
10.07.2020	20:48:00	RO_SE_001	3598	23413	84	0	13459	8.64	16.09	14.7	4.97	11761	15.24	27.96	13.45	4.97	12435	12.21	22.93	14.55	4.97	11690	15.95	29.02	13.41	4.99	12644	11.21	21.13	14.52	4.89	10641	25.69	40.7	13.48	4.97															2020-07-10 20:48:00
10.07.2020	20:54:00	RO_SE_001	3598	23414	84	0	13459	8.64	16.09	14.7	4.97	11761	15.24	27.96	13.45	4.97	12436	12.20	22.92	14.54	4.97	11690	15.95	29.02	13.4	4.99	12644	11.21	21.13	14.53	4.91	10641	25.69	40.7	13.49	4.99															2020-07-10 20:54:00
10.07.2020	21:00:00	RO_SE_001	3597	23415	84	0	13459	8.64	16.09	14.7	4.97	11761	15.24	27.96	13.45	4.97	12436	12.20	22.92	14.57	4.97	11691	15.94	29.01	13.37	4.99	12645	11.21	21.12	14.45	4.91	10641	25.69	40.7	13.5	4.99															2020-07-10 21:00:00
10.07.2020	21:06:00	RO_SE_001	3598	23416	84	0	13457	8.64	16.1	14.69	4.97	11761	15.24	27.96	13.45	4.97	12437	12.20	22.91	14.49	4.97	11691	15.94	29.01	13.38	5.02	12645	11.21	21.12	14.46	4.89	10641	25.69	40.7	13.48	4.99															2020-07-10 21:06:00
10.07.2020	21:12:00	RO_SE_001	3598	23417	84	0	13457	8.64	16.1	14.63	4.97	11761	15.24	27.96	13.46	4.97	12438	12.19	22.91	14.48	4.97	11691	15.94	29.01	13.38	4.99	12645	11.21	21.12	14.47	4.91	10641	25.69	40.7	13.49	4.97															2020-07-10 21:12:00
10.07.2020	21:18:00	RO_SE_001	3597	23418	84	0	13457	8.64	16.1	14.64	4.97	11761	15.24	27.96	13.47	4.97	12438	12.19	22.91	14.48	4.97	11691	15.94	29.01	13.38	4.99	12646	11.20	21.11	14.43	4.89	10641	25.69	40.7	13.47	4.97															2020-07-10 21:18:00
10.07.2020	21:24:00	RO_SE_001	3597	23419	99	0	13458	8.64	16.1	14.64	4.97	11761	15.24	27.96	13.45	4.97	12438	12.19	22.91	14.45	4.97	11691	15.94	29.01	13.38	4.99	12646	11.20	21.11	14.42	4.91	10641	25.69	40.7	13.48	4.97															2020-07-10 21:24:00
10.07.2020	21:30:00	RO_SE_001	3597	23420	99	0	13458	8.64	16.1	14.59	4.97	11761	15.24	27.96	13.46	4.97	12439	12.19	22.9	14.42	4.97	11691	15.94	29.01	13.4	4.99	12646	11.20	21.11	14.41	4.89	10641	25.69	40.7	13.49	4.99															2020-07-10 21:30:00
10.07.2020	21:36:00	RO_SE_001	3597	23421	99	0	13458	8.64	16.1	14.59	4.97	11761	15.24	27.96	13.46	4.97	12439	12.19	22.9	14.46	4.97	11692	15.93	29.0	13.39	5.02	12646	11.20	21.11	14.43	4.91	10641	25.69	40.7	13.46	4.99															2020-07-10 21:36:00
10.07.2020	21:42:00	RO_SE_001	3597	23422	99	0	13458	8.64	16.1	14.58	4.97	11761	15.24	27.96	13.49	4.97	12440	12.19	22.89	14.38	4.97	11692	15.93	29.0	13.38	4.99	12646	11.20	21.11	14.41	4.89	10641	25.69	40.7	13.51	4.97															2020-07-10 21:42:00
10.07.2020	21:48:00	RO_SE_001	3597	23423	87	0	13458	8.64	16.1	14.58	4.97	11761	15.24	27.96	13.45	4.97	12441	12.18	22.88	14.39	4.97	11692	15.93	29.0	13.35	4.99	12646	11.20	21.11	14.37	4.89	10642	25.67	40.69	13.48	4.97															2020-07-10 21:48:00
10.07.2020	21:54:00	RO_SE_001	3597	23424	87	0	13459	8.64	16.09	14.55	4.97	11761	15.24	27.96	13.45	4.97	12441	12.18	22.88	14.4	4.97	11692	15.93	29.0	13.37	4.99	12647	11.20	21.11	14.38	4.89	10642	25.67	40.69	13.5	4.97															2020-07-10 21:54:00
10.07.2020	22:00:00	RO_SE_001	3597	23425	87	0	13459	8.64	16.09	14.55	4.97	11761	15.24	27.96	13.46	4.97	12442	12.18	22.88	14.37	4.97	11692	15.93	29.0	13.38	4.99	12647	11.20	21.11	14.34	4.89	10642	25.67	40.69	13.48	4.97															2020-07-10 22:00:00
10.07.2020	22:06:00	RO_SE_001	3597	23426	87	0	13459	8.64	16.09	14.5	4.97	11761	15.24	27.96	13.49	4.97	12442	12.18	22.88	14.37	4.97	11692	15.93	29.0	13.38	5.02	12647	11.20	21.11	14.36	4.89	10642	25.67	40.69	13.43	4.99															2020-07-10 22:06:00
10.07.2020	22:12:00	RO_SE_001	3597	23427	87	0	13457	8.64	16.1	14.52	4.97	11761	15.24	27.96	13.44	4.97	12443	12.17	22.87	14.34	4.97	11693	15.93	28.99	13.38	4.99	12647	11.20	21.11	14.34	4.89	10642	25.67	40.69	13.48	4.99															2020-07-10 22:12:00
10.07.2020	22:18:00	RO_SE_001	3597	23428	87	0	13457	8.64	16.1	14.48	4.97	11761	15.24	27.96	13.44	4.97	12444	12.17	22.86	14.3	4.97	11692	15.93	29.0	13.39	4.99	12648	11.20	21.1	14.34	4.89	10642	25.67	40.69	13.48	4.97															2020-07-10 22:18:00
10.07.2020	22:24:00	RO_SE_001	3596	23429	75	0	13458	8.64	16.1	14.49	4.97	11761	15.24	27.96	13.47	4.97	12444	12.17	22.86	14.3	4.99	11693	15.93	28.99	13.4	4.99	12648	11.20	21.1	14.3	4.89	10642	25.67	40.69	13.45	4.99															2020-07-10 22:24:00
10.07.2020	22:30:00	RO_SE_001	3597	23430	93	0	13458	8.64	16.1	14.47	4.97	11761	15.24	27.96	13.47	4.97	12445	12.16	22.86	14.29	4.97	11693	15.93	28.99	13.41	4.99	12648	11.20	21.1	14.28	4.91	10642	25.67	40.69	13.5	4.99															2020-07-10 22:30:00
10.07.2020	22:36:00	RO_SE_001	3597	23431	111	0	13459	8.64	16.09	14.48	4.97	11761	15.24	27.96	13.46	4.97	12446	12.16	22.85	14.24	4.97	11693	15.93	28.99	13.37	5.02	12648	11.20	21.1	14.3	4.89	10641	25.69	40.7	13.47	4.99															2020-07-10 22:36:00
10.07.2020	22:42:00	RO_SE_001	3597	23432	93	0	13459	8.64	16.09	14.44	4.97	11761	15.24	27.96	13.48	4.97	12445	12.16	22.86	14.23	4.97	11693	15.93	28.99	13.37	5.02	12648	11.20	21.1	14.27	4.91	10642	25.67	40.69	13.5	4.99															2020-07-10 22:42:00
10.07.2020	22:48:00	RO_SE_001	3595	23433	84	0	13457	8.64	16.1	14.45	4.97	11761	15.24	27.96	13.46	4.97	12446	12.16	22.85	14.25	4.97	11693	15.93	28.99	13.38	5.02	12649	11.19	21.09	14.3	4.89	10642	25.67	40.69	13.51	4.99															2020-07-10 22:48:00
10.07.2020	22:54:00	RO_SE_001	3596	23434	93	0	13457	8.64	16.1	14.42	4.97	11761	15.24	27.96	13.44	4.97	12446	12.16	22.85	14.23	4.97	11693	15.93	28.99	13.38	4.99	12649	11.19	21.09	14.23	4.91	10642	25.67	40.69	13.51	4.99															2020-07-10 22:54:00
10.07.2020	23:00:00	RO_SE_001	3596	23435	93	0	13457	8.64	16.1	14.4	4.97	11761	15.24	27.96	13.48	4.97	12447	12.16	22.84	14.22	4.97	11693	15.93	28.99	13.38	4.99	12649	11.19	21.09	14.27	4.89	10641	25.69	40.7	13.48	4.99															2020-07-10 23:00:00
10.07.2020	23:06:00	RO_SE_001	3596	23436	93	0	13457	8.64	16.1	14.35	4.97	11761	15.24	27.96	13.45	4.97	12447	12.16	22.84	14.21	4.97	11693	15.93	28.99	13.41	5.02	12649	11.19	21.09	14.24	4.89	10642	25.67	40.69	13.5	4.99															2020-07-10 23:06:00
10.07.2020	23:12:00	RO_SE_001	3596	23437	93	0	13458	8.64	16.1	14.37	4.97	11761	15.24	27.96	13.45	4.97	12448	12.15	22.83	14.16	4.97	11693	15.93	28.99	13.38	4.99	12649	11.19	21.09	14.2	4.89	10642	25.67	40.69	13.48	4.99															2020-07-10 23:12:00
10.07.2020	23:18:00	RO_SE_001	3596	23438	93	0	13458	8.64	16.1	14.32	4.97	11761	15.24	27.96	13.44	4.97	12449	12.15	22.83	14.15	4.97	11694	15.92	28.98	13.39	4.99	12649	11.19	21.09	14.18	4.89	10642	25.67	40.69	13.5	4.99															2020-07-10 23:18:00
10.07.2020	23:24:00	RO_SE_001	3596	23439	78	0	13458	8.64	16.1	14.33	4.97	11761	15.24	27.96	13.48	4.97	12449	12.15	22.83	14.18	4.99	11694	15.92	28.98	13.39	4.99	12650	11.19	21.09	14.18	4.89	10642	25.67	40.69	13.48	4.99															2020-07-10 23:24:00
10.07.2020	23:30:00	RO_SE_001	3596	23440	78	0	13458	8.64	16.1	14.29	4.97	11761	15.24	27.96	13.48	4.97	12450	12.14	22.82	14.13	4.97	11694	15.92	28.98	13.38	4.99	12650	11.19	21.09	14.2	4.89	10642	25.67	40.69	13.48	4.99															2020-07-10 23:30:00
10.07.2020	23:36:00	RO_SE_001	3596	23441	78	0	13458	8.64	16.1	14.27	4.97	11761	15.24	27.96	13.45	4.97	12450	12.14	22.82	14.12	4.97	11694	15.92	28.98	13.39	4.99	12650	11.19	21.09	14.14	4.89	10643	25.66	40.68	13.48	4.97															2020-07-10 23:36:00
10.07.2020	23:42:00	RO_SE_001	3596	23442	78	0	13459	8.64	16.09	14.28	4.97	11761	15.24	27.96	13.46	4.97	12451	12.14	22.81	14.13	4.97	11694	15.92	28.98	13.38	4.99	12650	11.19	21.09	14.15	4.91	10642	25.67	40.69	13.46	4.99															2020-07-10 23:42:00
10.07.2020	23:48:00	RO_SE_001	3596	23443	90	0	13459	8.64	16.09	14.26	4.97	11761	15.24	27.96	13.46	4.97	12451	12.14	22.81	14.12	4.97	11694	15.92	28.98	13.41	4.99	12650	11.19	21.09	14.16	4.89	10642	25.67	40.69	13.49	4.99															2020-07-10 23:48:00
10.07.2020	23:54:00	RO_SE_001	3593	23444	90	0	13456	8.64	16.11	14.23	4.97	11761	15.24	27.96	13.46	4.97	12452	12.13	22.8	14.05	4.97	11695	15.92	28.97	13.41	4.99	12650	11.19	21.09	14.16	4.89	10642	25.67	40.69	13.53	4.99															2020-07-10 23:54:00
