02.05.2018	00:00:00	RO_SE_001	3476	253593	174	0	12449	12.07	22.68	8.86	4.97	11015	20.70	35.39	8.59	4.97	12032	14.09	26.12	8.73	4.97	10753	23.82	38.86	8.53	4.99	11124	20.02	34.57	8.78	4.91	10312	31.02	45.19	8.58	5.02															2018-05-02 00:00:00
02.05.2018	00:06:00	RO_SE_001	3476	253594	177	0	12450	12.06	22.67	8.82	4.97	11015	20.70	35.39	8.57	4.97	12033	14.08	26.11	8.72	4.97	10753	23.82	38.86	8.53	4.99	11125	20.01	34.56	8.75	4.89	10312	31.02	45.19	8.56	4.99															2018-05-02 00:06:00
02.05.2018	00:12:00	RO_SE_001	3475	253595	174	0	12450	12.06	22.67	8.84	4.97	11015	20.70	35.39	8.57	4.97	12033	14.08	26.11	8.69	4.97	10754	23.81	38.85	8.49	4.99	11124	20.02	34.57	8.78	4.89	10313	31.00	45.18	8.59	4.99															2018-05-02 00:12:00
02.05.2018	00:18:00	RO_SE_001	3475	253596	168	0	12450	12.06	22.67	8.8	4.97	11015	20.70	35.39	8.56	4.97	12034	14.08	26.11	8.73	4.97	10754	23.81	38.85	8.52	4.99	11125	20.01	34.56	8.76	4.89	10313	31.00	45.18	8.55	4.99															2018-05-02 00:18:00
02.05.2018	00:24:00	RO_SE_001	3476	253597	168	0	12450	12.06	22.67	8.8	4.97	11015	20.70	35.39	8.58	4.97	12034	14.08	26.11	8.72	4.97	10754	23.81	38.85	8.52	4.99	11125	20.01	34.56	8.77	4.91	10313	31.00	45.18	8.57	4.99															2018-05-02 00:24:00
02.05.2018	00:30:00	RO_SE_001	3475	253598	168	0	12451	12.06	22.66	8.79	4.97	11015	20.70	35.39	8.58	4.97	12040	14.05	26.06	8.66	4.97	10754	23.81	38.85	8.54	4.99	11125	20.01	34.56	8.74	4.89	10313	31.00	45.18	8.59	4.99															2018-05-02 00:30:00
02.05.2018	00:36:00	RO_SE_001	3475	253599	171	0	12451	12.06	22.66	8.79	4.94	11015	20.70	35.39	8.55	4.97	12040	14.05	26.06	8.68	4.97	10754	23.81	38.85	8.53	4.99	11126	20.01	34.55	8.75	4.91	10313	31.00	45.18	8.57	4.99															2018-05-02 00:36:00
02.05.2018	00:42:00	RO_SE_001	3475	253600	171	0	12451	12.06	22.66	8.78	4.97	11015	20.70	35.39	8.56	4.97	12040	14.05	26.06	8.68	4.97	10754	23.81	38.85	8.53	4.99	11125	20.01	34.56	8.75	4.89	10313	31.00	45.18	8.57	4.99															2018-05-02 00:42:00
02.05.2018	00:48:00	RO_SE_001	3474	253601	174	0	12451	12.06	22.66	8.79	4.97	11015	20.70	35.39	8.54	4.97	12040	14.05	26.06	8.67	4.97	10754	23.81	38.85	8.52	4.99	11127	20.00	34.54	8.74	4.89	10313	31.00	45.18	8.59	4.99															2018-05-02 00:48:00
02.05.2018	00:54:00	RO_SE_001	3474	253602	171	0	12452	12.05	22.66	8.76	4.97	11015	20.70	35.39	8.54	4.97	12040	14.05	26.06	8.65	4.97	10759	23.76	38.79	8.52	4.99	11127	20.00	34.54	8.71	4.91	10313	31.00	45.18	8.56	4.99															2018-05-02 00:54:00
02.05.2018	01:00:00	RO_SE_001	3474	253603	168	0	12452	12.05	22.66	8.75	4.97	11015	20.70	35.39	8.56	4.97	12040	14.05	26.06	8.67	4.97	10759	23.76	38.79	8.52	4.99	11126	20.01	34.55	8.72	4.89	10313	31.00	45.18	8.55	4.99															2018-05-02 01:00:00
02.05.2018	01:06:00	RO_SE_001	3475	253604	174	0	12452	12.05	22.66	8.73	4.97	11015	20.70	35.39	8.6	4.97	12040	14.05	26.06	8.66	4.97	10759	23.76	38.79	8.48	4.99	11127	20.00	34.54	8.73	4.91	10313	31.00	45.18	8.52	4.99															2018-05-02 01:06:00
02.05.2018	01:12:00	RO_SE_001	3475	253605	168	0	12452	12.05	22.66	8.76	4.97	11015	20.70	35.39	8.56	4.97	12040	14.05	26.06	8.64	4.97	10759	23.76	38.79	8.46	4.99	11127	20.00	34.54	8.71	4.89	10313	31.00	45.18	8.56	5.02															2018-05-02 01:12:00
02.05.2018	01:18:00	RO_SE_001	3475	253606	168	0	12453	12.05	22.65	8.74	4.94	11015	20.70	35.39	8.57	4.97	12040	14.05	26.06	8.63	4.97	10759	23.76	38.79	8.48	4.99	11127	20.00	34.54	8.73	4.89	10313	31.00	45.18	8.58	4.99															2018-05-02 01:18:00
02.05.2018	01:24:00	RO_SE_001	3474	253607	168	0	12453	12.05	22.65	8.73	4.97	11015	20.70	35.39	8.57	4.97	12040	14.05	26.06	8.65	4.97	10759	23.76	38.79	8.52	4.99	11128	19.99	34.53	8.69	4.89	10313	31.00	45.18	8.56	4.99															2018-05-02 01:24:00
02.05.2018	01:30:00	RO_SE_001	3474	253608	168	0	12453	12.05	22.65	8.73	4.97	11015	20.70	35.39	8.55	4.97	12040	14.05	26.06	8.61	4.97	10759	23.76	38.79	8.52	4.99	11129	19.98	34.52	8.7	4.89	10313	31.00	45.18	8.55	4.99															2018-05-02 01:30:00
02.05.2018	01:36:00	RO_SE_001	3474	253609	174	0	12453	12.05	22.65	8.71	4.97	11015	20.70	35.39	8.56	4.97	12040	14.05	26.06	8.61	4.97	10759	23.76	38.79	8.49	4.99	11129	19.98	34.52	8.69	4.89	10313	31.00	45.18	8.54	4.99															2018-05-02 01:36:00
02.05.2018	01:42:00	RO_SE_001	3474	253610	177	0	12454	12.04	22.64	8.7	4.97	11015	20.70	35.39	8.59	4.97	12040	14.05	26.06	8.59	4.97	10759	23.76	38.79	8.48	4.99	11129	19.98	34.52	8.7	4.89	10313	31.00	45.18	8.56	4.99															2018-05-02 01:42:00
02.05.2018	01:48:00	RO_SE_001	3474	253611	174	0	12454	12.04	22.64	8.7	4.97	11015	20.70	35.39	8.56	4.97	12040	14.05	26.06	8.61	4.97	10759	23.76	38.79	8.53	4.99	11130	19.97	34.5	8.69	4.89	10313	31.00	45.18	8.59	4.99															2018-05-02 01:48:00
02.05.2018	01:54:00	RO_SE_001	3474	253612	183	0	12454	12.04	22.64	8.69	4.97	11015	20.70	35.39	8.59	4.97	12040	14.05	26.06	8.58	4.97	10759	23.76	38.79	8.5	4.99	11128	19.99	34.53	8.68	4.91	10313	31.00	45.18	8.58	4.99															2018-05-02 01:54:00
02.05.2018	02:00:00	RO_SE_001	3474	253613	183	0	12454	12.04	22.64	8.69	4.97	11015	20.70	35.39	8.55	4.97	12040	14.05	26.06	8.59	4.97	10759	23.76	38.79	8.48	4.99	11128	19.99	34.53	8.68	4.89	10313	31.00	45.18	8.57	4.99															2018-05-02 02:00:00
02.05.2018	02:06:00	RO_SE_001	3474	253614	177	0	12455	12.04	22.64	8.7	4.94	11015	20.70	35.39	8.55	4.97	12041	14.04	26.05	8.59	4.97	10759	23.76	38.79	8.48	4.99	11129	19.98	34.52	8.68	4.89	10313	31.00	45.18	8.57	4.99															2018-05-02 02:06:00
02.05.2018	02:12:00	RO_SE_001	3473	253615	177	0	12455	12.04	22.64	8.66	4.97	11015	20.70	35.39	8.57	4.97	12041	14.04	26.05	8.59	4.97	10759	23.76	38.79	8.5	4.99	11130	19.97	34.5	8.66	4.89	10313	31.00	45.18	8.57	4.99															2018-05-02 02:12:00
02.05.2018	02:18:00	RO_SE_001	3473	253616	180	0	12455	12.04	22.64	8.66	4.97	11015	20.70	35.39	8.57	4.94	12040	14.05	26.06	8.59	4.97	10759	23.76	38.79	8.5	4.99	11130	19.97	34.5	8.66	4.89	10313	31.00	45.18	8.54	4.99															2018-05-02 02:18:00
02.05.2018	02:24:00	RO_SE_001	3473	253617	174	0	12455	12.04	22.64	8.63	4.94	11015	20.70	35.39	8.59	4.97	12041	14.04	26.05	8.59	4.97	10759	23.76	38.79	8.49	4.99	11130	19.97	34.5	8.61	4.89	10313	31.00	45.18	8.53	4.99															2018-05-02 02:24:00
02.05.2018	02:30:00	RO_SE_001	3473	253618	174	0	12455	12.04	22.64	8.66	4.97	11015	20.70	35.39	8.55	4.97	12042	14.04	26.04	8.53	4.97	10759	23.76	38.79	8.49	4.99	11130	19.97	34.5	8.63	4.89	10314	30.99	45.16	8.53	4.99															2018-05-02 02:30:00
02.05.2018	02:36:00	RO_SE_001	3472	253619	177	0	12456	12.04	22.63	8.65	4.97	11015	20.70	35.39	8.56	4.97	12043	14.03	26.03	8.53	4.97	10759	23.76	38.79	8.5	4.99	11131	19.96	34.49	8.66	4.89	10314	30.99	45.16	8.52	4.99															2018-05-02 02:36:00
02.05.2018	02:42:00	RO_SE_001	3473	253620	177	0	12455	12.04	22.64	8.63	4.97	11015	20.70	35.39	8.58	4.97	12043	14.03	26.03	8.54	4.97	10759	23.76	38.79	8.52	4.99	11131	19.96	34.49	8.64	4.89	10314	30.99	45.16	8.52	4.99															2018-05-02 02:42:00
02.05.2018	02:48:00	RO_SE_001	3473	253621	177	0	12455	12.04	22.64	8.63	4.97	11015	20.70	35.39	8.54	4.97	12043	14.03	26.03	8.58	4.97	10759	23.76	38.79	8.48	4.99	11131	19.96	34.49	8.61	4.91	10314	30.99	45.16	8.55	4.99															2018-05-02 02:48:00
02.05.2018	02:54:00	RO_SE_001	3473	253622	168	0	12455	12.04	22.64	8.59	4.97	11015	20.70	35.39	8.52	4.97	12044	14.03	26.02	8.52	4.97	10759	23.76	38.79	8.48	4.99	11131	19.96	34.49	8.59	4.91	10314	30.99	45.16	8.54	4.99															2018-05-02 02:54:00
02.05.2018	03:00:00	RO_SE_001	3474	253623	174	0	12456	12.04	22.63	8.61	4.97	11015	20.70	35.39	8.55	4.97	12044	14.03	26.02	8.53	4.97	10759	23.76	38.79	8.5	4.99	11131	19.96	34.49	8.61	4.89	10314	30.99	45.16	8.54	4.99															2018-05-02 03:00:00
02.05.2018	03:06:00	RO_SE_001	3473	253624	174	0	12456	12.04	22.63	8.61	4.97	11015	20.70	35.39	8.52	4.97	12044	14.03	26.02	8.55	4.97	10759	23.76	38.79	8.48	4.99	11132	19.95	34.48	8.62	4.89	10314	30.99	45.16	8.55	4.99															2018-05-02 03:06:00
02.05.2018	03:12:00	RO_SE_001	3473	253625	174	0	12456	12.04	22.63	8.61	4.97	11015	20.70	35.39	8.52	4.97	12045	14.02	26.01	8.51	4.97	10759	23.76	38.79	8.52	4.99	11127	20.00	34.54	8.61	4.89	10314	30.99	45.16	8.52	4.99															2018-05-02 03:12:00
02.05.2018	03:18:00	RO_SE_001	3472	253626	177	0	12456	12.04	22.63	8.57	4.97	11015	20.70	35.39	8.54	4.97	12045	14.02	26.01	8.53	4.97	10759	23.76	38.79	8.52	4.99	11129	19.98	34.52	8.6	4.89	10314	30.99	45.16	8.53	4.99															2018-05-02 03:18:00
02.05.2018	03:24:00	RO_SE_001	3473	253627	174	0	12456	12.04	22.63	8.59	4.97	11015	20.70	35.39	8.54	4.97	12046	14.02	26.01	8.51	4.97	10759	23.76	38.79	8.46	4.99	11129	19.98	34.52	8.59	4.89	10314	30.99	45.16	8.53	4.99															2018-05-02 03:24:00
02.05.2018	03:30:00	RO_SE_001	3473	253628	174	0	12457	12.03	22.62	8.57	4.97	11015	20.70	35.39	8.53	4.97	12046	14.02	26.01	8.5	4.97	10759	23.76	38.79	8.49	4.99	11130	19.97	34.5	8.61	4.91	10314	30.99	45.16	8.54	4.99															2018-05-02 03:30:00
02.05.2018	03:36:00	RO_SE_001	3472	253629	171	0	12457	12.03	22.62	8.56	4.97	11015	20.70	35.39	8.52	4.97	12047	14.01	26.0	8.51	4.97	10759	23.76	38.79	8.49	4.99	11130	19.97	34.5	8.58	4.91	10314	30.99	45.16	8.52	4.99															2018-05-02 03:36:00
02.05.2018	03:42:00	RO_SE_001	3472	253630	174	0	12457	12.03	22.62	8.56	4.94	11015	20.70	35.39	8.52	4.97	12047	14.01	26.0	8.45	4.97	10759	23.76	38.79	8.52	4.99	11129	19.98	34.52	8.57	4.91	10314	30.99	45.16	8.5	5.02															2018-05-02 03:42:00
02.05.2018	03:48:00	RO_SE_001	3472	253631	177	0	12458	12.03	22.61	8.55	4.97	11015	20.70	35.39	8.53	4.97	12048	14.01	25.99	8.45	4.97	10759	23.76	38.79	8.44	4.99	11128	19.99	34.53	8.59	4.91	10314	30.99	45.16	8.55	4.99															2018-05-02 03:48:00
02.05.2018	03:54:00	RO_SE_001	3472	253632	177	0	12457	12.03	22.62	8.55	4.97	11015	20.70	35.39	8.54	4.97	12048	14.01	25.99	8.43	4.97	10759	23.76	38.79	8.45	4.99	11125	20.01	34.56	8.59	4.89	10314	30.99	45.16	8.55	4.99															2018-05-02 03:54:00
02.05.2018	04:00:00	RO_SE_001	3472	253633	177	0	12458	12.03	22.61	8.55	4.97	11015	20.70	35.39	8.52	4.97	12048	14.01	25.99	8.43	4.97	10759	23.76	38.79	8.49	4.99	11133	19.94	34.47	8.56	4.89	10314	30.99	45.16	8.52	4.99															2018-05-02 04:00:00
02.05.2018	04:06:00	RO_SE_001	3472	253634	183	0	12458	12.03	22.61	8.54	4.94	11015	20.70	35.39	8.51	4.97	12049	14.00	25.98	8.48	4.97	10759	23.76	38.79	8.46	4.99	11133	19.94	34.47	8.59	4.91	10314	30.99	45.16	8.54	4.99															2018-05-02 04:06:00
02.05.2018	04:12:00	RO_SE_001	3472	253635	174	0	12458	12.03	22.61	8.52	4.97	11015	20.70	35.39	8.52	4.97	12049	14.00	25.98	8.41	4.97	10759	23.76	38.79	8.45	4.99	11133	19.94	34.47	8.52	4.89	10314	30.99	45.16	8.51	5.02															2018-05-02 04:12:00
02.05.2018	04:18:00	RO_SE_001	3472	253636	171	0	12459	12.02	22.61	8.5	4.97	11015	20.70	35.39	8.51	4.97	12049	14.00	25.98	8.43	4.97	10759	23.76	38.79	8.49	4.99	11134	19.94	34.46	8.52	4.89	10313	31.00	45.18	8.54	4.99															2018-05-02 04:18:00
02.05.2018	04:24:00	RO_SE_001	3472	253637	180	0	12459	12.02	22.61	8.5	4.97	11015	20.70	35.39	8.5	4.97	12049	14.00	25.98	8.45	4.97	10759	23.76	38.79	8.48	4.99	11134	19.94	34.46	8.55	4.89	10313	31.00	45.18	8.52	4.99															2018-05-02 04:24:00
02.05.2018	04:30:00	RO_SE_001	3472	253638	180	0	12459	12.02	22.61	8.5	4.97	11015	20.70	35.39	8.5	4.97	12049	14.00	25.98	8.43	4.97	10759	23.76	38.79	8.45	4.99	11134	19.94	34.46	8.52	4.89	10313	31.00	45.18	8.52	4.99															2018-05-02 04:30:00
02.05.2018	04:36:00	RO_SE_001	3471	253639	174	0	12459	12.02	22.61	8.5	4.97	11015	20.70	35.39	8.52	4.97	12050	14.00	25.97	8.41	4.97	10759	23.76	38.79	8.47	4.99	11136	19.92	34.44	8.52	4.89	10314	30.99	45.16	8.48	4.99															2018-05-02 04:36:00
02.05.2018	04:42:00	RO_SE_001	3470	253640	168	0	12459	12.02	22.61	8.5	4.97	11015	20.70	35.39	8.51	4.97	12050	14.00	25.97	8.39	4.97	10759	23.76	38.79	8.44	4.99	11136	19.92	34.44	8.53	4.89	10313	31.00	45.18	8.48	4.99															2018-05-02 04:42:00
02.05.2018	04:48:00	RO_SE_001	3471	253641	168	0	12460	12.02	22.6	8.47	4.97	11015	20.70	35.39	8.53	4.97	12050	14.00	25.97	8.39	4.97	10759	23.76	38.79	8.45	4.99	11136	19.92	34.44	8.51	4.89	10313	31.00	45.18	8.49	4.99															2018-05-02 04:48:00
02.05.2018	04:54:00	RO_SE_001	3471	253642	171	0	12460	12.02	22.6	8.47	4.97	11015	20.70	35.39	8.48	4.97	12051	13.99	25.96	8.38	4.97	10759	23.76	38.79	8.43	4.99	11136	19.92	34.44	8.49	4.89	10314	30.99	45.16	8.45	4.99															2018-05-02 04:54:00
02.05.2018	05:00:00	RO_SE_001	3471	253643	171	0	12460	12.02	22.6	8.45	4.97	11015	20.70	35.39	8.49	4.97	12051	13.99	25.96	8.36	4.97	10759	23.76	38.79	8.46	4.99	11137	19.91	34.43	8.52	4.89	10313	31.00	45.18	8.51	4.99															2018-05-02 05:00:00
02.05.2018	05:06:00	RO_SE_001	3471	253644	177	0	12460	12.02	22.6	8.45	4.94	11015	20.70	35.39	8.47	4.97	12051	13.99	25.96	8.37	4.97	10759	23.76	38.79	8.48	4.99	11137	19.91	34.43	8.52	4.89	10313	31.00	45.18	8.51	4.99															2018-05-02 05:06:00
02.05.2018	05:12:00	RO_SE_001	3471	253645	180	0	12461	12.02	22.59	8.43	4.97	11015	20.70	35.39	8.47	4.97	12052	13.99	25.96	8.36	4.97	10759	23.76	38.79	8.48	4.99	11137	19.91	34.43	8.46	4.91	10314	30.99	45.16	8.51	4.99															2018-05-02 05:12:00
02.05.2018	05:18:00	RO_SE_001	3471	253646	177	0	12461	12.02	22.59	8.42	4.94	11015	20.70	35.39	8.5	4.97	12052	13.99	25.96	8.34	4.97	10759	23.76	38.79	8.48	4.99	11138	19.90	34.42	8.48	4.91	10314	30.99	45.16	8.5	4.99															2018-05-02 05:18:00
02.05.2018	05:24:00	RO_SE_001	3471	253647	177	0	12461	12.02	22.59	8.43	4.97	11015	20.70	35.39	8.5	4.97	12053	13.98	25.95	8.35	4.97	10759	23.76	38.79	8.47	4.99	11139	19.89	34.41	8.45	4.89	10314	30.99	45.16	8.48	4.99															2018-05-02 05:24:00
02.05.2018	05:30:00	RO_SE_001	3471	253648	180	0	12461	12.02	22.59	8.42	4.97	11015	20.70	35.39	8.49	4.97	12053	13.98	25.95	8.37	4.97	10759	23.76	38.79	8.41	4.99	11139	19.89	34.41	8.5	4.89	10314	30.99	45.16	8.47	4.99															2018-05-02 05:30:00
02.05.2018	05:36:00	RO_SE_001	3470	253649	174	0	12461	12.02	22.59	8.41	4.97	11015	20.70	35.39	8.48	4.97	12054	13.97	25.94	8.3	4.97	10759	23.76	38.79	8.45	4.99	11139	19.89	34.41	8.47	4.89	10314	30.99	45.16	8.48	4.99															2018-05-02 05:36:00
02.05.2018	05:42:00	RO_SE_001	3470	253650	171	0	12462	12.01	22.58	8.43	4.97	11015	20.70	35.39	8.48	4.97	12054	13.97	25.94	8.29	4.97	10759	23.76	38.79	8.41	4.99	11140	19.88	34.4	8.41	4.89	10314	30.99	45.16	8.48	4.99															2018-05-02 05:42:00
02.05.2018	05:48:00	RO_SE_001	3470	253651	171	0	12462	12.01	22.58	8.36	4.97	11015	20.70	35.39	8.45	4.97	12054	13.97	25.94	8.32	4.97	10759	23.76	38.79	8.44	4.99	11139	19.89	34.41	8.47	4.89	10315	30.97	45.15	8.51	4.99															2018-05-02 05:48:00
02.05.2018	05:54:00	RO_SE_001	3470	253652	177	0	12462	12.01	22.58	8.4	4.97	11015	20.70	35.39	8.48	4.97	12055	13.97	25.93	8.34	4.97	10759	23.76	38.79	8.45	4.99	11139	19.89	34.41	8.47	4.91	10314	30.99	45.16	8.47	4.99															2018-05-02 05:54:00
02.05.2018	06:00:00	RO_SE_001	3470	253653	180	0	12462	12.01	22.58	8.36	4.97	11015	20.70	35.39	8.47	4.97	12055	13.97	25.93	8.28	4.97	10759	23.76	38.79	8.41	4.99	11140	19.88	34.4	8.45	4.89	10314	30.99	45.16	8.48	4.99															2018-05-02 06:00:00
02.05.2018	06:06:00	RO_SE_001	3470	253654	180	0	12462	12.01	22.58	8.36	4.94	11015	20.70	35.39	8.48	4.97	12055	13.97	25.93	8.28	4.97	10759	23.76	38.79	8.45	4.99	11140	19.88	34.4	8.45	4.89	10314	30.99	45.16	8.46	4.99															2018-05-02 06:06:00
02.05.2018	06:12:00	RO_SE_001	3469	253655	174	0	12463	12.01	22.58	8.34	4.97	11015	20.70	35.39	8.45	4.97	12056	13.96	25.92	8.3	4.97	10759	23.76	38.79	8.45	4.99	11140	19.88	34.4	8.43	4.91	10314	30.99	45.16	8.5	4.99															2018-05-02 06:12:00
02.05.2018	06:18:00	RO_SE_001	3470	253656	171	0	12463	12.01	22.58	8.33	4.97	11015	20.70	35.39	8.48	4.97	12056	13.96	25.92	8.26	4.97	10759	23.76	38.79	8.45	4.99	11140	19.88	34.4	8.39	4.89	10314	30.99	45.16	8.48	4.99															2018-05-02 06:18:00
02.05.2018	06:24:00	RO_SE_001	3469	253657	171	0	12463	12.01	22.58	8.34	4.97	11015	20.70	35.39	8.47	4.94	12057	13.96	25.91	8.29	4.97	10759	23.76	38.79	8.43	4.99	11141	19.88	34.39	8.41	4.89	10314	30.99	45.16	8.46	4.99															2018-05-02 06:24:00
02.05.2018	06:30:00	RO_SE_001	3469	253658	171	0	12463	12.01	22.58	8.34	4.97	11015	20.70	35.39	8.47	4.97	12057	13.96	25.91	8.27	4.97	10759	23.76	38.79	8.42	4.99	11141	19.88	34.39	8.41	4.89	10314	30.99	45.16	8.47	4.99															2018-05-02 06:30:00
02.05.2018	06:36:00	RO_SE_001	3469	253659	171	0	12463	12.01	22.58	8.35	4.97	11015	20.70	35.39	8.45	4.97	12056	13.96	25.92	8.27	4.97	10759	23.76	38.79	8.45	4.99	11141	19.88	34.39	8.38	4.89	10314	30.99	45.16	8.48	4.99															2018-05-02 06:36:00
02.05.2018	06:42:00	RO_SE_001	3469	253660	177	0	12463	12.01	22.58	8.3	4.97	11015	20.70	35.39	8.48	4.97	12057	13.96	25.91	8.24	4.97	10759	23.76	38.79	8.43	4.99	11142	19.87	34.37	8.43	4.91	10314	30.99	45.16	8.47	4.99															2018-05-02 06:42:00
02.05.2018	06:48:00	RO_SE_001	3470	253661	174	0	12463	12.01	22.58	8.3	4.97	11015	20.70	35.39	8.46	4.94	12057	13.96	25.91	8.25	4.97	10759	23.76	38.79	8.45	4.99	11142	19.87	34.37	8.41	4.89	10314	30.99	45.16	8.46	4.99															2018-05-02 06:48:00
02.05.2018	06:54:00	RO_SE_001	3469	253662	174	0	12463	12.01	22.58	8.27	4.97	11015	20.70	35.39	8.47	4.97	12058	13.95	25.91	8.24	4.97	10759	23.76	38.79	8.41	4.99	11142	19.87	34.37	8.39	4.89	10314	30.99	45.16	8.45	4.99															2018-05-02 06:54:00
02.05.2018	07:00:00	RO_SE_001	3469	253663	174	0	12463	12.01	22.58	8.3	4.97	11015	20.70	35.39	8.45	4.94	12058	13.95	25.91	8.23	4.97	10759	23.76	38.79	8.41	4.99	11143	19.86	34.36	8.37	4.89	10314	30.99	45.16	8.45	4.99															2018-05-02 07:00:00
02.05.2018	07:06:00	RO_SE_001	3469	253664	174	0	12463	12.01	22.58	8.28	4.97	11015	20.70	35.39	8.45	4.94	12059	13.95	25.9	8.22	4.97	10759	23.76	38.79	8.43	4.99	11143	19.86	34.36	8.34	4.91	10314	30.99	45.16	8.46	4.99															2018-05-02 07:06:00
02.05.2018	07:12:00	RO_SE_001	3469	253665	174	0	12463	12.01	22.58	8.29	4.97	11015	20.70	35.39	8.45	4.97	12059	13.95	25.9	8.22	4.97	10759	23.76	38.79	8.42	4.99	11143	19.86	34.36	8.36	4.89	10314	30.99	45.16	8.45	4.99															2018-05-02 07:12:00
02.05.2018	07:18:00	RO_SE_001	3469	253666	174	0	12463	12.01	22.58	8.26	4.97	11015	20.70	35.39	8.44	4.97	12059	13.95	25.9	8.2	4.97	10759	23.76	38.79	8.41	4.99	11143	19.86	34.36	8.36	4.91	10314	30.99	45.16	8.46	4.99															2018-05-02 07:18:00
02.05.2018	07:24:00	RO_SE_001	3469	253667	174	0	12464	12.00	22.57	8.26	4.97	11015	20.70	35.39	8.45	4.97	12060	13.94	25.89	8.25	4.97	10759	23.76	38.79	8.41	4.99	11144	19.85	34.35	8.35	4.89	10314	30.99	45.16	8.47	4.99															2018-05-02 07:24:00
02.05.2018	07:30:00	RO_SE_001	3467	253668	174	0	12464	12.00	22.57	8.26	4.94	11015	20.70	35.39	8.44	4.97	12060	13.94	25.89	8.17	4.97	10759	23.76	38.79	8.42	4.99	11144	19.85	34.35	8.34	4.89	10314	30.99	45.16	8.46	4.99															2018-05-02 07:30:00
02.05.2018	07:36:00	RO_SE_001	3469	253669	177	0	12464	12.00	22.57	8.22	4.97	11015	20.70	35.39	8.45	4.97	12060	13.94	25.89	8.19	4.97	10759	23.76	38.79	8.44	4.99	11144	19.85	34.35	8.29	4.89	10314	30.99	45.16	8.45	4.99															2018-05-02 07:36:00
02.05.2018	07:42:00	RO_SE_001	3469	253670	174	0	12464	12.00	22.57	8.23	4.97	11015	20.70	35.39	8.43	4.97	12061	13.94	25.88	8.18	4.97	10759	23.76	38.79	8.39	4.99	11145	19.84	34.34	8.33	4.91	10314	30.99	45.16	8.46	4.99															2018-05-02 07:42:00
02.05.2018	07:48:00	RO_SE_001	3468	253671	174	0	12464	12.00	22.57	8.22	4.97	11015	20.70	35.39	8.41	4.97	12061	13.94	25.88	8.16	4.97	10759	23.76	38.79	8.4	4.99	11145	19.84	34.34	8.33	4.89	10314	30.99	45.16	8.45	4.99															2018-05-02 07:48:00
02.05.2018	07:54:00	RO_SE_001	3469	253672	177	0	12465	12.00	22.56	8.25	4.97	11015	20.70	35.39	8.41	4.97	12061	13.94	25.88	8.16	4.97	10759	23.76	38.79	8.4	4.99	11145	19.84	34.34	8.3	4.89	10314	30.99	45.16	8.44	4.99															2018-05-02 07:54:00
02.05.2018	08:00:00	RO_SE_001	3468	253673	177	0	12465	12.00	22.56	8.22	4.97	11015	20.70	35.39	8.43	4.97	12062	13.93	25.87	8.16	4.97	10759	23.76	38.79	8.38	4.99	11145	19.84	34.34	8.3	4.91	10314	30.99	45.16	8.41	4.99															2018-05-02 08:00:00
02.05.2018	08:06:00	RO_SE_001	3467	253674	177	0	12465	12.00	22.56	8.24	4.97	11015	20.70	35.39	8.45	4.97	12062	13.93	25.87	8.15	4.97	10759	23.76	38.79	8.41	4.99	11145	19.84	34.34	8.28	4.91	10314	30.99	45.16	8.45	4.99															2018-05-02 08:06:00
02.05.2018	08:12:00	RO_SE_001	3468	253675	177	0	12465	12.00	22.56	8.24	4.97	11015	20.70	35.39	8.43	4.97	12063	13.93	25.86	8.16	4.97	10759	23.76	38.79	8.4	4.99	11146	19.83	34.33	8.3	4.89	10314	30.99	45.16	8.46	4.99															2018-05-02 08:12:00
02.05.2018	08:18:00	RO_SE_001	3467	253676	177	0	12465	12.00	22.56	8.21	4.97	11015	20.70	35.39	8.4	4.97	12063	13.93	25.86	8.14	4.97	10760	23.74	38.78	8.4	4.99	11146	19.83	34.33	8.29	4.89	10314	30.99	45.16	8.41	4.99															2018-05-02 08:18:00
02.05.2018	08:24:00	RO_SE_001	3467	253677	177	0	12466	11.99	22.55	8.23	4.97	11015	20.70	35.39	8.43	4.97	12063	13.93	25.86	8.16	4.97	10760	23.74	38.78	8.43	4.99	11146	19.83	34.33	8.27	4.89	10314	30.99	45.16	8.39	4.99															2018-05-02 08:24:00
02.05.2018	08:30:00	RO_SE_001	3467	253678	177	0	12466	11.99	22.55	8.21	4.97	11015	20.70	35.39	8.43	4.97	12064	13.92	25.86	8.14	4.97	10760	23.74	38.78	8.39	4.99	11147	19.82	34.32	8.3	4.89	10314	30.99	45.16	8.45	4.99															2018-05-02 08:30:00
02.05.2018	08:36:00	RO_SE_001	3467	253679	180	0	12466	11.99	22.55	8.21	4.97	11015	20.70	35.39	8.46	4.97	12064	13.92	25.86	8.09	4.97	10760	23.74	38.78	8.4	4.99	11147	19.82	34.32	8.29	4.89	10315	30.97	45.15	8.42	4.99															2018-05-02 08:36:00
02.05.2018	08:42:00	RO_SE_001	3468	253680	180	0	12466	11.99	22.55	8.21	4.97	11015	20.70	35.39	8.42	4.97	12064	13.92	25.86	8.15	4.97	10760	23.74	38.78	8.38	4.99	11146	19.83	34.33	8.25	4.89	10315	30.97	45.15	8.42	4.99															2018-05-02 08:42:00
02.05.2018	08:48:00	RO_SE_001	3468	253681	180	0	12467	11.99	22.55	8.2	4.97	11015	20.70	35.39	8.42	4.97	12064	13.92	25.86	8.13	4.97	10760	23.74	38.78	8.39	4.99	11146	19.83	34.33	8.29	4.89	10315	30.97	45.15	8.42	4.99															2018-05-02 08:48:00
02.05.2018	08:54:00	RO_SE_001	3467	253682	180	0	12467	11.99	22.55	8.18	4.97	11015	20.70	35.39	8.43	4.97	12064	13.92	25.86	8.12	4.97	10760	23.74	38.78	8.4	4.99	11147	19.82	34.32	8.27	4.89	10315	30.97	45.15	8.41	4.99															2018-05-02 08:54:00
02.05.2018	09:00:00	RO_SE_001	3467	253683	177	0	12467	11.99	22.55	8.2	4.97	11015	20.70	35.39	8.4	4.97	12064	13.92	25.86	8.09	4.97	10760	23.74	38.78	8.38	4.99	11147	19.82	34.32	8.24	4.89	10315	30.97	45.15	8.4	4.99															2018-05-02 09:00:00
02.05.2018	09:06:00	RO_SE_001	3468	253684	177	0	12467	11.99	22.55	8.19	4.97	11015	20.70	35.39	8.39	4.97	12065	13.92	25.85	8.13	4.97	10760	23.74	38.78	8.41	4.99	11147	19.82	34.32	8.27	4.89	10315	30.97	45.15	8.41	4.99															2018-05-02 09:06:00
02.05.2018	09:12:00	RO_SE_001	3468	253685	180	0	12467	11.99	22.55	8.22	4.97	11015	20.70	35.39	8.42	4.97	12065	13.92	25.85	8.13	4.97	10760	23.74	38.78	8.38	4.99	11147	19.82	34.32	8.25	4.89	10315	30.97	45.15	8.43	4.99															2018-05-02 09:12:00
02.05.2018	09:18:00	RO_SE_001	3467	253686	180	0	12467	11.99	22.55	8.18	4.97	11015	20.70	35.39	8.38	4.97	12065	13.92	25.85	8.09	4.97	10761	23.73	38.77	8.38	4.99	11148	19.81	34.31	8.25	4.91	10315	30.97	45.15	8.38	4.99															2018-05-02 09:18:00
02.05.2018	09:24:00	RO_SE_001	3467	253687	180	0	12468	11.99	22.54	8.17	4.94	11015	20.70	35.39	8.42	4.97	12066	13.91	25.84	8.12	4.97	10761	23.73	38.77	8.36	4.99	11148	19.81	34.31	8.23	4.89	10315	30.97	45.15	8.41	4.99															2018-05-02 09:24:00
02.05.2018	09:30:00	RO_SE_001	3467	253688	180	0	12468	11.99	22.54	8.2	4.97	11015	20.70	35.39	8.39	4.97	12066	13.91	25.84	8.11	4.97	10761	23.73	38.77	8.34	4.99	11148	19.81	34.31	8.25	4.89	10315	30.97	45.15	8.41	4.99															2018-05-02 09:30:00
02.05.2018	09:36:00	RO_SE_001	3468	253689	177	0	12468	11.99	22.54	8.2	4.97	11015	20.70	35.39	8.42	4.97	12067	13.91	25.83	8.13	4.97	10761	23.73	38.77	8.38	4.99	11149	19.81	34.3	8.27	4.89	10315	30.97	45.15	8.41	4.99															2018-05-02 09:36:00
02.05.2018	09:42:00	RO_SE_001	3467	253690	180	0	12468	11.99	22.54	8.15	4.97	11015	20.70	35.39	8.39	4.97	12067	13.91	25.83	8.11	4.97	10761	23.73	38.77	8.34	4.99	11149	19.81	34.3	8.21	4.91	10315	30.97	45.15	8.4	4.99															2018-05-02 09:42:00
02.05.2018	09:48:00	RO_SE_001	3468	253691	177	0	12469	11.98	22.53	8.16	4.97	11015	20.70	35.39	8.39	4.97	12067	13.91	25.83	8.13	4.97	10761	23.73	38.77	8.35	4.99	11149	19.81	34.3	8.25	4.89	10315	30.97	45.15	8.37	4.99															2018-05-02 09:48:00
02.05.2018	09:54:00	RO_SE_001	3467	253692	180	0	12469	11.98	22.53	8.18	4.97	11015	20.70	35.39	8.38	4.97	12067	13.91	25.83	8.09	4.97	10761	23.73	38.77	8.39	4.99	11149	19.81	34.3	8.22	4.89	10315	30.97	45.15	8.39	4.99															2018-05-02 09:54:00
02.05.2018	10:00:00	RO_SE_001	3468	253693	180	0	12469	11.98	22.53	8.18	4.97	11015	20.70	35.39	8.38	4.97	12068	13.90	25.82	8.1	4.97	10761	23.73	38.77	8.36	4.99	11149	19.81	34.3	8.27	4.91	10315	30.97	45.15	8.38	4.99															2018-05-02 10:00:00
02.05.2018	10:06:00	RO_SE_001	3468	253694	180	0	12470	11.98	22.52	8.2	4.97	11016	20.69	35.38	8.38	4.97	12068	13.90	25.82	8.11	4.97	10761	23.73	38.77	8.38	4.99	11150	19.80	34.29	8.21	4.89	10315	30.97	45.15	8.38	4.99															2018-05-02 10:06:00
02.05.2018	10:12:00	RO_SE_001	3467	253695	174	0	12470	11.98	22.52	8.2	4.97	11016	20.69	35.38	8.4	4.97	12069	13.90	25.81	8.09	4.97	10761	23.73	38.77	8.37	4.99	11150	19.80	34.29	8.23	4.89	10315	30.97	45.15	8.38	4.99															2018-05-02 10:12:00
02.05.2018	10:18:00	RO_SE_001	3467	253696	177	0	12470	11.98	22.52	8.18	4.97	11016	20.69	35.38	8.39	4.97	12070	13.89	25.81	8.09	4.97	10762	23.72	38.76	8.36	4.99	11150	19.80	34.29	8.26	4.89	10315	30.97	45.15	8.36	4.99															2018-05-02 10:18:00
02.05.2018	10:24:00	RO_SE_001	3467	253697	174	0	12469	11.98	22.53	8.17	4.94	11016	20.69	35.38	8.41	4.97	12070	13.89	25.81	8.09	4.97	10762	23.72	38.76	8.34	4.99	11150	19.80	34.29	8.22	4.89	10315	30.97	45.15	8.38	4.99															2018-05-02 10:24:00
02.05.2018	10:30:00	RO_SE_001	3467	253698	177	0	12470	11.98	22.52	8.22	4.94	11015	20.70	35.39	8.36	4.97	12071	13.89	25.8	8.07	4.97	10762	23.72	38.76	8.37	4.99	11151	19.79	34.28	8.21	4.91	10316	30.95	45.14	8.4	4.99															2018-05-02 10:30:00
02.05.2018	10:36:00	RO_SE_001	3467	253699	180	0	12470	11.98	22.52	8.18	4.97	11017	20.68	35.37	8.34	4.94	12071	13.89	25.8	8.13	4.97	10762	23.72	38.76	8.34	4.99	11151	19.79	34.28	8.22	4.91	10316	30.95	45.14	8.36	4.99															2018-05-02 10:36:00
02.05.2018	10:42:00	RO_SE_001	3467	253700	180	0	12470	11.98	22.52	8.18	4.97	11016	20.69	35.38	8.38	4.94	12070	13.89	25.81	8.09	4.97	10762	23.72	38.76	8.38	4.99	11151	19.79	34.28	8.19	4.91	10316	30.95	45.14	8.39	4.99															2018-05-02 10:42:00
02.05.2018	10:48:00	RO_SE_001	3467	253701	183	0	12470	11.98	22.52	8.2	4.97	11016	20.69	35.38	8.36	4.97	12071	13.89	25.8	8.09	4.97	10762	23.72	38.76	8.34	4.99	11152	19.78	34.27	8.18	4.91	10316	30.95	45.14	8.37	4.99															2018-05-02 10:48:00
02.05.2018	10:54:00	RO_SE_001	3467	253702	183	0	12470	11.98	22.52	8.23	4.97	11017	20.68	35.37	8.36	4.97	12071	13.89	25.8	8.11	4.97	10762	23.72	38.76	8.34	4.99	11152	19.78	34.27	8.23	4.89	10316	30.95	45.14	8.34	4.99															2018-05-02 10:54:00
02.05.2018	11:00:00	RO_SE_001	3466	253703	174	0	12471	11.97	22.52	8.16	4.97	11017	20.68	35.37	8.4	4.97	12072	13.88	25.79	8.11	4.97	10762	23.72	38.76	8.34	4.99	11152	19.78	34.27	8.23	4.89	10316	30.95	45.14	8.39	4.99															2018-05-02 11:00:00
02.05.2018	11:06:00	RO_SE_001	3467	253704	180	0	12471	11.97	22.52	8.2	4.97	11017	20.68	35.37	8.35	4.97	12072	13.88	25.79	8.12	4.97	10762	23.72	38.76	8.34	4.99	11153	19.77	34.26	8.21	4.89	10316	30.95	45.14	8.34	4.99															2018-05-02 11:06:00
02.05.2018	11:12:00	RO_SE_001	3467	253705	180	0	12471	11.97	22.52	8.2	4.97	11017	20.68	35.37	8.37	4.97	12073	13.88	25.78	8.09	4.97	10762	23.72	38.76	8.36	4.99	11153	19.77	34.26	8.2	4.91	10316	30.95	45.14	8.35	4.99															2018-05-02 11:12:00
02.05.2018	11:18:00	RO_SE_001	3467	253706	180	0	12471	11.97	22.52	8.2	4.97	11018	20.67	35.35	8.35	4.97	12073	13.88	25.78	8.11	4.97	10762	23.72	38.76	8.3	4.99	11153	19.77	34.26	8.22	4.89	10316	30.95	45.14	8.35	4.99															2018-05-02 11:18:00
02.05.2018	11:24:00	RO_SE_001	3467	253707	180	0	12472	11.97	22.51	8.21	4.97	11018	20.67	35.35	8.35	4.97	12073	13.88	25.78	8.09	4.97	10763	23.71	38.75	8.32	4.99	11153	19.77	34.26	8.21	4.89	10316	30.95	45.14	8.36	4.99															2018-05-02 11:24:00
02.05.2018	11:30:00	RO_SE_001	3468	253708	180	0	12472	11.97	22.51	8.21	4.97	11019	20.66	35.34	8.34	4.97	12074	13.87	25.77	8.1	4.97	10763	23.71	38.75	8.33	4.99	11154	19.76	34.25	8.2	4.89	10316	30.95	45.14	8.34	4.99															2018-05-02 11:30:00
02.05.2018	11:36:00	RO_SE_001	3467	253709	177	0	12472	11.97	22.51	8.21	4.97	11019	20.66	35.34	8.33	4.97	12074	13.87	25.77	8.13	4.97	10763	23.71	38.75	8.34	4.99	11153	19.77	34.26	8.22	4.89	10316	30.95	45.14	8.32	4.99															2018-05-02 11:36:00
02.05.2018	11:42:00	RO_SE_001	3467	253710	180	0	12473	11.97	22.5	8.21	4.97	11019	20.66	35.34	8.35	4.97	12075	13.87	25.76	8.14	4.97	10763	23.71	38.75	8.3	4.99	11153	19.77	34.26	8.2	4.89	10316	30.95	45.14	8.32	4.99															2018-05-02 11:42:00
02.05.2018	11:48:00	RO_SE_001	3466	253711	177	0	12473	11.97	22.5	8.24	4.97	11020	20.65	35.33	8.32	4.97	12075	13.87	25.76	8.09	4.97	10763	23.71	38.75	8.32	4.99	11153	19.77	34.26	8.23	4.89	10316	30.95	45.14	8.34	4.99															2018-05-02 11:48:00
02.05.2018	11:54:00	RO_SE_001	3468	253712	180	0	12473	11.97	22.5	8.2	4.94	11020	20.65	35.33	8.36	4.97	12076	13.86	25.76	8.13	4.97	10763	23.71	38.75	8.33	4.99	11154	19.76	34.25	8.23	4.89	10316	30.95	45.14	8.33	4.99															2018-05-02 11:54:00
02.05.2018	12:00:00	RO_SE_001	3467	253713	180	0	12474	11.96	22.49	8.26	4.97	11021	20.64	35.32	8.33	4.94	12073	13.88	25.78	8.15	4.97	10763	23.71	38.75	8.34	4.99	11154	19.76	34.25	8.2	4.89	10316	30.95	45.14	8.32	4.99															2018-05-02 12:00:00
02.05.2018	12:06:00	RO_SE_001	3468	253714	180	0	12474	11.96	22.49	8.26	4.97	11021	20.64	35.32	8.34	4.97	12073	13.88	25.78	8.11	4.97	10763	23.71	38.75	8.3	4.99	11154	19.76	34.25	8.21	4.89	10317	30.93	45.12	8.31	4.99															2018-05-02 12:06:00
02.05.2018	12:12:00	RO_SE_001	3468	253715	180	0	12474	11.96	22.49	8.23	4.97	11022	20.63	35.31	8.3	4.97	12076	13.86	25.76	8.13	4.97	10764	23.70	38.73	8.3	4.99	11155	19.75	34.24	8.21	4.89	10317	30.93	45.12	8.33	4.99															2018-05-02 12:12:00
02.05.2018	12:18:00	RO_SE_001	3468	253716	180	0	12475	11.96	22.49	8.27	4.97	11022	20.63	35.31	8.34	4.97	12077	13.86	25.75	8.12	4.97	10764	23.70	38.73	8.31	4.99	11155	19.75	34.24	8.2	4.89	10317	30.93	45.12	8.32	4.99															2018-05-02 12:18:00
02.05.2018	12:24:00	RO_SE_001	3468	253717	180	0	12475	11.96	22.49	8.25	4.97	11023	20.62	35.3	8.34	4.97	12078	13.85	25.74	8.15	4.97	10764	23.70	38.73	8.3	4.99	11156	19.75	34.22	8.2	4.89	10317	30.93	45.12	8.37	4.99															2018-05-02 12:24:00
02.05.2018	12:36:00	RO_SE_001	3468	253719	177	0	12476	11.95	22.48	8.3	4.97	11023	20.62	35.3	8.32	4.97	12078	13.85	25.74	8.19	4.97	10764	23.70	38.73	8.29	4.99	11156	19.75	34.22	8.23	4.89	10317	30.93	45.12	8.3	4.99															2018-05-02 12:36:00
02.05.2018	12:42:00	RO_SE_001	3467	253720	180	0	12476	11.95	22.48	8.29	4.97	11023	20.62	35.3	8.33	4.97	12079	13.85	25.73	8.14	4.97	10765	23.69	38.72	8.28	4.99	11157	19.74	34.21	8.23	4.89	10317	30.93	45.12	8.31	4.99															2018-05-02 12:42:00
02.05.2018	12:48:00	RO_SE_001	3468	253721	180	0	12476	11.95	22.48	8.32	4.97	11024	20.61	35.29	8.3	4.97	12079	13.85	25.73	8.16	4.97	10765	23.69	38.72	8.28	4.99	11157	19.74	34.21	8.21	4.89	10317	30.93	45.12	8.32	4.99															2018-05-02 12:48:00
02.05.2018	12:54:00	RO_SE_001	3467	253722	180	0	12477	11.95	22.47	8.27	4.94	11024	20.61	35.29	8.31	4.94	12080	13.84	25.72	8.13	4.97	10765	23.69	38.72	8.28	4.99	11157	19.74	34.21	8.23	4.89	10317	30.93	45.12	8.31	4.99															2018-05-02 12:54:00
02.05.2018	13:00:00	RO_SE_001	3468	253723	180	0	12477	11.95	22.47	8.28	4.94	11025	20.61	35.28	8.31	4.97	12080	13.84	25.72	8.17	4.97	10766	23.68	38.71	8.27	4.99	11158	19.73	34.2	8.25	4.89	10317	30.93	45.12	8.31	4.99															2018-05-02 13:00:00
02.05.2018	13:06:00	RO_SE_001	3468	253724	180	0	12476	11.95	22.48	8.27	4.97	11025	20.61	35.28	8.32	4.97	12081	13.84	25.72	8.16	4.97	10765	23.69	38.72	8.31	4.99	11158	19.73	34.2	8.21	4.91	10317	30.93	45.12	8.29	4.99															2018-05-02 13:06:00
02.05.2018	13:12:00	RO_SE_001	3468	253725	180	0	12477	11.95	22.47	8.33	4.94	11026	20.60	35.27	8.28	4.94	12082	13.83	25.71	8.19	4.97	10765	23.69	38.72	8.27	4.99	11158	19.73	34.2	8.24	4.89	10317	30.93	45.12	8.31	4.99															2018-05-02 13:12:00
02.05.2018	13:18:00	RO_SE_001	3468	253726	177	0	12477	11.95	22.47	8.32	4.97	11026	20.60	35.27	8.3	4.97	12082	13.83	25.71	8.18	4.97	10766	23.68	38.71	8.28	4.99	11159	19.72	34.19	8.24	4.89	10318	30.91	45.11	8.3	4.99															2018-05-02 13:18:00
02.05.2018	13:24:00	RO_SE_001	3467	253727	174	0	12477	11.95	22.47	8.3	4.97	11027	20.59	35.26	8.25	4.97	12083	13.83	25.7	8.19	4.97	10766	23.68	38.71	8.27	4.99	11159	19.72	34.19	8.25	4.89	10318	30.91	45.11	8.29	4.99															2018-05-02 13:24:00
02.05.2018	13:30:00	RO_SE_001	3468	253728	180	0	12478	11.94	22.46	8.34	4.97	11027	20.59	35.26	8.3	4.97	12083	13.83	25.7	8.2	4.94	10766	23.68	38.71	8.28	4.99	11159	19.72	34.19	8.27	4.91	10318	30.91	45.11	8.32	4.99															2018-05-02 13:30:00
02.05.2018	13:36:00	RO_SE_001	3467	253729	180	0	12478	11.94	22.46	8.3	4.97	11028	20.58	35.24	8.3	4.97	12084	13.82	25.69	8.2	4.97	10767	23.66	38.7	8.27	4.99	11159	19.72	34.19	8.23	4.89	10318	30.91	45.11	8.29	4.99															2018-05-02 13:36:00
02.05.2018	13:42:00	RO_SE_001	3468	253730	183	0	12479	11.94	22.46	8.34	4.97	11028	20.58	35.24	8.27	4.97	12084	13.82	25.69	8.2	4.97	10767	23.66	38.7	8.27	4.99	11160	19.71	34.18	8.23	4.89	10318	30.91	45.11	8.3	4.99															2018-05-02 13:42:00
02.05.2018	13:48:00	RO_SE_001	3468	253731	171	0	12479	11.94	22.46	8.34	4.97	11029	20.57	35.23	8.28	4.94	12085	13.82	25.68	8.19	4.97	10767	23.66	38.7	8.3	4.99	11160	19.71	34.18	8.25	4.89	10318	30.91	45.11	8.29	4.99															2018-05-02 13:48:00
02.05.2018	13:54:00	RO_SE_001	3468	253732	180	0	12480	11.94	22.45	8.34	4.97	11029	20.57	35.23	8.29	4.97	12085	13.82	25.68	8.22	4.97	10768	23.65	38.69	8.24	4.99	11160	19.71	34.18	8.25	4.89	10318	30.91	45.11	8.3	4.99															2018-05-02 13:54:00
02.05.2018	14:00:00	RO_SE_001	3468	253733	183	0	12480	11.94	22.45	8.35	4.94	11030	20.56	35.22	8.33	4.97	12085	13.82	25.68	8.23	4.97	10768	23.65	38.69	8.22	4.99	11160	19.71	34.18	8.23	4.89	10318	30.91	45.11	8.28	4.99															2018-05-02 14:00:00
02.05.2018	14:06:00	RO_SE_001	3468	253734	183	0	12480	11.94	22.45	8.35	4.97	11030	20.56	35.22	8.3	4.97	12086	13.81	25.67	8.23	4.97	10768	23.65	38.69	8.29	4.99	11160	19.71	34.18	8.27	4.89	10318	30.91	45.11	8.29	4.99															2018-05-02 14:06:00
02.05.2018	14:12:00	RO_SE_001	3468	253735	183	0	12481	11.93	22.44	8.38	4.94	11030	20.56	35.22	8.28	4.97	12086	13.81	25.67	8.21	4.97	10768	23.65	38.69	8.28	4.99	11160	19.71	34.18	8.27	4.89	10318	30.91	45.11	8.3	4.99															2018-05-02 14:12:00
02.05.2018	14:18:00	RO_SE_001	3468	253736	183	0	12481	11.93	22.44	8.38	4.97	11030	20.56	35.22	8.29	4.97	12087	13.81	25.67	8.27	4.97	10769	23.64	38.68	8.26	4.99	11161	19.70	34.17	8.3	4.89	10318	30.91	45.11	8.29	4.99															2018-05-02 14:18:00
02.05.2018	14:24:00	RO_SE_001	3468	253737	183	0	12481	11.93	22.44	8.39	4.97	11031	20.55	35.21	8.27	4.97	12088	13.80	25.66	8.24	4.97	10769	23.64	38.68	8.27	4.99	11161	19.70	34.17	8.26	4.91	10318	30.91	45.11	8.27	4.99															2018-05-02 14:24:00
02.05.2018	14:30:00	RO_SE_001	3467	253738	180	0	12482	11.93	22.43	8.41	4.97	11031	20.55	35.21	8.3	4.97	12088	13.80	25.66	8.27	4.97	10769	23.64	38.68	8.27	4.99	11161	19.70	34.17	8.26	4.89	10318	30.91	45.11	8.31	4.99															2018-05-02 14:30:00
02.05.2018	14:36:00	RO_SE_001	3468	253739	180	0	12482	11.93	22.43	8.38	4.97	11032	20.54	35.2	8.26	4.97	12089	13.80	25.65	8.26	4.97	10769	23.64	38.68	8.25	4.99	11162	19.69	34.16	8.27	4.89	10318	30.91	45.11	8.27	4.99															2018-05-02 14:36:00
02.05.2018	14:42:00	RO_SE_001	3468	253740	180	0	12483	11.92	22.43	8.41	4.97	11033	20.53	35.19	8.27	4.97	12089	13.80	25.65	8.28	4.97	10769	23.64	38.68	8.25	4.99	11162	19.69	34.16	8.26	4.89	10318	30.91	45.11	8.26	4.99															2018-05-02 14:42:00
02.05.2018	14:48:00	RO_SE_001	3468	253741	183	0	12483	11.92	22.43	8.43	4.94	11033	20.53	35.19	8.28	4.97	12090	13.79	25.64	8.3	4.97	10770	23.63	38.66	8.25	4.99	11162	19.69	34.16	8.27	4.89	10318	30.91	45.11	8.28	4.99															2018-05-02 14:48:00
02.05.2018	14:54:00	RO_SE_001	3469	253742	183	0	12483	11.92	22.43	8.42	4.97	11034	20.52	35.18	8.26	4.97	12091	13.79	25.63	8.3	4.97	10770	23.63	38.66	8.26	4.99	11163	19.69	34.15	8.28	4.89	10318	30.91	45.11	8.24	4.99															2018-05-02 14:54:00
02.05.2018	15:00:00	RO_SE_001	3469	253743	180	0	12484	11.92	22.42	8.43	4.97	11035	20.51	35.17	8.28	4.97	12092	13.78	25.62	8.28	4.97	10770	23.63	38.66	8.25	4.99	11163	19.69	34.15	8.3	4.91	10318	30.91	45.11	8.27	4.99															2018-05-02 15:00:00
02.05.2018	15:06:00	RO_SE_001	3469	253744	183	0	12483	11.92	22.43	8.43	4.97	11035	20.51	35.17	8.27	4.94	12092	13.78	25.62	8.3	4.97	10770	23.63	38.66	8.23	4.99	11163	19.69	34.15	8.31	4.89	10318	30.91	45.11	8.24	4.99															2018-05-02 15:06:00
02.05.2018	15:12:00	RO_SE_001	3469	253745	183	0	12484	11.92	22.42	8.44	4.94	11036	20.51	35.16	8.26	4.97	12092	13.78	25.62	8.3	4.97	10770	23.63	38.66	8.28	4.99	11163	19.69	34.15	8.3	4.89	10318	30.91	45.11	8.28	4.99															2018-05-02 15:12:00
02.05.2018	15:18:00	RO_SE_001	3468	253746	177	0	12484	11.92	22.42	8.45	4.97	11036	20.51	35.16	8.27	4.97	12093	13.78	25.62	8.29	4.97	10771	23.62	38.65	8.24	4.99	11164	19.68	34.14	8.32	4.89	10318	30.91	45.11	8.24	4.99															2018-05-02 15:18:00
02.05.2018	15:24:00	RO_SE_001	3468	253747	177	0	12484	11.92	22.42	8.43	4.97	11037	20.50	35.15	8.26	4.97	12093	13.78	25.62	8.33	4.97	10771	23.62	38.65	8.24	4.99	11164	19.68	34.14	8.31	4.89	10319	30.89	45.09	8.27	4.99															2018-05-02 15:24:00
02.05.2018	15:30:00	RO_SE_001	3468	253748	180	0	12485	11.92	22.41	8.48	4.97	11036	20.51	35.16	8.24	4.97	12094	13.77	25.61	8.36	4.97	10771	23.62	38.65	8.26	4.99	11165	19.67	34.13	8.31	4.89	10318	30.91	45.11	8.27	4.99															2018-05-02 15:30:00
02.05.2018	15:36:00	RO_SE_001	3468	253749	180	0	12486	11.91	22.41	8.49	4.97	11037	20.50	35.15	8.26	4.97	12094	13.77	25.61	8.3	4.97	10771	23.62	38.65	8.23	4.99	11165	19.67	34.13	8.33	4.91	10319	30.89	45.09	8.27	4.99															2018-05-02 15:36:00
02.05.2018	15:42:00	RO_SE_001	3467	253750	180	0	12486	11.91	22.41	8.47	4.97	11037	20.50	35.15	8.29	4.97	12095	13.77	25.6	8.34	4.97	10771	23.62	38.65	8.24	4.99	11165	19.67	34.13	8.34	4.89	10319	30.89	45.09	8.25	4.99															2018-05-02 15:42:00
02.05.2018	15:48:00	RO_SE_001	3468	253751	180	0	12486	11.91	22.41	8.48	4.97	11038	20.49	35.14	8.23	4.97	12096	13.76	25.59	8.33	4.97	10771	23.62	38.65	8.22	4.99	11166	19.66	34.12	8.33	4.89	10319	30.89	45.09	8.23	5.02															2018-05-02 15:48:00
02.05.2018	15:54:00	RO_SE_001	3468	253752	183	0	12487	11.91	22.4	8.49	4.97	11039	20.48	35.12	8.24	4.97	12096	13.76	25.59	8.35	4.97	10772	23.61	38.64	8.23	4.99	11166	19.66	34.12	8.34	4.89	10319	30.89	45.09	8.24	4.99															2018-05-02 15:54:00
02.05.2018	16:00:00	RO_SE_001	3467	253753	180	0	12487	11.91	22.4	8.48	4.97	11039	20.48	35.12	8.26	4.97	12096	13.76	25.59	8.35	4.97	10772	23.61	38.64	8.21	4.99	11167	19.65	34.11	8.34	4.89	10319	30.89	45.09	8.27	4.99															2018-05-02 16:00:00
02.05.2018	16:06:00	RO_SE_001	3468	253754	186	0	12488	11.90	22.39	8.5	4.94	11039	20.48	35.12	8.26	4.97	12098	13.75	25.57	8.34	4.97	10772	23.61	38.64	8.22	4.99	11167	19.65	34.11	8.35	4.89	10319	30.89	45.09	8.23	4.99															2018-05-02 16:06:00
02.05.2018	16:12:00	RO_SE_001	3317	253755	186	0	12488	11.90	22.39	8.48	4.94	11040	20.47	35.11	8.27	4.97	12098	13.75	25.57	8.35	4.97	10772	23.61	38.64	8.21	4.97	11167	19.65	34.11	8.37	4.89	10319	30.89	45.09	8.26	4.99															2018-05-02 16:12:00
02.05.2018	16:18:00	RO_SE_001	3470	253756	186	0	12489	11.90	22.38	8.52	4.97	11041	20.46	35.1	8.22	4.97	12099	13.75	25.57	8.35	4.97	10772	23.61	38.64	8.23	4.99	11167	19.65	34.11	8.35	4.89	10319	30.89	45.09	8.23	4.99															2018-05-02 16:18:00
02.05.2018	16:24:00	RO_SE_001	3470	253757	186	0	12489	11.90	22.38	8.53	4.97	11041	20.46	35.1	8.27	4.97	12098	13.75	25.57	8.38	4.97	10772	23.61	38.64	8.24	4.99	11167	19.65	34.11	8.37	4.89	10319	30.89	45.09	8.22	4.99															2018-05-02 16:24:00
02.05.2018	16:30:00	RO_SE_001	3470	253758	183	0	12489	11.90	22.38	8.52	4.97	11041	20.46	35.1	8.27	4.97	12099	13.75	25.57	8.4	4.97	10773	23.60	38.63	8.22	4.99	11168	19.64	34.1	8.35	4.89	10319	30.89	45.09	8.21	4.99															2018-05-02 16:30:00
02.05.2018	16:36:00	RO_SE_001	3470	253759	183	0	12490	11.90	22.38	8.51	4.97	11042	20.45	35.09	8.22	4.97	12100	13.74	25.56	8.4	4.97	10772	23.61	38.64	8.23	4.99	11168	19.64	34.1	8.36	4.89	10319	30.89	45.09	8.21	4.99															2018-05-02 16:36:00
02.05.2018	16:42:00	RO_SE_001	3470	253760	183	0	12490	11.90	22.38	8.53	4.97	11043	20.44	35.08	8.21	4.97	12101	13.74	25.55	8.39	4.97	10772	23.61	38.64	8.21	4.99	11168	19.64	34.1	8.38	4.89	10319	30.89	45.09	8.23	4.99															2018-05-02 16:42:00
02.05.2018	16:48:00	RO_SE_001	3470	253761	183	0	12491	11.89	22.37	8.54	4.97	11043	20.44	35.08	8.21	4.97	12101	13.74	25.55	8.42	4.97	10772	23.61	38.64	8.23	4.99	11168	19.64	34.1	8.38	4.91	10320	30.87	45.08	8.27	4.99															2018-05-02 16:48:00
02.05.2018	16:54:00	RO_SE_001	3470	253762	183	0	12490	11.90	22.38	8.57	4.97	11044	20.43	35.07	8.21	4.97	12101	13.74	25.55	8.41	4.97	10772	23.61	38.64	8.23	4.99	11169	19.64	34.09	8.39	4.89	10320	30.87	45.08	8.24	4.99															2018-05-02 16:54:00
02.05.2018	17:00:00	RO_SE_001	3468	253763	183	0	12491	11.89	22.37	8.55	4.94	11044	20.43	35.07	8.24	4.94	12102	13.73	25.54	8.38	4.97	10773	23.60	38.63	8.23	4.99	11169	19.64	34.09	8.37	4.91	10320	30.87	45.08	8.24	4.99															2018-05-02 17:00:00
02.05.2018	17:06:00	RO_SE_001	3470	253764	183	0	12491	11.89	22.37	8.6	4.94	11044	20.43	35.07	8.22	4.97	12103	13.73	25.53	8.41	4.97	10773	23.60	38.63	8.22	4.99	11169	19.64	34.09	8.38	4.89	10320	30.87	45.08	8.23	4.99															2018-05-02 17:06:00
02.05.2018	17:12:00	RO_SE_001	3470	253765	183	0	12492	11.89	22.36	8.51	4.97	11045	20.42	35.06	8.25	4.97	12104	13.72	25.53	8.44	4.97	10773	23.60	38.63	8.2	4.99	11169	19.64	34.09	8.44	4.89	10320	30.87	45.08	8.23	4.99															2018-05-02 17:12:00
02.05.2018	17:18:00	RO_SE_001	3468	253766	186	0	12492	11.89	22.36	8.57	4.97	11045	20.42	35.06	8.23	4.97	12105	13.72	25.52	8.45	4.97	10773	23.60	38.63	8.2	4.99	11170	19.63	34.07	8.4	4.89	10320	30.87	45.08	8.24	4.99															2018-05-02 17:18:00
02.05.2018	17:24:00	RO_SE_001	3469	253767	186	0	12492	11.89	22.36	8.55	4.97	11046	20.42	35.05	8.24	4.97	12105	13.72	25.52	8.4	4.97	10773	23.60	38.63	8.22	4.99	11170	19.63	34.07	8.39	4.89	10320	30.87	45.08	8.25	4.99															2018-05-02 17:24:00
02.05.2018	17:30:00	RO_SE_001	3469	253768	183	0	12493	11.88	22.35	8.6	4.97	11046	20.42	35.05	8.23	4.97	12106	13.71	25.51	8.42	4.97	10774	23.59	38.62	8.23	4.99	11171	19.62	34.06	8.39	4.91	10320	30.87	45.08	8.27	4.99															2018-05-02 17:30:00
02.05.2018	17:36:00	RO_SE_001	3469	253769	183	0	12493	11.88	22.35	8.59	4.97	11047	20.41	35.04	8.25	4.97	12106	13.71	25.51	8.48	4.97	10774	23.59	38.62	8.2	4.99	11171	19.62	34.06	8.41	4.89	10320	30.87	45.08	8.23	4.99															2018-05-02 17:36:00
02.05.2018	17:42:00	RO_SE_001	3469	253770	186	0	12494	11.88	22.35	8.59	4.97	11047	20.41	35.04	8.21	4.97	12106	13.71	25.51	8.46	4.97	10774	23.59	38.62	8.21	4.99	11172	19.61	34.05	8.42	4.91	10320	30.87	45.08	8.23	4.99															2018-05-02 17:42:00
02.05.2018	17:48:00	RO_SE_001	3319	253771	189	0	12494	11.88	22.35	8.61	4.97	11047	20.41	35.04	8.22	4.97	12107	13.71	25.5	8.47	4.97	10774	23.59	38.62	8.2	4.99	11172	19.61	34.05	8.44	4.89	10320	30.87	45.08	8.23	4.99															2018-05-02 17:48:00
02.05.2018	17:54:00	RO_SE_001	3472	253772	183	0	12494	11.88	22.35	8.58	4.97	11048	20.40	35.03	8.25	4.97	12108	13.70	25.49	8.47	4.97	10774	23.59	38.62	8.23	4.99	11172	19.61	34.05	8.41	4.89	10320	30.87	45.08	8.2	4.99															2018-05-02 17:54:00
02.05.2018	18:00:00	RO_SE_001	3471	253773	186	0	12495	11.87	22.34	8.59	4.97	11048	20.40	35.03	8.24	4.97	12108	13.70	25.49	8.44	4.97	10774	23.59	38.62	8.22	4.99	11172	19.61	34.05	8.47	4.91	10321	30.85	45.06	8.23	4.99															2018-05-02 18:00:00
02.05.2018	18:06:00	RO_SE_001	3471	253774	186	0	12495	11.87	22.34	8.63	4.94	11048	20.40	35.03	8.21	4.97	12109	13.70	25.48	8.47	4.97	10775	23.57	38.6	8.22	4.99	11173	19.60	34.04	8.44	4.89	10321	30.85	45.06	8.22	4.99															2018-05-02 18:06:00
02.05.2018	18:12:00	RO_SE_001	3471	253775	180	0	12496	11.87	22.33	8.62	4.97	11049	20.39	35.02	8.24	4.97	12109	13.70	25.48	8.48	4.97	10775	23.57	38.6	8.2	4.99	11173	19.60	34.04	8.45	4.89	10321	30.85	45.06	8.27	4.99															2018-05-02 18:12:00
02.05.2018	18:18:00	RO_SE_001	3471	253776	183	0	12496	11.87	22.33	8.6	4.97	11049	20.39	35.02	8.21	4.97	12110	13.69	25.48	8.45	4.97	10775	23.57	38.6	8.2	4.99	11173	19.60	34.04	8.46	4.89	10321	30.85	45.06	8.23	4.99															2018-05-02 18:18:00
02.05.2018	18:24:00	RO_SE_001	3470	253777	186	0	12496	11.87	22.33	8.63	4.97	11049	20.39	35.02	8.23	4.97	12111	13.69	25.47	8.47	4.97	10775	23.57	38.6	8.2	4.99	11174	19.59	34.03	8.43	4.89	10321	30.85	45.06	8.24	4.99															2018-05-02 18:24:00
02.05.2018	18:30:00	RO_SE_001	3471	253778	189	0	12497	11.87	22.32	8.63	4.97	11049	20.39	35.02	8.21	4.97	12111	13.69	25.47	8.48	4.97	10775	23.57	38.6	8.2	4.99	11174	19.59	34.03	8.45	4.89	10321	30.85	45.06	8.23	4.99															2018-05-02 18:30:00
02.05.2018	18:36:00	RO_SE_001	3471	253779	183	0	12497	11.87	22.32	8.63	4.94	11050	20.38	35.0	8.23	4.97	12112	13.68	25.46	8.52	4.97	10775	23.57	38.6	8.16	4.99	11174	19.59	34.03	8.45	4.89	10321	30.85	45.06	8.24	4.99															2018-05-02 18:36:00
02.05.2018	18:42:00	RO_SE_001	3471	253780	183	0	12497	11.87	22.32	8.65	4.97	11050	20.38	35.0	8.24	4.97	12112	13.68	25.46	8.52	4.97	10776	23.56	38.59	8.23	4.99	11174	19.59	34.03	8.47	4.89	10321	30.85	45.06	8.24	4.99															2018-05-02 18:42:00
02.05.2018	18:48:00	RO_SE_001	3471	253781	186	0	12498	11.86	22.32	8.66	4.97	11050	20.38	35.0	8.23	4.97	12113	13.68	25.45	8.52	4.97	10776	23.56	38.59	8.22	4.99	11174	19.59	34.03	8.47	4.89	10321	30.85	45.06	8.2	4.99															2018-05-02 18:48:00
02.05.2018	18:54:00	RO_SE_001	3471	253782	183	0	12498	11.86	22.32	8.63	4.97	11050	20.38	35.0	8.26	4.97	12112	13.68	25.46	8.52	4.97	10776	23.56	38.59	8.2	4.99	11174	19.59	34.03	8.45	4.89	10321	30.85	45.06	8.23	4.99															2018-05-02 18:54:00
02.05.2018	19:00:00	RO_SE_001	3470	253783	183	0	12498	11.86	22.32	8.66	4.97	11050	20.38	35.0	8.2	4.97	12113	13.68	25.45	8.52	4.97	10776	23.56	38.59	8.2	4.99	11174	19.59	34.03	8.48	4.89	10320	30.87	45.08	8.24	4.99															2018-05-02 19:00:00
02.05.2018	19:06:00	RO_SE_001	3470	253784	183	0	12498	11.86	22.32	8.66	4.97	11050	20.38	35.0	8.22	4.97	12113	13.68	25.45	8.52	4.97	10776	23.56	38.59	8.23	4.99	11175	19.58	34.02	8.51	4.89	10321	30.85	45.06	8.2	4.99															2018-05-02 19:06:00
02.05.2018	19:12:00	RO_SE_001	3470	253785	183	0	12498	11.86	22.32	8.66	4.97	11050	20.38	35.0	8.23	4.97	12114	13.67	25.44	8.52	4.97	10776	23.56	38.59	8.19	4.99	11175	19.58	34.02	8.48	4.91	10321	30.85	45.06	8.23	4.99															2018-05-02 19:12:00
02.05.2018	19:18:00	RO_SE_001	3470	253786	183	0	12498	11.86	22.32	8.66	4.94	11050	20.38	35.0	8.21	4.97	12114	13.67	25.44	8.5	4.97	10776	23.56	38.59	8.2	4.99	11175	19.58	34.02	8.48	4.89	10321	30.85	45.06	8.21	4.99															2018-05-02 19:18:00
02.05.2018	19:24:00	RO_SE_001	3470	253787	180	0	12498	11.86	22.32	8.68	4.97	11051	20.37	34.99	8.2	4.97	12115	13.67	25.44	8.57	4.97	10777	23.55	38.58	8.19	4.99	11176	19.58	34.01	8.49	4.89	10322	30.83	45.05	8.23	4.99															2018-05-02 19:24:00
02.05.2018	19:30:00	RO_SE_001	3470	253788	183	0	12497	11.87	22.32	8.66	4.97	11051	20.37	34.99	8.23	4.97	12115	13.67	25.44	8.55	4.97	10777	23.55	38.58	8.19	4.99	11176	19.58	34.01	8.49	4.89	10321	30.85	45.06	8.24	4.99															2018-05-02 19:30:00
02.05.2018	19:36:00	RO_SE_001	3470	253789	183	0	12493	11.88	22.35	8.67	4.97	11051	20.37	34.99	8.24	4.94	12115	13.67	25.44	8.55	4.97	10777	23.55	38.58	8.2	4.99	11176	19.58	34.01	8.5	4.91	10321	30.85	45.06	8.22	4.99															2018-05-02 19:36:00
02.05.2018	19:42:00	RO_SE_001	3470	253790	183	0	12491	11.89	22.37	8.68	4.97	11051	20.37	34.99	8.22	4.97	12116	13.66	25.43	8.55	4.97	10777	23.55	38.58	8.2	4.99	11176	19.58	34.01	8.52	4.91	10321	30.85	45.06	8.19	4.99															2018-05-02 19:42:00
02.05.2018	19:48:00	RO_SE_001	3469	253791	183	0	12491	11.89	22.37	8.69	4.97	11051	20.37	34.99	8.25	4.97	12116	13.66	25.43	8.54	4.97	10777	23.55	38.58	8.2	4.99	11177	19.57	34.0	8.52	4.91	10321	30.85	45.06	8.22	4.99															2018-05-02 19:48:00
02.05.2018	19:54:00	RO_SE_001	3470	253792	183	0	12491	11.89	22.37	8.66	4.97	11051	20.37	34.99	8.25	4.97	12117	13.66	25.42	8.57	4.97	10777	23.55	38.58	8.2	4.99	11177	19.57	34.0	8.48	4.89	10321	30.85	45.06	8.23	4.99															2018-05-02 19:54:00
02.05.2018	20:00:00	RO_SE_001	3469	253793	183	0	12492	11.89	22.36	8.68	4.97	11051	20.37	34.99	8.2	4.97	12118	13.65	25.41	8.54	4.97	10777	23.55	38.58	8.2	4.99	11177	19.57	34.0	8.48	4.89	10321	30.85	45.06	8.21	4.99															2018-05-02 20:00:00
02.05.2018	20:06:00	RO_SE_001	3469	253794	183	0	12491	11.89	22.37	8.7	4.97	11051	20.37	34.99	8.22	4.97	12118	13.65	25.41	8.56	4.97	10777	23.55	38.58	8.23	4.99	11178	19.56	33.99	8.49	4.91	10321	30.85	45.06	8.2	4.99															2018-05-02 20:06:00
02.05.2018	20:12:00	RO_SE_001	3469	253795	183	0	12493	11.88	22.35	8.68	4.97	11051	20.37	34.99	8.23	4.94	12118	13.65	25.41	8.56	4.97	10777	23.55	38.58	8.23	4.99	11178	19.56	33.99	8.5	4.89	10321	30.85	45.06	8.23	4.99															2018-05-02 20:12:00
02.05.2018	20:18:00	RO_SE_001	3469	253796	183	0	12491	11.89	22.37	8.69	4.97	11051	20.37	34.99	8.21	4.97	12119	13.65	25.4	8.57	4.97	10778	23.54	38.57	8.2	4.99	11178	19.56	33.99	8.51	4.89	10321	30.85	45.06	8.21	4.99															2018-05-02 20:18:00
02.05.2018	20:24:00	RO_SE_001	3468	253797	183	0	12485	11.92	22.41	8.69	4.97	11050	20.38	35.0	8.22	4.97	12119	13.65	25.4	8.57	4.97	10778	23.54	38.57	8.21	4.99	11178	19.56	33.99	8.48	4.91	10321	30.85	45.06	8.22	4.99															2018-05-02 20:24:00
02.05.2018	20:30:00	RO_SE_001	3468	253798	183	0	12472	11.97	22.51	8.7	4.97	11050	20.38	35.0	8.2	4.97	12119	13.65	25.4	8.59	4.97	10778	23.54	38.57	8.2	4.99	11179	19.55	33.98	8.51	4.89	10321	30.85	45.06	8.2	4.99															2018-05-02 20:30:00
02.05.2018	20:36:00	RO_SE_001	3467	253799	183	0	12468	11.99	22.54	8.68	4.97	11051	20.37	34.99	8.22	4.97	12120	13.64	25.39	8.56	4.97	10778	23.54	38.57	8.22	4.99	11179	19.55	33.98	8.5	4.91	10321	30.85	45.06	8.22	4.99															2018-05-02 20:36:00
02.05.2018	20:42:00	RO_SE_001	3468	253800	180	0	12471	11.97	22.52	8.68	4.97	11050	20.38	35.0	8.22	4.97	12119	13.65	25.4	8.55	4.97	10778	23.54	38.57	8.19	4.99	11179	19.55	33.98	8.49	4.91	10322	30.83	45.05	8.23	4.99															2018-05-02 20:42:00
02.05.2018	20:48:00	RO_SE_001	3468	253801	180	0	12472	11.97	22.51	8.7	4.97	11050	20.38	35.0	8.21	4.97	12119	13.65	25.4	8.57	4.97	10778	23.54	38.57	8.2	4.99	11179	19.55	33.98	8.52	4.89	10322	30.83	45.05	8.23	4.99															2018-05-02 20:48:00
02.05.2018	20:54:00	RO_SE_001	3468	253802	180	0	12475	11.96	22.49	8.67	4.97	11051	20.37	34.99	8.23	4.97	12120	13.64	25.39	8.55	4.97	10778	23.54	38.57	8.2	4.99	11180	19.54	33.97	8.53	4.89	10322	30.83	45.05	8.22	4.99															2018-05-02 20:54:00
02.05.2018	21:00:00	RO_SE_001	3466	253803	180	0	12476	11.95	22.48	8.7	4.97	11051	20.37	34.99	8.23	4.97	12120	13.64	25.39	8.56	4.97	10778	23.54	38.57	8.2	4.99	11180	19.54	33.97	8.52	4.91	10322	30.83	45.05	8.23	4.99															2018-05-02 21:00:00
02.05.2018	21:06:00	RO_SE_001	3467	253804	180	0	12477	11.95	22.47	8.7	4.97	11051	20.37	34.99	8.22	4.97	12121	13.64	25.39	8.57	4.97	10778	23.54	38.57	8.2	4.99	11180	19.54	33.97	8.53	4.89	10322	30.83	45.05	8.24	4.99															2018-05-02 21:06:00
02.05.2018	21:12:00	RO_SE_001	3468	253805	180	0	12476	11.95	22.48	8.71	4.97	11051	20.37	34.99	8.21	4.97	12121	13.64	25.39	8.58	4.97	10778	23.54	38.57	8.19	4.99	11180	19.54	33.97	8.54	4.91	10322	30.83	45.05	8.22	4.99															2018-05-02 21:12:00
02.05.2018	21:18:00	RO_SE_001	3466	253806	180	0	12485	11.92	22.41	8.67	4.94	11052	20.36	34.98	8.22	4.97	12121	13.64	25.39	8.56	4.97	10779	23.53	38.56	8.2	4.99	11181	19.53	33.96	8.55	4.89	10322	30.83	45.05	8.23	4.99															2018-05-02 21:18:00
02.05.2018	21:24:00	RO_SE_001	3465	253807	177	0	12481	11.93	22.44	8.66	4.97	11052	20.36	34.98	8.26	4.97	12122	13.63	25.38	8.57	4.97	10779	23.53	38.56	8.23	4.99	11181	19.53	33.96	8.54	4.89	10322	30.83	45.05	8.24	4.99															2018-05-02 21:24:00
02.05.2018	21:30:00	RO_SE_001	3466	253808	180	0	12480	11.94	22.45	8.7	4.97	11051	20.37	34.99	8.23	4.97	12122	13.63	25.38	8.61	4.97	10779	23.53	38.56	8.22	4.99	11181	19.53	33.96	8.54	4.89	10322	30.83	45.05	8.22	4.99															2018-05-02 21:30:00
02.05.2018	21:36:00	RO_SE_001	3466	253809	180	0	12480	11.94	22.45	8.7	4.97	11051	20.37	34.99	8.23	4.97	12122	13.63	25.38	8.56	4.97	10779	23.53	38.56	8.2	4.99	11181	19.53	33.96	8.52	4.89	10322	30.83	45.05	8.23	4.99															2018-05-02 21:36:00
02.05.2018	21:42:00	RO_SE_001	3467	253810	180	0	12482	11.93	22.43	8.68	4.97	11051	20.37	34.99	8.21	4.97	12123	13.63	25.37	8.55	4.97	10779	23.53	38.56	8.2	4.99	11181	19.53	33.96	8.5	4.89	10322	30.83	45.05	8.2	4.99															2018-05-02 21:42:00
02.05.2018	21:48:00	RO_SE_001	3466	253811	183	0	12482	11.93	22.43	8.67	4.97	11052	20.36	34.98	8.22	4.97	12123	13.63	25.37	8.57	4.97	10779	23.53	38.56	8.22	4.99	11181	19.53	33.96	8.52	4.89	10322	30.83	45.05	8.23	4.99															2018-05-02 21:48:00
02.05.2018	21:54:00	RO_SE_001	3465	253812	183	0	12482	11.93	22.43	8.7	4.94	11051	20.37	34.99	8.23	4.97	12123	13.63	25.37	8.55	4.97	10779	23.53	38.56	8.2	4.99	11181	19.53	33.96	8.53	4.89	10322	30.83	45.05	8.22	4.99															2018-05-02 21:54:00
02.05.2018	22:00:00	RO_SE_001	3465	253813	180	0	12481	11.93	22.44	8.68	4.97	11051	20.37	34.99	8.24	4.97	12124	13.62	25.36	8.58	4.97	10779	23.53	38.56	8.2	4.99	11181	19.53	33.96	8.52	4.89	10322	30.83	45.05	8.23	4.99															2018-05-02 22:00:00
02.05.2018	22:06:00	RO_SE_001	3465	253814	183	0	12481	11.93	22.44	8.7	4.97	11051	20.37	34.99	8.23	4.97	12124	13.62	25.36	8.59	4.97	10780	23.52	38.55	8.17	4.99	11182	19.52	33.95	8.55	4.89	10322	30.83	45.05	8.21	4.99															2018-05-02 22:06:00
02.05.2018	22:12:00	RO_SE_001	3465	253815	183	0	12481	11.93	22.44	8.68	4.97	11051	20.37	34.99	8.23	4.97	12125	13.62	25.35	8.59	4.97	10780	23.52	38.55	8.2	4.99	11182	19.52	33.95	8.54	4.89	10322	30.83	45.05	8.23	4.99															2018-05-02 22:12:00
02.05.2018	22:24:00	RO_SE_001	3465	253817	183	0	12482	11.93	22.43	8.69	4.97	11051	20.37	34.99	8.23	4.97	12125	13.62	25.35	8.57	4.97	10779	23.53	38.56	8.21	4.99	11182	19.52	33.95	8.55	4.91	10322	30.83	45.05	8.25	4.99															2018-05-02 22:24:00
02.05.2018	22:30:00	RO_SE_001	3465	253818	180	0	12482	11.93	22.43	8.67	4.97	11052	20.36	34.98	8.24	4.97	12125	13.62	25.35	8.53	4.97	10779	23.53	38.56	8.2	4.99	11182	19.52	33.95	8.53	4.89	10322	30.83	45.05	8.23	4.99															2018-05-02 22:30:00
02.05.2018	22:36:00	RO_SE_001	3465	253819	180	0	12485	11.92	22.41	8.66	4.97	11051	20.37	34.99	8.23	4.97	12124	13.62	25.36	8.55	4.97	10779	23.53	38.56	8.21	4.99	11183	19.52	33.94	8.52	4.91	10323	30.82	45.04	8.21	4.99															2018-05-02 22:36:00
02.05.2018	22:42:00	RO_SE_001	3465	253820	180	0	12482	11.93	22.43	8.67	4.97	11051	20.37	34.99	8.23	4.97	12125	13.62	25.35	8.55	4.97	10779	23.53	38.56	8.2	4.99	11183	19.52	33.94	8.53	4.89	10323	30.82	45.04	8.22	4.99															2018-05-02 22:42:00
02.05.2018	22:48:00	RO_SE_001	3465	253821	180	0	12482	11.93	22.43	8.66	4.97	11051	20.37	34.99	8.23	4.97	12125	13.62	25.35	8.59	4.97	10779	23.53	38.56	8.2	4.99	11183	19.52	33.94	8.52	4.89	10323	30.82	45.04	8.23	4.99															2018-05-02 22:48:00
02.05.2018	22:54:00	RO_SE_001	3465	253822	180	0	12483	11.92	22.43	8.66	4.97	11051	20.37	34.99	8.25	4.97	12125	13.62	25.35	8.54	4.97	10779	23.53	38.56	8.19	4.99	11183	19.52	33.94	8.49	4.89	10323	30.82	45.04	8.23	4.99															2018-05-02 22:54:00
02.05.2018	23:00:00	RO_SE_001	3465	253823	180	0	12483	11.92	22.43	8.64	4.97	11051	20.37	34.99	8.18	4.97	12126	13.61	25.35	8.56	4.97	10779	23.53	38.56	8.2	4.99	11184	19.51	33.92	8.52	4.89	10323	30.82	45.04	8.27	4.99															2018-05-02 23:00:00
02.05.2018	23:06:00	RO_SE_001	3464	253824	180	0	12483	11.92	22.43	8.63	4.97	11051	20.37	34.99	8.22	4.97	12126	13.61	25.35	8.55	4.97	10780	23.52	38.55	8.17	4.99	11184	19.51	33.92	8.51	4.89	10323	30.82	45.04	8.23	4.99															2018-05-02 23:06:00
02.05.2018	23:12:00	RO_SE_001	3465	253825	180	0	12483	11.92	22.43	8.63	4.97	11051	20.37	34.99	8.23	4.97	12126	13.61	25.35	8.55	4.97	10779	23.53	38.56	8.15	4.99	11184	19.51	33.92	8.54	4.89	10323	30.82	45.04	8.23	4.99															2018-05-02 23:12:00
02.05.2018	23:18:00	RO_SE_001	3464	253826	180	0	12484	11.92	22.42	8.66	4.97	11051	20.37	34.99	8.2	4.97	12126	13.61	25.35	8.58	4.97	10780	23.52	38.55	8.22	4.99	11184	19.51	33.92	8.51	4.91	10323	30.82	45.04	8.22	4.99															2018-05-02 23:18:00
02.05.2018	23:24:00	RO_SE_001	3465	253827	180	0	12485	11.92	22.41	8.63	4.97	11051	20.37	34.99	8.22	4.97	12126	13.61	25.35	8.53	4.97	10780	23.52	38.55	8.2	4.99	11185	19.50	33.91	8.54	4.89	10323	30.82	45.04	8.22	4.99															2018-05-02 23:24:00
02.05.2018	23:30:00	RO_SE_001	3464	253828	180	0	12483	11.92	22.43	8.66	4.97	11051	20.37	34.99	8.23	4.97	12127	13.61	25.34	8.52	4.97	10780	23.52	38.55	8.16	4.99	11185	19.50	33.91	8.52	4.89	10323	30.82	45.04	8.25	4.99															2018-05-02 23:30:00
02.05.2018	23:36:00	RO_SE_001	3465	253829	180	0	12483	11.92	22.43	8.64	4.97	11051	20.37	34.99	8.23	4.97	12126	13.61	25.35	8.59	4.97	10780	23.52	38.55	8.2	4.99	11185	19.50	33.91	8.52	4.89	10323	30.82	45.04	8.27	4.99															2018-05-02 23:36:00
02.05.2018	23:42:00	RO_SE_001	3465	253830	183	0	12483	11.92	22.43	8.66	4.97	11051	20.37	34.99	8.22	4.97	12126	13.61	25.35	8.51	4.97	10780	23.52	38.55	8.19	4.99	11185	19.50	33.91	8.52	4.89	10323	30.82	45.04	8.24	4.99															2018-05-02 23:42:00
02.05.2018	23:48:00	RO_SE_001	3465	253831	183	0	12484	11.92	22.42	8.63	4.97	11051	20.37	34.99	8.2	4.97	12127	13.61	25.34	8.54	4.97	10780	23.52	38.55	8.2	4.99	11185	19.50	33.91	8.52	4.91	10322	30.83	45.05	8.23	4.99															2018-05-02 23:48:00
02.05.2018	23:54:00	RO_SE_001	3464	253832	183	0	12484	11.92	22.42	8.65	4.97	11051	20.37	34.99	8.19	4.97	12128	13.61	25.33	8.52	4.97	10780	23.52	38.55	8.2	4.99	11185	19.50	33.91	8.53	4.91	10322	30.83	45.05	8.21	4.99															2018-05-02 23:54:00
