05.05.2018	00:00:00	RO_SE_001	3443	254313	177	0	12588	11.50	21.66	8.96	4.97	11172	19.33	33.7	8.2	4.94	12331	12.66	23.72	8.78	4.97	10848	22.77	37.75	8.21	4.99	11322	18.40	32.48	8.7	4.89	10360	30.13	44.51	8.23	4.99															2018-05-05 00:00:00
05.05.2018	00:06:00	RO_SE_001	3443	254314	180	0	12585	11.51	21.68	8.9	4.97	11171	19.34	33.71	8.23	4.97	12332	12.65	23.71	8.79	4.97	10849	22.76	37.74	8.21	4.99	11323	18.39	32.47	8.74	4.89	10360	30.13	44.51	8.25	4.99															2018-05-05 00:06:00
05.05.2018	00:12:00	RO_SE_001	3443	254315	177	0	12586	11.51	21.68	8.88	4.97	11171	19.34	33.71	8.21	4.97	12332	12.65	23.71	8.74	4.97	10849	22.76	37.74	8.2	4.99	11323	18.39	32.47	8.73	4.89	10360	30.13	44.51	8.26	4.99															2018-05-05 00:12:00
05.05.2018	00:18:00	RO_SE_001	3443	254316	177	0	12586	11.51	21.68	8.95	4.97	11171	19.34	33.71	8.2	4.97	12332	12.65	23.71	8.77	4.97	10849	22.76	37.74	8.16	4.99	11323	18.39	32.47	8.73	4.91	10360	30.13	44.51	8.23	4.99															2018-05-05 00:18:00
05.05.2018	00:24:00	RO_SE_001	3443	254317	174	0	12585	11.51	21.68	8.85	4.97	11171	19.34	33.71	8.21	4.97	12332	12.65	23.71	8.77	4.97	10849	22.76	37.74	8.19	4.99	11323	18.39	32.47	8.7	4.89	10360	30.13	44.51	8.24	4.99															2018-05-05 00:24:00
05.05.2018	00:30:00	RO_SE_001	3279	254318	174	0	12584	11.52	21.69	8.88	4.97	11171	19.34	33.71	8.22	4.94	12333	12.65	23.7	8.74	4.97	10849	22.76	37.74	8.2	4.99	11324	18.38	32.46	8.72	4.91	10360	30.13	44.51	8.24	4.99															2018-05-05 00:30:00
05.05.2018	00:36:00	RO_SE_001	3444	254319	177	0	12584	11.52	21.69	8.91	4.97	11171	19.34	33.71	8.25	4.97	12333	12.65	23.7	8.77	4.97	10849	22.76	37.74	8.2	4.99	11324	18.38	32.46	8.72	4.89	10360	30.13	44.51	8.25	4.99															2018-05-05 00:36:00
05.05.2018	00:48:00	RO_SE_001	3444	254321	177	0	12594	11.48	21.62	8.88	4.97	11171	19.34	33.71	8.27	4.94	12334	12.64	23.7	8.73	4.97	10849	22.76	37.74	8.22	4.99	11325	18.37	32.45	8.72	4.89	10360	30.13	44.51	8.23	4.99															2018-05-05 00:48:00
05.05.2018	00:54:00	RO_SE_001	3444	254322	177	0	12595	11.47	21.61	8.87	4.97	11171	19.34	33.71	8.23	4.94	12334	12.64	23.7	8.73	4.97	10849	22.76	37.74	8.21	4.99	11325	18.37	32.45	8.68	4.89	10360	30.13	44.51	8.26	4.99															2018-05-05 00:54:00
05.05.2018	01:00:00	RO_SE_001	3443	254323	177	0	12596	11.47	21.61	8.88	4.97	11171	19.34	33.71	8.24	4.97	12335	12.64	23.69	8.72	4.97	10849	22.76	37.74	8.21	4.99	11325	18.37	32.45	8.7	4.91	10360	30.13	44.51	8.26	4.99															2018-05-05 01:00:00
05.05.2018	01:06:00	RO_SE_001	3443	254324	180	0	12596	11.47	21.61	8.86	4.97	11171	19.34	33.71	8.24	4.97	12335	12.64	23.69	8.68	4.97	10849	22.76	37.74	8.19	4.99	11325	18.37	32.45	8.7	4.89	10360	30.13	44.51	8.25	4.99															2018-05-05 01:06:00
05.05.2018	01:12:00	RO_SE_001	3443	254325	180	0	12597	11.47	21.6	8.86	4.97	11171	19.34	33.71	8.26	4.94	12335	12.64	23.69	8.69	4.97	10849	22.76	37.74	8.22	4.99	11326	18.37	32.44	8.68	4.89	10360	30.13	44.51	8.27	4.99															2018-05-05 01:12:00
05.05.2018	01:18:00	RO_SE_001	3443	254326	180	0	12597	11.47	21.6	8.82	4.97	11171	19.34	33.71	8.25	4.97	12336	12.64	23.68	8.72	4.97	10849	22.76	37.74	8.21	4.99	11326	18.37	32.44	8.67	4.89	10360	30.13	44.51	8.21	4.99															2018-05-05 01:18:00
05.05.2018	01:24:00	RO_SE_001	3443	254327	180	0	12597	11.47	21.6	8.83	4.94	11171	19.34	33.71	8.22	4.97	12336	12.64	23.68	8.7	4.97	10849	22.76	37.74	8.21	4.99	11326	18.37	32.44	8.7	4.91	10361	30.11	44.5	8.25	4.99															2018-05-05 01:24:00
05.05.2018	01:30:00	RO_SE_001	3443	254328	180	0	12597	11.47	21.6	8.81	4.94	11171	19.34	33.71	8.22	4.97	12336	12.64	23.68	8.73	4.97	10849	22.76	37.74	8.2	4.99	11327	18.36	32.43	8.64	4.89	10361	30.11	44.5	8.26	4.99															2018-05-05 01:30:00
05.05.2018	01:36:00	RO_SE_001	3443	254329	183	0	12598	11.46	21.59	8.84	4.94	11171	19.34	33.71	8.24	4.97	12336	12.64	23.68	8.7	4.97	10849	22.76	37.74	8.21	4.99	11327	18.36	32.43	8.67	4.89	10361	30.11	44.5	8.27	4.99															2018-05-05 01:36:00
05.05.2018	01:42:00	RO_SE_001	3443	254330	183	0	12598	11.46	21.59	8.84	4.94	11171	19.34	33.71	8.23	4.94	12337	12.63	23.67	8.7	4.97	10849	22.76	37.74	8.22	4.99	11327	18.36	32.43	8.66	4.89	10361	30.11	44.5	8.23	4.99															2018-05-05 01:42:00
05.05.2018	01:48:00	RO_SE_001	3443	254331	180	0	12598	11.46	21.59	8.78	4.94	11171	19.34	33.71	8.26	4.97	12337	12.63	23.67	8.69	4.97	10850	22.75	37.73	8.23	4.99	11328	18.35	32.42	8.64	4.89	10361	30.11	44.5	8.25	4.99															2018-05-05 01:48:00
05.05.2018	01:54:00	RO_SE_001	3443	254332	177	0	12594	11.48	21.62	8.77	4.97	11171	19.34	33.71	8.25	4.97	12337	12.63	23.67	8.68	4.97	10850	22.75	37.73	8.23	4.99	11328	18.35	32.42	8.68	4.89	10361	30.11	44.5	8.27	4.99															2018-05-05 01:54:00
05.05.2018	02:00:00	RO_SE_001	3443	254333	174	0	12587	11.51	21.67	8.81	4.97	11171	19.34	33.71	8.25	4.97	12337	12.63	23.67	8.65	4.97	10850	22.75	37.73	8.19	4.99	11328	18.35	32.42	8.66	4.89	10361	30.11	44.5	8.27	4.99															2018-05-05 02:00:00
05.05.2018	02:06:00	RO_SE_001	3443	254334	177	0	12583	11.52	21.7	8.79	4.94	11171	19.34	33.71	8.27	4.94	12338	12.63	23.67	8.66	4.97	10850	22.75	37.73	8.2	4.99	11328	18.35	32.42	8.67	4.89	10361	30.11	44.5	8.26	4.99															2018-05-05 02:06:00
05.05.2018	02:12:00	RO_SE_001	3443	254335	174	0	12583	11.52	21.7	8.8	4.94	11171	19.34	33.71	8.27	4.97	12338	12.63	23.67	8.64	4.97	10850	22.75	37.73	8.2	4.99	11329	18.34	32.41	8.66	4.89	10361	30.11	44.5	8.28	4.99															2018-05-05 02:12:00
05.05.2018	02:18:00	RO_SE_001	3443	254336	171	0	12581	11.53	21.71	8.8	4.94	11171	19.34	33.71	8.23	4.97	12338	12.63	23.67	8.66	4.97	10850	22.75	37.73	8.21	4.99	11328	18.35	32.42	8.65	4.89	10361	30.11	44.5	8.26	4.99															2018-05-05 02:18:00
05.05.2018	02:24:00	RO_SE_001	3443	254337	174	0	12581	11.53	21.71	8.81	4.97	11171	19.34	33.71	8.24	4.97	12338	12.63	23.67	8.64	4.97	10850	22.75	37.73	8.23	4.99	11328	18.35	32.42	8.64	4.89	10361	30.11	44.5	8.26	4.99															2018-05-05 02:24:00
05.05.2018	02:30:00	RO_SE_001	3442	254338	171	0	12847	10.54	19.87	8.77	4.97	11171	19.34	33.71	8.25	4.94	12338	12.63	23.67	8.63	4.97	10850	22.75	37.73	8.21	4.99	11329	18.34	32.41	8.63	4.91	10361	30.11	44.5	8.27	4.99															2018-05-05 02:30:00
05.05.2018	02:36:00	RO_SE_001	3442	254339	171	0	12591	11.49	21.64	8.76	4.97	11171	19.34	33.71	8.25	4.97	12339	12.62	23.66	8.64	4.97	10850	22.75	37.73	8.22	4.99	11329	18.34	32.41	8.64	4.89	10361	30.11	44.5	8.24	4.99															2018-05-05 02:36:00
05.05.2018	02:42:00	RO_SE_001	3442	254340	174	0	12593	11.48	21.63	8.77	4.97	11171	19.34	33.71	8.23	4.97	12339	12.62	23.66	8.62	4.97	10850	22.75	37.73	8.2	4.99	11330	18.34	32.4	8.64	4.89	10361	30.11	44.5	8.25	4.99															2018-05-05 02:42:00
05.05.2018	02:48:00	RO_SE_001	3442	254341	174	0	12593	11.48	21.63	8.74	4.97	11171	19.34	33.71	8.23	4.97	12339	12.62	23.66	8.61	4.97	10850	22.75	37.73	8.23	4.99	11329	18.34	32.41	8.61	4.89	10361	30.11	44.5	8.28	4.99															2018-05-05 02:48:00
05.05.2018	02:54:00	RO_SE_001	3441	254342	120	0	12593	11.48	21.63	8.73	4.97	11171	19.34	33.71	8.25	4.97	12340	12.62	23.65	8.63	4.97	10851	22.74	37.72	8.22	4.99	11330	18.34	32.4	8.63	4.89	10361	30.11	44.5	8.27	4.99															2018-05-05 02:54:00
05.05.2018	03:00:00	RO_SE_001	3441	254343	120	0	12593	11.48	21.63	8.71	4.97	11171	19.34	33.71	8.26	4.97	12340	12.62	23.65	8.63	4.97	10851	22.74	37.72	8.18	4.99	11329	18.34	32.41	8.62	4.89	10361	30.11	44.5	8.27	4.99															2018-05-05 03:00:00
05.05.2018	03:06:00	RO_SE_001	3440	254344	174	0	12593	11.48	21.63	8.75	4.97	11171	19.34	33.71	8.24	4.94	12340	12.62	23.65	8.59	4.97	10851	22.74	37.72	8.22	4.99	11330	18.34	32.4	8.6	4.89	10361	30.11	44.5	8.25	4.99															2018-05-05 03:06:00
05.05.2018	03:12:00	RO_SE_001	3441	254345	171	0	12592	11.49	21.63	8.73	4.97	11171	19.34	33.71	8.24	4.97	12341	12.61	23.64	8.63	4.97	10851	22.74	37.72	8.2	4.99	11330	18.34	32.4	8.59	4.89	10361	30.11	44.5	8.24	4.99															2018-05-05 03:12:00
05.05.2018	03:18:00	RO_SE_001	3441	254346	171	0	12593	11.48	21.63	8.72	4.97	11171	19.34	33.71	8.27	4.97	12341	12.61	23.64	8.59	4.97	10851	22.74	37.72	8.2	4.99	11331	18.33	32.39	8.63	4.89	10361	30.11	44.5	8.28	4.99															2018-05-05 03:18:00
05.05.2018	03:24:00	RO_SE_001	3440	254347	174	0	12593	11.48	21.63	8.71	4.97	11171	19.34	33.71	8.29	4.97	12341	12.61	23.64	8.61	4.97	10851	22.74	37.72	8.22	4.99	11331	18.33	32.39	8.59	4.89	10362	30.10	44.49	8.25	4.99															2018-05-05 03:24:00
05.05.2018	03:30:00	RO_SE_001	3441	254348	174	0	12593	11.48	21.63	8.72	4.97	11171	19.34	33.71	8.25	4.97	12341	12.61	23.64	8.58	4.97	10851	22.74	37.72	8.2	4.99	11331	18.33	32.39	8.59	4.89	10362	30.10	44.49	8.23	4.99															2018-05-05 03:30:00
05.05.2018	03:36:00	RO_SE_001	3441	254349	174	0	12594	11.48	21.62	8.7	4.97	11171	19.34	33.71	8.24	4.97	12342	12.61	23.64	8.58	4.97	10851	22.74	37.72	8.2	4.99	11332	18.32	32.38	8.59	4.89	10362	30.10	44.49	8.28	4.99															2018-05-05 03:36:00
05.05.2018	03:42:00	RO_SE_001	3440	254350	171	0	12594	11.48	21.62	8.68	4.97	11171	19.34	33.71	8.22	4.94	12342	12.61	23.64	8.58	4.97	10851	22.74	37.72	8.22	4.99	11332	18.32	32.38	8.6	4.89	10362	30.10	44.49	8.23	4.99															2018-05-05 03:42:00
05.05.2018	03:48:00	RO_SE_001	3440	254351	171	0	12594	11.48	21.62	8.67	4.97	11171	19.34	33.71	8.25	4.97	12343	12.60	23.63	8.59	4.97	10851	22.74	37.72	8.19	4.99	11332	18.32	32.38	8.59	4.89	10362	30.10	44.49	8.26	4.99															2018-05-05 03:48:00
05.05.2018	03:54:00	RO_SE_001	3440	254352	171	0	12594	11.48	21.62	8.68	4.97	11171	19.34	33.71	8.21	4.97	12343	12.60	23.63	8.58	4.97	10852	22.73	37.71	8.2	4.99	11332	18.32	32.38	8.59	4.89	10362	30.10	44.49	8.23	4.99															2018-05-05 03:54:00
05.05.2018	04:00:00	RO_SE_001	3440	254353	174	0	12594	11.48	21.62	8.68	4.97	11171	19.34	33.71	8.26	4.97	12343	12.60	23.63	8.58	4.97	10852	22.73	37.71	8.2	4.99	11333	18.31	32.37	8.59	4.89	10362	30.10	44.49	8.27	4.99															2018-05-05 04:00:00
05.05.2018	04:06:00	RO_SE_001	3440	254354	174	0	12588	11.50	21.66	8.65	4.97	11171	19.34	33.71	8.27	4.97	12343	12.60	23.63	8.55	4.97	10852	22.73	37.71	8.2	4.99	11333	18.31	32.37	8.57	4.89	10362	30.10	44.49	8.27	4.99															2018-05-05 04:06:00
05.05.2018	04:12:00	RO_SE_001	3439	254355	171	0	12583	11.52	21.7	8.68	4.97	11171	19.34	33.71	8.25	4.97	12344	12.60	23.62	8.52	4.97	10852	22.73	37.71	8.23	4.99	11333	18.31	32.37	8.59	4.89	10362	30.10	44.49	8.25	4.99															2018-05-05 04:12:00
05.05.2018	04:18:00	RO_SE_001	3439	254356	171	0	12583	11.52	21.7	8.66	4.94	11171	19.34	33.71	8.27	4.97	12344	12.60	23.62	8.57	4.97	10852	22.73	37.71	8.22	4.99	11333	18.31	32.37	8.57	4.89	10362	30.10	44.49	8.27	4.99															2018-05-05 04:18:00
05.05.2018	04:24:00	RO_SE_001	3439	254357	171	0	12583	11.52	21.7	8.61	4.97	11171	19.34	33.71	8.23	4.97	12344	12.60	23.62	8.55	4.97	10852	22.73	37.71	8.21	4.99	11334	18.30	32.36	8.55	4.89	10362	30.10	44.49	8.23	4.99															2018-05-05 04:24:00
05.05.2018	04:30:00	RO_SE_001	3439	254358	171	0	12582	11.52	21.71	8.63	4.97	11171	19.34	33.71	8.24	4.94	12344	12.60	23.62	8.52	4.97	10852	22.73	37.71	8.2	4.99	11334	18.30	32.36	8.54	4.89	10362	30.10	44.49	8.27	4.99															2018-05-05 04:30:00
05.05.2018	04:36:00	RO_SE_001	3438	254359	171	0	12583	11.52	21.7	8.63	4.97	11171	19.34	33.71	8.23	4.97	12345	12.60	23.61	8.49	4.97	10852	22.73	37.71	8.23	4.99	11334	18.30	32.36	8.54	4.89	10362	30.10	44.49	8.27	4.99															2018-05-05 04:36:00
05.05.2018	04:42:00	RO_SE_001	3439	254360	174	0	12584	11.52	21.69	8.63	4.97	11171	19.34	33.71	8.23	4.97	12345	12.60	23.61	8.51	4.97	10852	22.73	37.71	8.2	4.99	11334	18.30	32.36	8.56	4.89	10362	30.10	44.49	8.27	4.99															2018-05-05 04:42:00
05.05.2018	04:48:00	RO_SE_001	3438	254361	174	0	12584	11.52	21.69	8.62	4.97	11171	19.34	33.71	8.23	4.97	12344	12.60	23.62	8.49	4.97	10852	22.73	37.71	8.2	4.99	11335	18.30	32.35	8.56	4.89	10362	30.10	44.49	8.26	4.99															2018-05-05 04:48:00
05.05.2018	04:54:00	RO_SE_001	3439	254362	171	0	12583	11.52	21.7	8.57	4.94	11171	19.34	33.71	8.27	4.97	12345	12.60	23.61	8.5	4.97	10853	22.72	37.7	8.2	4.99	11335	18.30	32.35	8.52	4.89	10362	30.10	44.49	8.24	4.99															2018-05-05 04:54:00
05.05.2018	05:00:00	RO_SE_001	3439	254363	171	0	12583	11.52	21.7	8.61	4.97	11171	19.34	33.71	8.23	4.97	12345	12.60	23.61	8.52	4.97	10853	22.72	37.7	8.23	4.99	11335	18.30	32.35	8.54	4.89	10362	30.10	44.49	8.27	4.99															2018-05-05 05:00:00
05.05.2018	05:06:00	RO_SE_001	3438	254364	171	0	12583	11.52	21.7	8.61	4.94	11171	19.34	33.71	8.23	4.97	12345	12.60	23.61	8.46	4.97	10853	22.72	37.7	8.18	4.99	11335	18.30	32.35	8.54	4.89	10362	30.10	44.49	8.27	4.99															2018-05-05 05:06:00
05.05.2018	05:12:00	RO_SE_001	3437	254365	168	0	12583	11.52	21.7	8.57	4.97	11171	19.34	33.71	8.23	4.97	12346	12.59	23.6	8.5	4.97	10853	22.72	37.7	8.23	4.99	11335	18.30	32.35	8.53	4.89	10362	30.10	44.49	8.27	4.99															2018-05-05 05:12:00
05.05.2018	05:18:00	RO_SE_001	3437	254366	171	0	12584	11.52	21.69	8.55	4.97	11171	19.34	33.71	8.24	4.97	12346	12.59	23.6	8.47	4.97	10853	22.72	37.7	8.24	4.99	11335	18.30	32.35	8.5	4.89	10362	30.10	44.49	8.28	4.99															2018-05-05 05:18:00
05.05.2018	05:24:00	RO_SE_001	3437	254367	174	0	12584	11.52	21.69	8.57	4.97	11171	19.34	33.71	8.25	4.97	12346	12.59	23.6	8.49	4.97	10853	22.72	37.7	8.21	4.99	11336	18.29	32.34	8.49	4.89	10363	30.08	44.47	8.23	4.99															2018-05-05 05:24:00
05.05.2018	05:30:00	RO_SE_001	3438	254368	174	0	12584	11.52	21.69	8.55	4.97	11171	19.34	33.71	8.25	4.97	12346	12.59	23.6	8.48	4.94	10853	22.72	37.7	8.22	4.99	11336	18.29	32.34	8.49	4.91	10363	30.08	44.47	8.25	4.99															2018-05-05 05:30:00
05.05.2018	05:36:00	RO_SE_001	3437	254369	171	0	12583	11.52	21.7	8.55	4.94	11171	19.34	33.71	8.23	4.97	12346	12.59	23.6	8.48	4.97	10853	22.72	37.7	8.2	4.99	11336	18.29	32.34	8.48	4.89	10363	30.08	44.47	8.26	4.99															2018-05-05 05:36:00
05.05.2018	05:42:00	RO_SE_001	3437	254370	171	0	12583	11.52	21.7	8.56	4.97	11171	19.34	33.71	8.24	4.97	12347	12.59	23.6	8.48	4.97	10853	22.72	37.7	8.23	4.99	11336	18.29	32.34	8.49	4.91	10363	30.08	44.47	8.24	4.99															2018-05-05 05:42:00
05.05.2018	05:48:00	RO_SE_001	3437	254371	171	0	12582	11.52	21.71	8.55	4.97	11171	19.34	33.71	8.25	4.94	12347	12.59	23.6	8.44	4.97	10853	22.72	37.7	8.17	4.99	11336	18.29	32.34	8.47	4.91	10363	30.08	44.47	8.26	4.99															2018-05-05 05:48:00
05.05.2018	05:54:00	RO_SE_001	3437	254372	168	0	12583	11.52	21.7	8.54	4.97	11171	19.34	33.71	8.23	4.97	12347	12.59	23.6	8.45	4.97	10854	22.71	37.68	8.21	4.99	11337	18.28	32.33	8.51	4.91	10363	30.08	44.47	8.24	4.99															2018-05-05 05:54:00
05.05.2018	06:00:00	RO_SE_001	3437	254373	168	0	12583	11.52	21.7	8.51	4.97	11171	19.34	33.71	8.25	4.94	12347	12.59	23.6	8.4	4.97	10854	22.71	37.68	8.22	4.99	11337	18.28	32.33	8.46	4.89	10363	30.08	44.47	8.24	4.99															2018-05-05 06:00:00
05.05.2018	06:06:00	RO_SE_001	3436	254374	168	0	12582	11.52	21.71	8.52	4.97	11171	19.34	33.71	8.22	4.97	12348	12.58	23.59	8.41	4.97	10854	22.71	37.68	8.21	4.99	11337	18.28	32.33	8.48	4.89	10363	30.08	44.47	8.27	4.99															2018-05-05 06:06:00
05.05.2018	06:12:00	RO_SE_001	3436	254375	174	0	12583	11.52	21.7	8.5	4.97	11171	19.34	33.71	8.26	4.97	12348	12.58	23.59	8.43	4.97	10854	22.71	37.68	8.2	4.99	11337	18.28	32.33	8.45	4.89	10363	30.08	44.47	8.24	4.99															2018-05-05 06:12:00
05.05.2018	06:18:00	RO_SE_001	3436	254376	171	0	12581	11.53	21.71	8.48	4.97	11171	19.34	33.71	8.25	4.97	12348	12.58	23.59	8.41	4.97	10854	22.71	37.68	8.2	4.99	11338	18.27	32.32	8.48	4.89	10363	30.08	44.47	8.29	4.99															2018-05-05 06:18:00
05.05.2018	06:24:00	RO_SE_001	3436	254377	171	0	12584	11.52	21.69	8.5	4.97	11171	19.34	33.71	8.22	4.97	12348	12.58	23.59	8.42	4.97	10854	22.71	37.68	8.18	4.99	11338	18.27	32.32	8.49	4.89	10363	30.08	44.47	8.23	4.99															2018-05-05 06:24:00
05.05.2018	06:30:00	RO_SE_001	3436	254378	171	0	12583	11.52	21.7	8.49	4.97	11171	19.34	33.71	8.22	4.97	12349	12.58	23.58	8.38	4.97	10854	22.71	37.68	8.19	4.99	11338	18.27	32.32	8.47	4.89	10363	30.08	44.47	8.27	4.99															2018-05-05 06:30:00
05.05.2018	06:36:00	RO_SE_001	3436	254379	171	0	12583	11.52	21.7	8.48	4.94	11171	19.34	33.71	8.26	4.97	12349	12.58	23.58	8.37	4.97	10854	22.71	37.68	8.22	4.99	11338	18.27	32.32	8.48	4.89	10363	30.08	44.47	8.27	4.99															2018-05-05 06:36:00
05.05.2018	06:42:00	RO_SE_001	3436	254380	174	0	12583	11.52	21.7	8.48	4.97	11171	19.34	33.71	8.28	4.97	12349	12.58	23.58	8.36	4.97	10854	22.71	37.68	8.24	4.99	11339	18.27	32.31	8.42	4.91	10363	30.08	44.47	8.25	4.99															2018-05-05 06:42:00
05.05.2018	06:48:00	RO_SE_001	3436	254381	177	0	12583	11.52	21.7	8.45	4.97	11171	19.34	33.71	8.22	4.97	12350	12.57	23.57	8.37	4.97	10854	22.71	37.68	8.2	4.99	11339	18.27	32.31	8.44	4.89	10363	30.08	44.47	8.27	4.99															2018-05-05 06:48:00
05.05.2018	06:54:00	RO_SE_001	3436	254382	177	0	12583	11.52	21.7	8.45	4.94	11171	19.34	33.71	8.22	4.97	12350	12.57	23.57	8.37	4.97	10855	22.70	37.67	8.2	4.99	11339	18.27	32.31	8.43	4.89	10363	30.08	44.47	8.23	4.99															2018-05-05 06:54:00
05.05.2018	07:00:00	RO_SE_001	3436	254383	174	0	12582	11.52	21.71	8.45	4.94	11171	19.34	33.71	8.23	4.97	12350	12.57	23.57	8.36	4.97	10855	22.70	37.67	8.22	4.99	11339	18.27	32.31	8.44	4.89	10363	30.08	44.47	8.26	4.99															2018-05-05 07:00:00
05.05.2018	07:06:00	RO_SE_001	3436	254384	177	0	12588	11.50	21.66	8.43	4.94	11171	19.34	33.71	8.23	4.97	12351	12.57	23.57	8.35	4.97	10855	22.70	37.67	8.21	4.99	11340	18.26	32.3	8.45	4.89	10363	30.08	44.47	8.28	4.99															2018-05-05 07:06:00
05.05.2018	07:12:00	RO_SE_001	3436	254385	180	0	12588	11.50	21.66	8.42	4.97	11171	19.34	33.71	8.23	4.97	12351	12.57	23.57	8.35	4.97	10855	22.70	37.67	8.22	4.99	11340	18.26	32.3	8.39	4.91	10362	30.10	44.49	8.27	4.99															2018-05-05 07:12:00
05.05.2018	07:18:00	RO_SE_001	3436	254386	120	0	12588	11.50	21.66	8.42	4.94	11171	19.34	33.71	8.23	4.97	12351	12.57	23.57	8.34	4.97	10855	22.70	37.67	8.18	4.99	11340	18.26	32.3	8.38	4.89	10363	30.08	44.47	8.22	4.99															2018-05-05 07:18:00
05.05.2018	07:24:00	RO_SE_001	3436	254387	177	0	12589	11.50	21.66	8.43	4.94	11171	19.34	33.71	8.23	4.97	12351	12.57	23.57	8.34	4.97	10855	22.70	37.67	8.22	4.99	11340	18.26	32.3	8.41	4.89	10363	30.08	44.47	8.26	4.99															2018-05-05 07:24:00
05.05.2018	07:30:00	RO_SE_001	3436	254388	180	0	12589	11.50	21.66	8.42	4.97	11171	19.34	33.71	8.23	4.97	12351	12.57	23.57	8.3	4.97	10855	22.70	37.67	8.2	4.99	11341	18.25	32.29	8.39	4.89	10363	30.08	44.47	8.27	4.99															2018-05-05 07:30:00
05.05.2018	07:36:00	RO_SE_001	3436	254389	177	0	12589	11.50	21.66	8.39	4.94	11171	19.34	33.71	8.23	4.97	12351	12.57	23.57	8.34	4.97	10855	22.70	37.67	8.18	4.99	11341	18.25	32.29	8.38	4.89	10364	30.06	44.46	8.21	4.99															2018-05-05 07:36:00
05.05.2018	07:42:00	RO_SE_001	3436	254390	174	0	12589	11.50	21.66	8.44	4.97	11171	19.34	33.71	8.23	4.97	12351	12.57	23.57	8.32	4.97	10855	22.70	37.67	8.16	4.99	11341	18.25	32.29	8.36	4.89	10364	30.06	44.46	8.2	4.99															2018-05-05 07:42:00
05.05.2018	07:48:00	RO_SE_001	3436	254391	177	0	12590	11.49	21.65	8.41	4.94	11172	19.33	33.7	8.21	4.97	12351	12.57	23.57	8.31	4.97	10856	22.69	37.66	8.21	4.99	11341	18.25	32.29	8.34	4.91	10364	30.06	44.46	8.26	4.99															2018-05-05 07:48:00
05.05.2018	07:54:00	RO_SE_001	3435	254392	174	0	12589	11.50	21.66	8.38	4.97	11171	19.34	33.71	8.19	4.97	12351	12.57	23.57	8.34	4.97	10856	22.69	37.66	8.18	4.99	11342	18.24	32.28	8.38	4.89	10363	30.08	44.47	8.23	4.99															2018-05-05 07:54:00
05.05.2018	08:00:00	RO_SE_001	3435	254393	174	0	12851	10.52	19.84	8.4	4.97	11171	19.34	33.71	8.23	4.97	12352	12.56	23.56	8.3	4.97	10856	22.69	37.66	8.2	4.99	11342	18.24	32.28	8.38	4.89	10363	30.08	44.47	8.24	4.99															2018-05-05 08:00:00
05.05.2018	08:06:00	RO_SE_001	3435	254394	174	0	12590	11.49	21.65	8.38	4.97	11172	19.33	33.7	8.23	4.94	12352	12.56	23.56	8.31	4.97	10856	22.69	37.66	8.18	4.99	11342	18.24	32.28	8.38	4.89	10364	30.06	44.46	8.22	4.99															2018-05-05 08:06:00
05.05.2018	08:12:00	RO_SE_001	3435	254395	174	0	12590	11.49	21.65	8.38	4.97	11172	19.33	33.7	8.22	4.97	12352	12.56	23.56	8.3	4.97	10856	22.69	37.66	8.22	4.99	11342	18.24	32.28	8.36	4.89	10363	30.08	44.47	8.23	4.99															2018-05-05 08:12:00
05.05.2018	08:18:00	RO_SE_001	3434	254396	174	0	12590	11.49	21.65	8.36	4.97	11172	19.33	33.7	8.2	4.97	12353	12.56	23.55	8.29	4.97	10856	22.69	37.66	8.17	4.99	11343	18.24	32.27	8.35	4.89	10363	30.08	44.47	8.23	4.99															2018-05-05 08:18:00
05.05.2018	08:24:00	RO_SE_001	3434	254397	174	0	12846	10.54	19.87	8.38	4.97	11172	19.33	33.7	8.22	4.97	12353	12.56	23.55	8.28	4.97	10856	22.69	37.66	8.2	4.99	11343	18.24	32.27	8.38	4.89	10363	30.08	44.47	8.27	4.99															2018-05-05 08:24:00
05.05.2018	08:30:00	RO_SE_001	3435	254398	177	0	12851	10.52	19.84	8.37	4.97	11172	19.33	33.7	8.23	4.97	12353	12.56	23.55	8.27	4.97	10856	22.69	37.66	8.2	4.99	11343	18.24	32.27	8.35	4.89	10363	30.08	44.47	8.25	4.99															2018-05-05 08:30:00
05.05.2018	08:36:00	RO_SE_001	3435	254399	183	0	12587	11.51	21.67	8.38	4.97	11173	19.32	33.69	8.22	4.97	12354	12.56	23.54	8.28	4.97	10856	22.69	37.66	8.18	4.99	11343	18.24	32.27	8.33	4.89	10363	30.08	44.47	8.22	4.99															2018-05-05 08:36:00
05.05.2018	08:42:00	RO_SE_001	3435	254400	174	0	12588	11.50	21.66	8.36	4.97	11173	19.32	33.69	8.22	4.94	12354	12.56	23.54	8.3	4.97	10856	22.69	37.66	8.2	4.99	11343	18.24	32.27	8.34	4.91	10363	30.08	44.47	8.23	4.99															2018-05-05 08:42:00
05.05.2018	08:48:00	RO_SE_001	3436	254401	177	0	12588	11.50	21.66	8.38	4.94	11173	19.32	33.69	8.24	4.97	12354	12.56	23.54	8.23	4.97	10857	22.68	37.65	8.19	4.99	11343	18.24	32.27	8.34	4.89	10363	30.08	44.47	8.24	4.99															2018-05-05 08:48:00
05.05.2018	08:54:00	RO_SE_001	3436	254402	180	0	12588	11.50	21.66	8.39	4.97	11173	19.32	33.69	8.2	4.97	12352	12.56	23.56	8.3	4.97	10857	22.68	37.65	8.21	4.99	11344	18.23	32.26	8.34	4.89	10363	30.08	44.47	8.23	4.99															2018-05-05 08:54:00
05.05.2018	09:00:00	RO_SE_001	3436	254403	180	0	12588	11.50	21.66	8.37	4.97	11173	19.32	33.69	8.23	4.97	12354	12.56	23.54	8.28	4.97	10857	22.68	37.65	8.16	4.99	11344	18.23	32.26	8.32	4.89	10363	30.08	44.47	8.25	4.99															2018-05-05 09:00:00
05.05.2018	09:06:00	RO_SE_001	3436	254404	177	0	12587	11.51	21.67	8.39	4.97	11174	19.31	33.68	8.25	4.97	12354	12.56	23.54	8.27	4.97	10857	22.68	37.65	8.19	4.99	11344	18.23	32.26	8.34	4.89	10363	30.08	44.47	8.23	4.99															2018-05-05 09:06:00
05.05.2018	09:12:00	RO_SE_001	3435	254405	177	0	12588	11.50	21.66	8.35	4.97	11174	19.31	33.68	8.2	4.97	12354	12.56	23.54	8.27	4.97	10857	22.68	37.65	8.2	4.99	11344	18.23	32.26	8.34	4.89	10363	30.08	44.47	8.21	4.99															2018-05-05 09:12:00
05.05.2018	09:18:00	RO_SE_001	3435	254406	177	0	12586	11.51	21.68	8.38	4.97	11174	19.31	33.68	8.19	4.97	12354	12.56	23.54	8.27	4.97	10857	22.68	37.65	8.2	4.99	11345	18.22	32.25	8.37	4.89	10364	30.06	44.46	8.21	4.99															2018-05-05 09:18:00
05.05.2018	09:24:00	RO_SE_001	3435	254407	180	0	12584	11.52	21.69	8.38	4.97	11174	19.31	33.68	8.22	4.97	12355	12.55	23.54	8.28	4.97	10857	22.68	37.65	8.2	4.99	11345	18.22	32.25	8.32	4.91	10364	30.06	44.46	8.22	4.99															2018-05-05 09:24:00
05.05.2018	09:30:00	RO_SE_001	3435	254408	180	0	12847	10.54	19.87	8.37	4.97	11175	19.31	33.67	8.23	4.97	12355	12.55	23.54	8.29	4.97	10858	22.67	37.64	8.13	4.99	11345	18.22	32.25	8.35	4.89	10364	30.06	44.46	8.22	4.99															2018-05-05 09:30:00
05.05.2018	09:36:00	RO_SE_001	3435	254409	180	0	12590	11.49	21.65	8.38	4.97	11175	19.31	33.67	8.2	4.97	12355	12.55	23.54	8.3	4.97	10858	22.67	37.64	8.23	4.99	11346	18.21	32.24	8.31	4.89	10364	30.06	44.46	8.22	4.99															2018-05-05 09:36:00
05.05.2018	09:42:00	RO_SE_001	3435	254410	177	0	12845	10.55	19.88	8.38	4.97	11176	19.30	33.66	8.18	4.97	12355	12.55	23.54	8.27	4.97	10858	22.67	37.64	8.2	4.99	11346	18.21	32.24	8.34	4.89	10364	30.06	44.46	8.2	4.99															2018-05-05 09:42:00
05.05.2018	09:48:00	RO_SE_001	3435	254411	183	0	12846	10.54	19.87	8.4	4.94	11176	19.30	33.66	8.2	4.97	12356	12.55	23.53	8.29	4.97	10859	22.66	37.63	8.2	4.99	11347	18.21	32.23	8.36	4.89	10364	30.06	44.46	8.23	4.99															2018-05-05 09:48:00
05.05.2018	09:54:00	RO_SE_001	3436	254412	177	0	12846	10.54	19.87	8.39	4.97	11176	19.30	33.66	8.2	4.97	12356	12.55	23.53	8.31	4.97	10859	22.66	37.63	8.19	4.99	11347	18.21	32.23	8.32	4.89	10364	30.06	44.46	8.23	4.99															2018-05-05 09:54:00
05.05.2018	10:00:00	RO_SE_001	3435	254413	183	0	12847	10.54	19.87	8.41	4.97	11177	19.29	33.65	8.19	4.97	12357	12.54	23.52	8.33	4.97	10859	22.66	37.63	8.15	4.99	11347	18.21	32.23	8.35	4.89	10364	30.06	44.46	8.23	4.99															2018-05-05 10:00:00
05.05.2018	10:06:00	RO_SE_001	3436	254414	180	0	12846	10.54	19.87	8.41	4.97	11178	19.28	33.64	8.16	4.94	12357	12.54	23.52	8.3	4.97	10859	22.66	37.63	8.16	4.99	11347	18.21	32.23	8.36	4.89	10364	30.06	44.46	8.22	4.99															2018-05-05 10:06:00
05.05.2018	10:12:00	RO_SE_001	3435	254415	177	0	12583	11.52	21.7	8.41	4.97	11177	19.29	33.65	8.2	4.94	12357	12.54	23.52	8.34	4.97	10859	22.66	37.63	8.16	4.99	11348	18.20	32.22	8.34	4.89	10364	30.06	44.46	8.2	4.99															2018-05-05 10:12:00
05.05.2018	10:18:00	RO_SE_001	3435	254416	177	0	12588	11.50	21.66	8.39	4.97	11179	19.27	33.63	8.2	4.94	12358	12.54	23.51	8.28	4.97	10859	22.66	37.63	8.2	4.99	11348	18.20	32.22	8.34	4.89	10364	30.06	44.46	8.2	4.99															2018-05-05 10:18:00
05.05.2018	10:24:00	RO_SE_001	3435	254417	177	0	12846	10.54	19.87	8.43	4.97	11178	19.28	33.64	8.2	4.97	12358	12.54	23.51	8.34	4.97	10860	22.65	37.62	8.14	4.99	11349	18.19	32.21	8.36	4.89	10364	30.06	44.46	8.23	4.99															2018-05-05 10:24:00
05.05.2018	10:30:00	RO_SE_001	3435	254418	180	0	12847	10.54	19.87	8.45	4.97	11179	19.27	33.63	8.19	4.97	12358	12.54	23.51	8.29	4.97	10860	22.65	37.62	8.17	4.99	11349	18.19	32.21	8.34	4.89	10364	30.06	44.46	8.22	4.99															2018-05-05 10:30:00
05.05.2018	10:36:00	RO_SE_001	3435	254419	177	0	12847	10.54	19.87	8.43	4.97	11180	19.26	33.61	8.18	4.97	12359	12.53	23.5	8.34	4.97	10860	22.65	37.62	8.2	4.99	11349	18.19	32.21	8.34	4.91	10364	30.06	44.46	8.22	4.99															2018-05-05 10:36:00
05.05.2018	10:42:00	RO_SE_001	3435	254420	180	0	12592	11.49	21.63	8.41	4.97	11180	19.26	33.61	8.15	4.97	12358	12.54	23.51	8.3	4.97	10860	22.65	37.62	8.17	4.99	11349	18.19	32.21	8.33	4.91	10364	30.06	44.46	8.19	4.99															2018-05-05 10:42:00
05.05.2018	10:48:00	RO_SE_001	3435	254421	177	0	12847	10.54	19.87	8.42	4.97	11180	19.26	33.61	8.21	4.97	12359	12.53	23.5	8.3	4.97	10860	22.65	37.62	8.17	4.99	11350	18.18	32.2	8.35	4.89	10365	30.04	44.44	8.23	4.99															2018-05-05 10:48:00
05.05.2018	10:54:00	RO_SE_001	3435	254422	177	0	12847	10.54	19.87	8.44	4.97	11181	19.26	33.6	8.18	4.94	12360	12.53	23.5	8.37	4.97	10861	22.64	37.6	8.16	4.99	11350	18.18	32.2	8.36	4.89	10365	30.04	44.44	8.21	4.99															2018-05-05 10:54:00
05.05.2018	11:00:00	RO_SE_001	3436	254423	177	0	12846	10.54	19.87	8.46	4.97	11182	19.25	33.59	8.19	4.97	12361	12.52	23.49	8.34	4.97	10861	22.64	37.6	8.2	4.99	11349	18.19	32.21	8.38	4.89	10365	30.04	44.44	8.23	4.99															2018-05-05 11:00:00
05.05.2018	11:06:00	RO_SE_001	3435	254424	177	0	12847	10.54	19.87	8.48	4.97	11182	19.25	33.59	8.19	4.97	12361	12.52	23.49	8.36	4.97	10861	22.64	37.6	8.16	4.99	11350	18.18	32.2	8.35	4.89	10365	30.04	44.44	8.22	4.99															2018-05-05 11:06:00
05.05.2018	11:12:00	RO_SE_001	3435	254425	177	0	12594	11.48	21.62	8.48	4.94	11183	19.24	33.58	8.19	4.97	12361	12.52	23.49	8.35	4.97	10861	22.64	37.6	8.19	4.99	11350	18.18	32.2	8.36	4.89	10365	30.04	44.44	8.21	4.99															2018-05-05 11:12:00
05.05.2018	11:18:00	RO_SE_001	3435	254426	177	0	12593	11.48	21.63	8.49	4.97	11184	19.23	33.57	8.2	4.97	12362	12.52	23.48	8.37	4.97	10861	22.64	37.6	8.19	4.99	11351	18.18	32.18	8.37	4.89	10365	30.04	44.44	8.18	4.99															2018-05-05 11:18:00
05.05.2018	11:24:00	RO_SE_001	3341	254427	0	0	12594	11.48	21.62	8.5	4.97	11184	19.23	33.57	8.18	4.97	12362	12.52	23.48	8.36	4.97	10862	22.63	37.59	8.2	4.99	11351	18.18	32.18	8.36	4.89	10365	30.04	44.44	8.19	4.99															2018-05-05 11:24:00
05.05.2018	11:30:00	RO_SE_001	3435	254428	168	0	12595	11.47	21.61	8.51	4.94	11185	19.22	33.56	8.16	4.94	12362	12.52	23.48	8.4	4.97	10862	22.63	37.59	8.17	4.99	11351	18.18	32.18	8.38	4.89	10365	30.04	44.44	8.16	4.99															2018-05-05 11:30:00
05.05.2018	11:36:00	RO_SE_001	3436	254429	168	0	12594	11.48	21.62	8.51	4.94	11185	19.22	33.56	8.17	4.97	12363	12.52	23.47	8.38	4.97	10862	22.63	37.59	8.18	4.99	11352	18.17	32.17	8.39	4.91	10365	30.04	44.44	8.17	4.99															2018-05-05 11:36:00
05.05.2018	11:42:00	RO_SE_001	3436	254430	168	0	12594	11.48	21.62	8.54	4.97	11187	19.21	33.54	8.18	4.97	12364	12.51	23.47	8.42	4.97	10863	22.62	37.58	8.13	4.99	11353	18.16	32.16	8.38	4.89	10365	30.04	44.44	8.18	4.99															2018-05-05 11:42:00
05.05.2018	11:48:00	RO_SE_001	3436	254431	171	0	12595	11.47	21.61	8.53	4.97	11187	19.21	33.54	8.17	4.97	12360	12.53	23.5	8.39	4.97	10863	22.62	37.58	8.17	4.99	11353	18.16	32.16	8.38	4.91	10365	30.04	44.44	8.18	4.99															2018-05-05 11:48:00
05.05.2018	11:54:00	RO_SE_001	3436	254432	177	0	12595	11.47	21.61	8.55	4.97	11188	19.20	33.53	8.19	4.97	12365	12.51	23.46	8.38	4.97	10863	22.62	37.58	8.18	4.99	11354	18.15	32.15	8.41	4.89	10366	30.02	44.43	8.18	4.99															2018-05-05 11:54:00
05.05.2018	12:00:00	RO_SE_001	3436	254433	177	0	12595	11.47	21.61	8.55	4.97	11188	19.20	33.53	8.2	4.97	12366	12.50	23.45	8.41	4.97	10863	22.62	37.58	8.16	4.99	11354	18.15	32.15	8.39	4.89	10366	30.02	44.43	8.21	4.99															2018-05-05 12:00:00
05.05.2018	12:06:00	RO_SE_001	3436	254434	186	0	12595	11.47	21.61	8.54	4.97	11189	19.19	33.52	8.16	4.97	12365	12.51	23.46	8.43	4.97	10863	22.62	37.58	8.15	4.99	11354	18.15	32.15	8.4	4.89	10366	30.02	44.43	8.17	4.99															2018-05-05 12:06:00
05.05.2018	12:12:00	RO_SE_001	3436	254435	171	0	12595	11.47	21.61	8.55	4.94	11188	19.20	33.53	8.16	4.94	12366	12.50	23.45	8.41	4.97	10864	22.61	37.57	8.15	4.99	11355	18.15	32.14	8.41	4.89	10366	30.02	44.43	8.2	4.99															2018-05-05 12:12:00
05.05.2018	12:18:00	RO_SE_001	3436	254436	168	0	12595	11.47	21.61	8.58	4.97	11189	19.19	33.52	8.16	4.97	12366	12.50	23.45	8.47	4.97	10863	22.62	37.58	8.16	4.99	11355	18.15	32.14	8.4	4.89	10366	30.02	44.43	8.19	4.99															2018-05-05 12:18:00
05.05.2018	12:24:00	RO_SE_001	3436	254437	171	0	12596	11.47	21.61	8.58	4.97	11191	19.17	33.5	8.19	4.97	12367	12.50	23.44	8.46	4.97	10863	22.62	37.58	8.14	4.99	11356	18.14	32.13	8.43	4.89	10366	30.02	44.43	8.21	4.99															2018-05-05 12:24:00
05.05.2018	12:30:00	RO_SE_001	3436	254438	177	0	12597	11.47	21.6	8.6	4.97	11191	19.17	33.5	8.2	4.97	12368	12.49	23.44	8.45	4.97	10863	22.62	37.58	8.16	4.99	11356	18.14	32.13	8.41	4.89	10366	30.02	44.43	8.19	4.99															2018-05-05 12:30:00
05.05.2018	12:36:00	RO_SE_001	3436	254439	183	0	12596	11.47	21.61	8.58	4.97	11191	19.17	33.5	8.16	4.97	12368	12.49	23.44	8.49	4.97	10864	22.61	37.57	8.14	4.99	11357	18.13	32.12	8.45	4.89	10366	30.02	44.43	8.19	4.99															2018-05-05 12:36:00
05.05.2018	12:42:00	RO_SE_001	3270	254440	168	0	12596	11.47	21.61	8.61	4.94	11192	19.17	33.49	8.16	4.97	12369	12.49	23.43	8.49	4.97	10864	22.61	37.57	8.16	4.99	11357	18.13	32.12	8.42	4.89	10367	30.01	44.42	8.2	4.99															2018-05-05 12:42:00
05.05.2018	12:48:00	RO_SE_001	3439	254441	183	0	12596	11.47	21.61	8.63	4.97	11192	19.17	33.49	8.15	4.97	12369	12.49	23.43	8.46	4.97	10864	22.61	37.57	8.17	4.99	11356	18.14	32.13	8.45	4.89	10367	30.01	44.42	8.2	4.99															2018-05-05 12:48:00
05.05.2018	12:54:00	RO_SE_001	3439	254442	174	0	12596	11.47	21.61	8.62	4.97	11193	19.16	33.48	8.14	4.97	12370	12.49	23.42	8.48	4.97	10864	22.61	37.57	8.16	4.99	11357	18.13	32.12	8.48	4.89	10367	30.01	44.42	8.19	4.99															2018-05-05 12:54:00
05.05.2018	13:00:00	RO_SE_001	3437	254443	168	0	12597	11.47	21.6	8.64	4.97	11193	19.16	33.48	8.12	4.94	12371	12.48	23.41	8.48	4.97	10865	22.59	37.56	8.14	4.99	11357	18.13	32.12	8.46	4.89	10367	30.01	44.42	8.17	4.99															2018-05-05 13:00:00
05.05.2018	13:06:00	RO_SE_001	3437	254444	171	0	12597	11.47	21.6	8.66	4.94	11196	19.13	33.45	8.16	4.97	12372	12.48	23.41	8.5	4.97	10865	22.59	37.56	8.11	4.99	11358	18.12	32.11	8.44	4.89	10367	30.01	44.42	8.16	4.99															2018-05-05 13:06:00
05.05.2018	13:12:00	RO_SE_001	3437	254445	180	0	12597	11.47	21.6	8.7	4.97	11194	19.15	33.47	8.17	4.97	12372	12.48	23.41	8.54	4.97	10865	22.59	37.56	8.16	4.99	11358	18.12	32.11	8.47	4.89	10367	30.01	44.42	8.17	4.99															2018-05-05 13:12:00
05.05.2018	13:18:00	RO_SE_001	3437	254446	171	0	12597	11.47	21.6	8.66	4.94	11197	19.13	33.44	8.13	4.97	12373	12.47	23.4	8.55	4.97	10865	22.59	37.56	8.12	4.99	11359	18.11	32.1	8.45	4.89	10367	30.01	44.42	8.2	4.99															2018-05-05 13:18:00
05.05.2018	13:24:00	RO_SE_001	3437	254447	168	0	12598	11.46	21.59	8.66	4.94	11197	19.13	33.44	8.16	4.97	12373	12.47	23.4	8.51	4.97	10865	22.59	37.56	8.15	4.99	11359	18.11	32.1	8.49	4.89	10367	30.01	44.42	8.18	4.99															2018-05-05 13:24:00
05.05.2018	13:30:00	RO_SE_001	3436	254448	156	0	12598	11.46	21.59	8.71	4.97	11197	19.13	33.44	8.17	4.97	12373	12.47	23.4	8.53	4.97	10866	22.58	37.55	8.16	4.99	11360	18.11	32.09	8.48	4.91	10367	30.01	44.42	8.14	4.99															2018-05-05 13:30:00
05.05.2018	13:36:00	RO_SE_001	3436	254449	168	0	12598	11.46	21.59	8.73	4.97	11198	19.12	33.43	8.17	4.97	12374	12.47	23.39	8.55	4.97	10866	22.58	37.55	8.14	4.99	11360	18.11	32.09	8.48	4.89	10368	29.99	44.4	8.17	4.99															2018-05-05 13:36:00
05.05.2018	13:42:00	RO_SE_001	3436	254450	168	0	12598	11.46	21.59	8.73	4.94	11198	19.12	33.43	8.13	4.97	12375	12.46	23.38	8.57	4.97	10866	22.58	37.55	8.15	4.99	11361	18.10	32.08	8.48	4.89	10368	29.99	44.4	8.18	4.99															2018-05-05 13:42:00
05.05.2018	13:48:00	RO_SE_001	3436	254451	168	0	12598	11.46	21.59	8.76	4.97	11198	19.12	33.43	8.16	4.97	12375	12.46	23.38	8.62	4.97	10866	22.58	37.55	8.13	4.99	11361	18.10	32.08	8.49	4.89	10368	29.99	44.4	8.21	4.99															2018-05-05 13:48:00
05.05.2018	13:54:00	RO_SE_001	3436	254452	183	0	12598	11.46	21.59	8.76	4.97	11200	19.10	33.4	8.15	4.97	12376	12.46	23.38	8.59	4.97	10867	22.57	37.53	8.13	4.99	11362	18.09	32.07	8.54	4.91	10368	29.99	44.4	8.2	4.99															2018-05-05 13:54:00
05.05.2018	14:00:00	RO_SE_001	3436	254453	174	0	12598	11.46	21.59	8.77	4.97	11199	19.11	33.42	8.13	4.97	12377	12.46	23.37	8.63	4.97	10867	22.57	37.53	8.16	4.99	11362	18.09	32.07	8.51	4.89	10368	29.99	44.4	8.18	4.99															2018-05-05 14:00:00
05.05.2018	14:06:00	RO_SE_001	3436	254454	174	0	12599	11.46	21.58	8.8	4.97	11201	19.09	33.39	8.13	4.97	12377	12.46	23.37	8.63	4.97	10867	22.57	37.53	8.13	4.99	11362	18.09	32.07	8.52	4.89	10368	29.99	44.4	8.15	4.99															2018-05-05 14:06:00
05.05.2018	14:12:00	RO_SE_001	3436	254455	174	0	12599	11.46	21.58	8.82	4.97	11201	19.09	33.39	8.18	4.97	12378	12.45	23.36	8.63	4.97	10867	22.57	37.53	8.13	4.99	11363	18.08	32.06	8.55	4.89	10368	29.99	44.4	8.16	4.99															2018-05-05 14:12:00
05.05.2018	14:18:00	RO_SE_001	3436	254456	177	0	12599	11.46	21.58	8.84	4.97	11202	19.08	33.38	8.13	4.94	12379	12.45	23.35	8.64	4.97	10868	22.56	37.52	8.13	4.99	11363	18.08	32.06	8.51	4.89	10368	29.99	44.4	8.14	4.99															2018-05-05 14:18:00
05.05.2018	14:24:00	RO_SE_001	3436	254457	177	0	12601	11.45	21.57	8.84	4.97	11202	19.08	33.38	8.15	4.97	12379	12.45	23.35	8.64	4.97	10868	22.56	37.52	8.13	4.99	11363	18.08	32.06	8.52	4.89	10369	29.97	44.39	8.14	4.99															2018-05-05 14:24:00
05.05.2018	14:30:00	RO_SE_001	3436	254458	168	0	12601	11.45	21.57	8.86	4.97	11203	19.08	33.37	8.13	4.97	12380	12.44	23.34	8.62	4.97	10868	22.56	37.52	8.13	4.99	11364	18.08	32.05	8.55	4.89	10369	29.97	44.39	8.16	4.99															2018-05-05 14:30:00
05.05.2018	14:36:00	RO_SE_001	3436	254459	183	0	12601	11.45	21.57	8.83	4.97	11204	19.07	33.36	8.17	4.97	12380	12.44	23.34	8.66	4.97	10868	22.56	37.52	8.14	4.99	11364	18.08	32.05	8.53	4.91	10369	29.97	44.39	8.19	4.99															2018-05-05 14:36:00
05.05.2018	14:42:00	RO_SE_001	3436	254460	168	0	12601	11.45	21.57	8.89	4.97	11204	19.07	33.36	8.15	4.97	12381	12.44	23.34	8.65	4.97	10869	22.55	37.51	8.15	4.99	11365	18.07	32.04	8.56	4.89	10369	29.97	44.39	8.17	4.99															2018-05-05 14:42:00
05.05.2018	14:48:00	RO_SE_001	3436	254461	156	0	12601	11.45	21.57	8.89	4.97	11205	19.06	33.35	8.16	4.97	12382	12.43	23.33	8.64	4.97	10869	22.55	37.51	8.16	4.99	11365	18.07	32.04	8.6	4.89	10369	29.97	44.39	8.16	4.99															2018-05-05 14:48:00
05.05.2018	14:54:00	RO_SE_001	3436	254462	180	0	12602	11.45	21.56	8.9	4.97	11205	19.06	33.35	8.16	4.94	12381	12.44	23.34	8.69	4.97	10869	22.55	37.51	8.16	4.99	11366	18.06	32.03	8.59	4.89	10369	29.97	44.39	8.17	4.99															2018-05-05 14:54:00
05.05.2018	15:00:00	RO_SE_001	3436	254463	180	0	12602	11.45	21.56	8.9	4.97	11205	19.06	33.35	8.2	4.94	12382	12.43	23.33	8.67	4.97	10869	22.55	37.51	8.13	4.99	11366	18.06	32.03	8.61	4.89	10369	29.97	44.39	8.16	4.99															2018-05-05 15:00:00
05.05.2018	15:06:00	RO_SE_001	3436	254464	183	0	12603	11.44	21.55	8.9	4.97	11205	19.06	33.35	8.12	4.97	12383	12.43	23.32	8.71	4.97	10869	22.55	37.51	8.14	4.99	11367	18.05	32.02	8.63	4.89	10369	29.97	44.39	8.15	4.99															2018-05-05 15:06:00
05.05.2018	15:12:00	RO_SE_001	3436	254465	168	0	12603	11.44	21.55	8.92	4.94	11207	19.04	33.33	8.13	4.97	12383	12.43	23.32	8.72	4.97	10870	22.54	37.5	8.11	4.99	11367	18.05	32.02	8.59	4.89	10370	29.95	44.37	8.18	4.99															2018-05-05 15:12:00
05.05.2018	15:18:00	RO_SE_001	3436	254466	144	0	12603	11.44	21.55	8.96	4.97	11207	19.04	33.33	8.13	4.97	12384	12.42	23.31	8.69	4.97	10870	22.54	37.5	8.18	4.99	11368	18.05	32.01	8.61	4.89	10370	29.95	44.37	8.18	4.99															2018-05-05 15:18:00
05.05.2018	15:24:00	RO_SE_001	3436	254467	183	0	12603	11.44	21.55	8.93	4.97	11207	19.04	33.33	8.14	4.97	12384	12.42	23.31	8.73	4.97	10870	22.54	37.5	8.14	4.99	11368	18.05	32.01	8.64	4.91	10370	29.95	44.37	8.19	4.99															2018-05-05 15:24:00
05.05.2018	15:30:00	RO_SE_001	3436	254468	177	0	12604	11.44	21.55	8.95	4.97	11208	19.04	33.32	8.14	4.97	12385	12.42	23.31	8.73	4.97	10870	22.54	37.5	8.16	4.99	11369	18.04	32.0	8.61	4.89	10370	29.95	44.37	8.19	4.99															2018-05-05 15:30:00
05.05.2018	15:36:00	RO_SE_001	3436	254469	171	0	12604	11.44	21.55	8.98	4.97	11209	19.03	33.31	8.15	4.97	12386	12.42	23.3	8.77	4.97	10871	22.53	37.49	8.13	4.99	11369	18.04	32.0	8.63	4.89	10370	29.95	44.37	8.16	4.99															2018-05-05 15:36:00
05.05.2018	15:42:00	RO_SE_001	3436	254470	168	0	12604	11.44	21.55	9.0	4.97	11210	19.02	33.3	8.17	4.97	12386	12.42	23.3	8.77	4.97	10870	22.54	37.5	8.09	4.99	11370	18.03	31.99	8.61	4.89	10369	29.97	44.39	8.18	4.99															2018-05-05 15:42:00
05.05.2018	15:48:00	RO_SE_001	3436	254471	168	0	12605	11.43	21.54	8.98	4.97	11210	19.02	33.3	8.14	4.97	12387	12.41	23.29	8.74	4.97	10870	22.54	37.5	8.12	4.99	11370	18.03	31.99	8.66	4.89	10370	29.95	44.37	8.16	4.99															2018-05-05 15:48:00
05.05.2018	15:54:00	RO_SE_001	3436	254472	183	0	12606	11.43	21.53	9.02	4.97	11210	19.02	33.3	8.16	4.97	12387	12.41	23.29	8.78	4.97	10870	22.54	37.5	8.15	4.99	11371	18.02	31.98	8.64	4.89	10370	29.95	44.37	8.16	4.99															2018-05-05 15:54:00
05.05.2018	16:00:00	RO_SE_001	3436	254473	180	0	12606	11.43	21.53	9.0	4.97	11211	19.01	33.29	8.16	4.94	12388	12.41	23.28	8.77	4.97	10870	22.54	37.5	8.16	4.99	11371	18.02	31.98	8.66	4.89	10370	29.95	44.37	8.15	4.99															2018-05-05 16:00:00
05.05.2018	16:06:00	RO_SE_001	3436	254474	186	0	12605	11.43	21.54	9.02	4.94	11211	19.01	33.29	8.2	4.97	12389	12.40	23.28	8.78	4.97	10871	22.53	37.49	8.14	4.99	11371	18.02	31.98	8.7	4.89	10371	29.94	44.36	8.15	4.99															2018-05-05 16:06:00
05.05.2018	16:12:00	RO_SE_001	3436	254475	171	0	12605	11.43	21.54	9.04	4.97	11212	19.00	33.28	8.13	4.97	12389	12.40	23.28	8.8	4.97	10871	22.53	37.49	8.15	4.99	11371	18.02	31.98	8.67	4.91	10370	29.95	44.37	8.18	4.99															2018-05-05 16:12:00
05.05.2018	16:18:00	RO_SE_001	3436	254476	171	0	12606	11.43	21.53	9.05	4.97	11212	19.00	33.28	8.15	4.97	12390	12.40	23.27	8.8	4.97	10871	22.53	37.49	8.13	4.99	11372	18.02	31.97	8.66	4.89	10370	29.95	44.37	8.18	4.99															2018-05-05 16:18:00
05.05.2018	16:24:00	RO_SE_001	3436	254477	171	0	12608	11.42	21.52	9.05	4.94	11213	19.00	33.27	8.13	4.97	12391	12.39	23.26	8.8	4.97	10871	22.53	37.49	8.13	4.99	11372	18.02	31.97	8.66	4.89	10370	29.95	44.37	8.18	4.99															2018-05-05 16:24:00
05.05.2018	16:30:00	RO_SE_001	3436	254478	156	0	12607	11.43	21.53	9.02	4.97	11213	19.00	33.27	8.16	4.97	12392	12.39	23.25	8.84	4.97	10872	22.52	37.48	8.14	4.99	11373	18.01	31.96	8.69	4.91	10370	29.95	44.37	8.18	4.99															2018-05-05 16:30:00
05.05.2018	16:36:00	RO_SE_001	3436	254479	177	0	12608	11.42	21.52	9.06	4.97	11213	19.00	33.27	8.15	4.94	12392	12.39	23.25	8.87	4.97	10872	22.52	37.48	8.14	4.99	11373	18.01	31.96	8.73	4.91	10371	29.94	44.36	8.18	4.99															2018-05-05 16:36:00
05.05.2018	16:42:00	RO_SE_001	3436	254480	177	0	12608	11.42	21.52	9.07	4.97	11214	18.99	33.26	8.13	4.97	12393	12.39	23.25	8.83	4.97	10872	22.52	37.48	8.16	4.99	11374	18.00	31.95	8.7	4.89	10371	29.94	44.36	8.18	4.99															2018-05-05 16:42:00
05.05.2018	16:48:00	RO_SE_001	3436	254481	183	0	12609	11.42	21.51	9.08	4.94	11215	18.98	33.25	8.15	4.97	12393	12.39	23.25	8.88	4.97	10872	22.52	37.48	8.13	4.99	11374	18.00	31.95	8.71	4.89	10371	29.94	44.36	8.17	4.99															2018-05-05 16:48:00
05.05.2018	16:54:00	RO_SE_001	3436	254482	183	0	12609	11.42	21.51	9.05	4.97	11216	18.97	33.24	8.17	4.97	12393	12.39	23.25	8.87	4.97	10873	22.51	37.47	8.12	4.99	11375	18.00	31.94	8.73	4.89	10371	29.94	44.36	8.18	4.99															2018-05-05 16:54:00
05.05.2018	17:00:00	RO_SE_001	3436	254483	183	0	12610	11.42	21.5	9.1	4.97	11216	18.97	33.24	8.14	4.97	12394	12.38	23.24	8.88	4.97	10873	22.51	37.47	8.14	4.99	11375	18.00	31.94	8.73	4.89	10371	29.94	44.36	8.15	4.99															2018-05-05 17:00:00
05.05.2018	17:06:00	RO_SE_001	3436	254484	168	0	12610	11.42	21.5	9.09	4.97	11217	18.96	33.23	8.16	4.97	12395	12.38	23.23	8.89	4.97	10873	22.51	37.47	8.13	4.99	11376	17.99	31.93	8.73	4.89	10371	29.94	44.36	8.19	4.99															2018-05-05 17:06:00
05.05.2018	17:12:00	RO_SE_001	3436	254485	168	0	12610	11.42	21.5	9.06	4.97	11217	18.96	33.23	8.19	4.94	12395	12.38	23.23	8.88	4.97	10873	22.51	37.47	8.12	4.99	11376	17.99	31.93	8.73	4.89	10371	29.94	44.36	8.16	4.99															2018-05-05 17:12:00
05.05.2018	17:18:00	RO_SE_001	3436	254486	168	0	12611	11.41	21.5	9.11	4.97	11218	18.96	33.22	8.17	4.94	12396	12.37	23.22	8.88	4.97	10873	22.51	37.47	8.13	4.99	11377	17.98	31.92	8.73	4.89	10371	29.94	44.36	8.2	4.99															2018-05-05 17:18:00
05.05.2018	17:24:00	RO_SE_001	3436	254487	168	0	12611	11.41	21.5	9.11	4.94	11218	18.96	33.22	8.18	4.97	12397	12.37	23.22	8.91	4.97	10874	22.50	37.45	8.15	4.99	11377	17.98	31.92	8.73	4.89	10371	29.94	44.36	8.18	4.99															2018-05-05 17:24:00
05.05.2018	17:30:00	RO_SE_001	3271	254488	168	0	12612	11.41	21.49	9.13	4.94	11219	18.95	33.21	8.13	4.94	12397	12.37	23.22	8.9	4.94	10874	22.50	37.45	8.16	4.99	11378	17.97	31.91	8.76	4.89	10372	29.92	44.35	8.17	4.99															2018-05-05 17:30:00
05.05.2018	17:36:00	RO_SE_001	3439	254489	168	0	12611	11.41	21.5	9.14	4.94	11219	18.95	33.21	8.12	4.97	12398	12.36	23.21	8.91	4.97	10874	22.50	37.45	8.12	4.99	11378	17.97	31.91	8.77	4.89	10372	29.92	44.35	8.17	4.99															2018-05-05 17:36:00
05.05.2018	17:42:00	RO_SE_001	3437	254490	132	0	12611	11.41	21.5	9.15	4.97	11219	18.95	33.21	8.16	4.97	12399	12.36	23.2	8.94	4.97	10874	22.50	37.45	8.18	4.99	11378	17.97	31.91	8.75	4.89	10372	29.92	44.35	8.16	4.99															2018-05-05 17:42:00
05.05.2018	17:48:00	RO_SE_001	3437	254491	150	0	12611	11.41	21.5	9.15	4.97	11220	18.94	33.2	8.18	4.97	12400	12.36	23.19	8.95	4.97	10875	22.49	37.44	8.13	4.99	11378	17.97	31.91	8.77	4.89	10372	29.92	44.35	8.17	4.99															2018-05-05 17:48:00
05.05.2018	17:54:00	RO_SE_001	3437	254492	114	0	12612	11.41	21.49	9.13	4.94	11219	18.95	33.21	8.14	4.97	12400	12.36	23.19	8.95	4.97	10875	22.49	37.44	8.15	4.99	11379	17.97	31.9	8.76	4.91	10372	29.92	44.35	8.21	4.99															2018-05-05 17:54:00
05.05.2018	18:00:00	RO_SE_001	3437	254493	114	0	12612	11.41	21.49	9.16	4.97	11219	18.95	33.21	8.16	4.97	12400	12.36	23.19	8.93	4.97	10875	22.49	37.44	8.15	4.99	11379	17.97	31.9	8.79	4.89	10372	29.92	44.35	8.19	4.99															2018-05-05 18:00:00
05.05.2018	18:06:00	RO_SE_001	3437	254494	135	0	12612	11.41	21.49	9.17	4.97	11221	18.93	33.19	8.18	4.97	12400	12.36	23.19	8.94	4.97	10875	22.49	37.44	8.13	4.99	11380	17.96	31.89	8.81	4.89	10372	29.92	44.35	8.19	4.99															2018-05-05 18:06:00
05.05.2018	18:12:00	RO_SE_001	3437	254495	135	0	12614	11.40	21.48	9.19	4.94	11221	18.93	33.19	8.16	4.97	12401	12.35	23.19	8.92	4.97	10875	22.49	37.44	8.13	4.99	11380	17.96	31.89	8.81	4.89	10372	29.92	44.35	8.2	4.99															2018-05-05 18:12:00
05.05.2018	18:18:00	RO_SE_001	3436	254496	114	0	12614	11.40	21.48	9.2	4.94	11221	18.93	33.19	8.16	4.97	12401	12.35	23.19	8.98	4.97	10876	22.48	37.43	8.16	4.99	11381	17.95	31.88	8.8	4.89	10373	29.90	44.33	8.2	4.99															2018-05-05 18:18:00
05.05.2018	18:24:00	RO_SE_001	3437	254497	111	0	12616	11.39	21.46	9.2	4.94	11222	18.92	33.18	8.17	4.97	12402	12.35	23.18	8.96	4.97	10876	22.48	37.43	8.16	4.99	11381	17.95	31.88	8.8	4.89	10373	29.90	44.33	8.2	4.99															2018-05-05 18:24:00
05.05.2018	18:30:00	RO_SE_001	3437	254498	111	0	12615	11.40	21.47	9.14	4.97	11222	18.92	33.18	8.15	4.97	12403	12.34	23.17	8.97	4.97	10876	22.48	37.43	8.14	4.99	11382	17.94	31.87	8.84	4.89	10373	29.90	44.33	8.15	4.99															2018-05-05 18:30:00
05.05.2018	18:36:00	RO_SE_001	3437	254499	111	0	12615	11.40	21.47	9.21	4.97	11223	18.92	33.16	8.16	4.97	12404	12.34	23.16	8.98	4.97	10876	22.48	37.43	8.14	4.99	11382	17.94	31.87	8.83	4.89	10373	29.90	44.33	8.16	4.99															2018-05-05 18:36:00
05.05.2018	18:42:00	RO_SE_001	3436	254500	132	0	12615	11.40	21.47	9.18	4.94	11223	18.92	33.16	8.15	4.97	12404	12.34	23.16	8.97	4.97	10877	22.47	37.42	8.16	4.99	11383	17.94	31.86	8.81	4.91	10373	29.90	44.33	8.22	4.99															2018-05-05 18:42:00
05.05.2018	18:48:00	RO_SE_001	3437	254501	132	0	12616	11.39	21.46	9.18	4.97	11223	18.92	33.16	8.16	4.94	12405	12.33	23.16	8.98	4.97	10877	22.47	37.42	8.15	4.99	11383	17.94	31.86	8.82	4.89	10373	29.90	44.33	8.2	4.99															2018-05-05 18:48:00
05.05.2018	18:54:00	RO_SE_001	3436	254502	132	0	12616	11.39	21.46	9.22	4.97	11224	18.91	33.15	8.16	4.97	12405	12.33	23.16	8.98	4.97	10877	22.47	37.42	8.13	4.99	11384	17.93	31.85	8.82	4.89	10373	29.90	44.33	8.2	4.99															2018-05-05 18:54:00
05.05.2018	19:00:00	RO_SE_001	3436	254503	132	0	12617	11.39	21.46	9.2	4.97	11223	18.92	33.16	8.18	4.97	12405	12.33	23.16	9.03	4.97	10877	22.47	37.42	8.14	4.99	11384	17.93	31.85	8.84	4.89	10373	29.90	44.33	8.21	4.99															2018-05-05 19:00:00
05.05.2018	19:06:00	RO_SE_001	3436	254504	135	0	12617	11.39	21.46	9.2	4.94	11224	18.91	33.15	8.18	4.97	12406	12.33	23.15	8.99	4.97	10877	22.47	37.42	8.15	4.99	11384	17.93	31.85	8.82	4.89	10373	29.90	44.33	8.2	4.99															2018-05-05 19:06:00
05.05.2018	19:12:00	RO_SE_001	3436	254505	138	0	12617	11.39	21.46	9.2	4.97	11224	18.91	33.15	8.15	4.97	12406	12.33	23.15	9.01	4.97	10878	22.46	37.41	8.19	4.99	11385	17.92	31.84	8.84	4.89	10374	29.88	44.32	8.2	4.99															2018-05-05 19:12:00
05.05.2018	19:18:00	RO_SE_001	3436	254506	105	0	12617	11.39	21.46	9.23	4.97	11224	18.91	33.15	8.16	4.97	12407	12.33	23.14	9.01	4.97	10878	22.46	37.41	8.16	4.99	11384	17.93	31.85	8.88	4.91	10374	29.88	44.32	8.2	4.99															2018-05-05 19:18:00
05.05.2018	19:24:00	RO_SE_001	3436	254507	132	0	12618	11.38	21.45	9.23	4.97	11225	18.90	33.14	8.17	4.97	12407	12.33	23.14	8.99	4.97	10877	22.47	37.42	8.16	4.99	11385	17.92	31.84	8.86	4.89	10374	29.88	44.32	8.2	4.99															2018-05-05 19:24:00
05.05.2018	19:30:00	RO_SE_001	3436	254508	132	0	12618	11.38	21.45	9.23	4.97	11224	18.91	33.15	8.18	4.97	12408	12.32	23.13	9.02	4.97	10877	22.47	37.42	8.15	4.99	11385	17.92	31.84	8.87	4.89	10374	29.88	44.32	8.2	4.99															2018-05-05 19:30:00
05.05.2018	19:36:00	RO_SE_001	3436	254509	132	0	12617	11.39	21.46	9.23	4.97	11225	18.90	33.14	8.18	4.97	12407	12.33	23.14	9.02	4.97	10877	22.47	37.42	8.2	4.99	11385	17.92	31.84	8.89	4.91	10374	29.88	44.32	8.19	4.99															2018-05-05 19:36:00
05.05.2018	19:42:00	RO_SE_001	3436	254510	108	0	12615	11.40	21.47	9.22	4.97	11225	18.90	33.14	8.19	4.97	12408	12.32	23.13	9.03	4.97	10877	22.47	37.42	8.13	4.99	11386	17.91	31.83	8.88	4.89	10374	29.88	44.32	8.22	4.99															2018-05-05 19:42:00
05.05.2018	19:48:00	RO_SE_001	3436	254511	132	0	12617	11.39	21.46	9.23	4.97	11225	18.90	33.14	8.23	4.97	12408	12.32	23.13	9.03	4.97	10878	22.46	37.41	8.13	4.99	11386	17.91	31.83	8.89	4.89	10374	29.88	44.32	8.23	4.99															2018-05-05 19:48:00
05.05.2018	19:54:00	RO_SE_001	3436	254512	132	0	12618	11.38	21.45	9.24	4.97	11225	18.90	33.14	8.19	4.97	12409	12.32	23.13	9.04	4.97	10878	22.46	37.41	8.18	4.99	11387	17.91	31.82	8.9	4.91	10374	29.88	44.32	8.2	4.99															2018-05-05 19:54:00
05.05.2018	20:00:00	RO_SE_001	3436	254513	132	0	12616	11.39	21.46	9.23	4.94	11225	18.90	33.14	8.2	4.94	12409	12.32	23.13	9.01	4.97	10878	22.46	37.41	8.17	4.99	11387	17.91	31.82	8.86	4.89	10374	29.88	44.32	8.21	4.99															2018-05-05 20:00:00
05.05.2018	20:06:00	RO_SE_001	3436	254514	117	0	12618	11.38	21.45	9.23	4.97	11226	18.89	33.13	8.2	4.97	12410	12.31	23.12	9.01	4.97	10878	22.46	37.41	8.15	4.99	11387	17.91	31.82	8.88	4.89	10374	29.88	44.32	8.2	4.99															2018-05-05 20:06:00
05.05.2018	20:12:00	RO_SE_001	3436	254515	123	0	12620	11.38	21.43	9.23	4.94	11226	18.89	33.13	8.21	4.94	12410	12.31	23.12	9.07	4.97	10878	22.46	37.41	8.12	4.99	11388	17.90	31.81	8.89	4.89	10375	29.86	44.3	8.23	4.99															2018-05-05 20:12:00
05.05.2018	20:18:00	RO_SE_001	3436	254516	141	0	12620	11.38	21.43	9.26	4.97	11226	18.89	33.13	8.16	4.97	12410	12.31	23.12	9.05	4.97	10879	22.45	37.4	8.19	4.99	11388	17.90	31.81	8.9	4.89	10375	29.86	44.3	8.21	4.99															2018-05-05 20:18:00
05.05.2018	20:24:00	RO_SE_001	3436	254517	141	0	12620	11.38	21.43	9.22	4.94	11225	18.90	33.14	8.2	4.97	12411	12.31	23.11	9.06	4.97	10879	22.45	37.4	8.19	4.99	11388	17.90	31.81	8.89	4.89	10375	29.86	44.3	8.22	4.99															2018-05-05 20:24:00
05.05.2018	20:30:00	RO_SE_001	3435	254518	114	0	12620	11.38	21.43	9.23	4.97	11226	18.89	33.13	8.16	4.97	12411	12.31	23.11	9.06	4.97	10879	22.45	37.4	8.14	4.99	11389	17.89	31.8	8.93	4.89	10375	29.86	44.3	8.22	4.99															2018-05-05 20:30:00
05.05.2018	20:36:00	RO_SE_001	3435	254519	114	0	12620	11.38	21.43	9.24	4.97	11226	18.89	33.13	8.2	4.97	12411	12.31	23.11	9.08	4.97	10879	22.45	37.4	8.16	4.99	11389	17.89	31.8	8.88	4.89	10375	29.86	44.3	8.21	4.99															2018-05-05 20:36:00
05.05.2018	20:42:00	RO_SE_001	3435	254520	114	0	12621	11.37	21.43	9.21	4.97	11226	18.89	33.13	8.2	4.97	12412	12.30	23.1	9.05	4.97	10879	22.45	37.4	8.19	4.99	11390	17.88	31.79	8.91	4.89	10375	29.86	44.3	8.21	4.99															2018-05-05 20:42:00
05.05.2018	20:48:00	RO_SE_001	3435	254521	132	0	12621	11.37	21.43	9.23	4.97	11226	18.89	33.13	8.23	4.97	12412	12.30	23.1	9.05	4.97	10879	22.45	37.4	8.16	4.99	11390	17.88	31.79	8.94	4.91	10375	29.86	44.3	8.23	4.99															2018-05-05 20:48:00
05.05.2018	20:54:00	RO_SE_001	3435	254522	132	0	12621	11.37	21.43	9.23	4.97	11226	18.89	33.13	8.19	4.97	12412	12.30	23.1	9.03	4.97	10880	22.44	37.39	8.16	4.99	11390	17.88	31.79	8.92	4.89	10375	29.86	44.3	8.23	4.99															2018-05-05 20:54:00
05.05.2018	21:00:00	RO_SE_001	3435	254523	132	0	12621	11.37	21.43	9.23	4.97	11226	18.89	33.13	8.17	4.97	12413	12.30	23.1	9.05	4.97	10880	22.44	37.39	8.14	4.99	11391	17.88	31.78	8.92	4.89	10375	29.86	44.3	8.24	4.99															2018-05-05 21:00:00
05.05.2018	21:06:00	RO_SE_001	3435	254524	132	0	12621	11.37	21.43	9.21	4.97	11226	18.89	33.13	8.21	4.97	12413	12.30	23.1	9.04	4.97	10880	22.44	37.39	8.16	4.99	11391	17.88	31.78	8.91	4.89	10375	29.86	44.3	8.23	4.99															2018-05-05 21:06:00
05.05.2018	21:12:00	RO_SE_001	3435	254525	132	0	12621	11.37	21.43	9.25	4.97	11226	18.89	33.13	8.22	4.97	12413	12.30	23.1	9.03	4.97	10880	22.44	37.39	8.16	4.99	11391	17.88	31.78	8.91	4.89	10375	29.86	44.3	8.24	4.99															2018-05-05 21:12:00
05.05.2018	21:18:00	RO_SE_001	3434	254526	132	0	12622	11.37	21.42	9.23	4.97	11226	18.89	33.13	8.2	4.97	12414	12.30	23.09	9.04	4.97	10880	22.44	37.39	8.17	4.99	11392	17.87	31.77	8.95	4.89	10376	29.85	44.29	8.24	4.99															2018-05-05 21:18:00
05.05.2018	21:24:00	RO_SE_001	3434	254527	132	0	12622	11.37	21.42	9.23	4.97	11225	18.90	33.14	8.19	4.97	12414	12.30	23.09	9.03	4.97	10880	22.44	37.39	8.17	4.99	11392	17.87	31.77	8.9	4.89	10376	29.85	44.29	8.22	4.99															2018-05-05 21:24:00
05.05.2018	21:30:00	RO_SE_001	3434	254528	132	0	12622	11.37	21.42	9.23	4.97	11226	18.89	33.13	8.23	4.97	12414	12.30	23.09	9.03	4.97	10881	22.43	37.37	8.16	4.99	11391	17.88	31.78	8.91	4.89	10376	29.85	44.29	8.24	4.99															2018-05-05 21:30:00
05.05.2018	21:36:00	RO_SE_001	3434	254529	183	0	12622	11.37	21.42	9.22	4.97	11225	18.90	33.14	8.22	4.97	12414	12.30	23.09	9.03	4.97	10881	22.43	37.37	8.2	4.99	11392	17.87	31.77	8.91	4.89	10376	29.85	44.29	8.23	4.99															2018-05-05 21:36:00
05.05.2018	21:42:00	RO_SE_001	3433	254530	186	0	12622	11.37	21.42	9.22	4.97	11225	18.90	33.14	8.2	4.97	12414	12.30	23.09	9.03	4.97	10881	22.43	37.37	8.16	4.99	11392	17.87	31.77	8.92	4.89	10376	29.85	44.29	8.2	4.99															2018-05-05 21:42:00
05.05.2018	21:48:00	RO_SE_001	3434	254531	183	0	12622	11.37	21.42	9.2	4.97	11225	18.90	33.14	8.23	4.97	12414	12.30	23.09	9.05	4.97	10881	22.43	37.37	8.18	4.99	11392	17.87	31.77	8.92	4.89	10376	29.85	44.29	8.25	4.99															2018-05-05 21:48:00
05.05.2018	21:54:00	RO_SE_001	3434	254532	183	0	12622	11.37	21.42	9.21	4.94	11225	18.90	33.14	8.22	4.97	12415	12.29	23.08	9.02	4.97	10881	22.43	37.37	8.2	4.99	11392	17.87	31.77	8.92	4.89	10376	29.85	44.29	8.22	4.99															2018-05-05 21:54:00
05.05.2018	22:00:00	RO_SE_001	3434	254533	183	0	12622	11.37	21.42	9.2	4.97	11225	18.90	33.14	8.2	4.97	12415	12.29	23.08	9.02	4.97	10881	22.43	37.37	8.17	4.99	11393	17.86	31.76	8.95	4.89	10376	29.85	44.29	8.23	4.99															2018-05-05 22:00:00
05.05.2018	22:06:00	RO_SE_001	3434	254534	183	0	12622	11.37	21.42	9.2	4.97	11225	18.90	33.14	8.22	4.94	12415	12.29	23.08	9.05	4.97	10881	22.43	37.37	8.2	4.99	11393	17.86	31.76	8.91	4.89	10376	29.85	44.29	8.25	4.99															2018-05-05 22:06:00
05.05.2018	22:12:00	RO_SE_001	3433	254535	183	0	12623	11.36	21.41	9.23	4.94	11225	18.90	33.14	8.25	4.97	12416	12.29	23.07	9.02	4.97	10882	22.42	37.36	8.19	4.99	11393	17.86	31.76	8.92	4.91	10376	29.85	44.29	8.22	4.99															2018-05-05 22:12:00
05.05.2018	22:18:00	RO_SE_001	3433	254536	180	0	12623	11.36	21.41	9.23	4.97	11225	18.90	33.14	8.23	4.97	12416	12.29	23.07	9.03	4.97	10882	22.42	37.36	8.18	4.99	11394	17.85	31.75	8.91	4.89	10376	29.85	44.29	8.23	4.99															2018-05-05 22:18:00
05.05.2018	22:24:00	RO_SE_001	3433	254537	183	0	12623	11.36	21.41	9.22	4.97	11225	18.90	33.14	8.24	4.97	12416	12.29	23.07	9.04	4.97	10882	22.42	37.36	8.2	4.99	11394	17.85	31.75	8.91	4.89	10376	29.85	44.29	8.24	4.99															2018-05-05 22:24:00
05.05.2018	22:30:00	RO_SE_001	3433	254538	183	0	12622	11.37	21.42	9.18	4.97	11225	18.90	33.14	8.22	4.97	12416	12.29	23.07	9.02	4.97	10882	22.42	37.36	8.19	4.99	11394	17.85	31.75	8.97	4.89	10376	29.85	44.29	8.26	4.99															2018-05-05 22:30:00
05.05.2018	22:36:00	RO_SE_001	3433	254539	183	0	12622	11.37	21.42	9.2	4.97	11225	18.90	33.14	8.24	4.97	12417	12.28	23.06	9.02	4.97	10882	22.42	37.36	8.2	4.99	11395	17.85	31.74	8.88	4.89	10376	29.85	44.29	8.27	4.99															2018-05-05 22:36:00
05.05.2018	22:42:00	RO_SE_001	3433	254540	183	0	12622	11.37	21.42	9.19	4.97	11225	18.90	33.14	8.23	4.97	12417	12.28	23.06	9.0	4.97	10882	22.42	37.36	8.2	4.99	11395	17.85	31.74	8.93	4.89	10376	29.85	44.29	8.3	4.99															2018-05-05 22:42:00
05.05.2018	22:48:00	RO_SE_001	3432	254541	183	0	12622	11.37	21.42	9.18	4.97	11225	18.90	33.14	8.24	4.97	12417	12.28	23.06	8.98	4.97	10882	22.42	37.36	8.19	4.99	11395	17.85	31.74	8.9	4.89	10377	29.83	44.28	8.26	4.99															2018-05-05 22:48:00
05.05.2018	22:54:00	RO_SE_001	3433	254542	186	0	12622	11.37	21.42	9.21	4.97	11225	18.90	33.14	8.27	4.94	12418	12.28	23.06	9.03	4.97	10882	22.42	37.36	8.17	4.99	11395	17.85	31.74	8.9	4.89	10377	29.83	44.28	8.29	4.99															2018-05-05 22:54:00
05.05.2018	23:00:00	RO_SE_001	3432	254543	183	0	12623	11.36	21.41	9.18	4.97	11225	18.90	33.14	8.23	4.97	12418	12.28	23.06	8.99	4.97	10883	22.41	37.35	8.17	4.99	11396	17.84	31.73	8.91	4.89	10377	29.83	44.28	8.27	4.99															2018-05-05 23:00:00
05.05.2018	23:06:00	RO_SE_001	3432	254544	183	0	12623	11.36	21.41	9.17	4.97	11225	18.90	33.14	8.25	4.97	12418	12.28	23.06	9.02	4.97	10883	22.41	37.35	8.18	4.99	11396	17.84	31.73	8.95	4.89	10377	29.83	44.28	8.24	4.99															2018-05-05 23:06:00
05.05.2018	23:12:00	RO_SE_001	3433	254545	186	0	12623	11.36	21.41	9.18	4.97	11225	18.90	33.14	8.25	4.97	12418	12.28	23.06	8.99	4.97	10883	22.41	37.35	8.2	4.99	11396	17.84	31.73	8.91	4.91	10377	29.83	44.28	8.23	4.99															2018-05-05 23:12:00
05.05.2018	23:18:00	RO_SE_001	3433	254546	183	0	12623	11.36	21.41	9.17	4.97	11225	18.90	33.14	8.23	4.97	12419	12.27	23.05	8.98	4.97	10883	22.41	37.35	8.17	4.99	11396	17.84	31.73	8.92	4.89	10377	29.83	44.28	8.27	4.99															2018-05-05 23:18:00
05.05.2018	23:24:00	RO_SE_001	3432	254547	183	0	12624	11.36	21.41	9.18	4.97	11225	18.90	33.14	8.23	4.97	12419	12.27	23.05	8.99	4.97	10883	22.41	37.35	8.22	4.99	11397	17.83	31.72	8.92	4.91	10377	29.83	44.28	8.26	4.99															2018-05-05 23:24:00
05.05.2018	23:30:00	RO_SE_001	3432	254548	183	0	12624	11.36	21.41	9.19	4.97	11225	18.90	33.14	8.24	4.97	12420	12.27	23.04	8.97	4.97	10884	22.40	37.34	8.22	4.99	11397	17.83	31.72	8.88	4.89	10377	29.83	44.28	8.27	4.99															2018-05-05 23:30:00
05.05.2018	23:36:00	RO_SE_001	3432	254549	183	0	12625	11.36	21.4	9.13	4.97	11225	18.90	33.14	8.25	4.97	12420	12.27	23.04	8.98	4.97	10884	22.40	37.34	8.19	4.99	11397	17.83	31.72	8.88	4.89	10377	29.83	44.28	8.27	4.99															2018-05-05 23:36:00
05.05.2018	23:42:00	RO_SE_001	3432	254550	183	0	12625	11.36	21.4	9.13	4.94	11225	18.90	33.14	8.26	4.94	12420	12.27	23.04	8.99	4.97	10884	22.40	37.34	8.23	4.99	11398	17.82	31.71	8.88	4.89	10377	29.83	44.28	8.27	4.99															2018-05-05 23:42:00
05.05.2018	23:48:00	RO_SE_001	3432	254551	180	0	12624	11.36	21.41	9.15	4.97	11225	18.90	33.14	8.27	4.97	12420	12.27	23.04	8.97	4.97	10884	22.40	37.34	8.2	4.99	11398	17.82	31.71	8.91	4.89	10377	29.83	44.28	8.27	4.99															2018-05-05 23:48:00
05.05.2018	23:54:00	RO_SE_001	3431	254552	183	0	12625	11.36	21.4	9.15	4.97	11225	18.90	33.14	8.27	4.97	12420	12.27	23.04	8.95	4.97	10884	22.40	37.34	8.21	4.99	11398	17.82	31.71	8.92	4.89	10377	29.83	44.28	8.26	4.99															2018-05-05 23:54:00
