07.05.2018	00:00:00	RO_SE_001	3417	254793	177	0	12686	11.12	20.97	9.55	4.94	11280	18.47	32.58	8.38	4.97	12513	11.88	22.35	9.34	4.97	10922	22.01	36.91	8.33	4.99	11470	17.31	30.99	9.21	4.91	10393	29.55	44.05	8.4	4.99															2018-05-07 00:00:00
07.05.2018	00:06:00	RO_SE_001	3417	254794	171	0	12686	11.12	20.97	9.49	4.94	11280	18.47	32.58	8.36	4.97	12513	11.88	22.35	9.36	4.97	10923	22.00	36.9	8.3	4.99	11470	17.31	30.99	9.19	4.89	10393	29.55	44.05	8.41	4.99															2018-05-07 00:06:00
07.05.2018	00:12:00	RO_SE_001	3417	254795	171	0	12686	11.12	20.97	9.53	4.94	11280	18.47	32.58	8.38	4.94	12513	11.88	22.35	9.34	4.97	10923	22.00	36.9	8.36	4.99	11470	17.31	30.99	9.23	4.89	10393	29.55	44.05	8.39	4.99															2018-05-07 00:12:00
07.05.2018	00:18:00	RO_SE_001	3417	254796	174	0	12688	11.12	20.95	9.52	4.97	11280	18.47	32.58	8.38	4.97	12513	11.88	22.35	9.3	4.97	10923	22.00	36.9	8.34	4.99	11470	17.31	30.99	9.24	4.91	10393	29.55	44.05	8.38	4.99															2018-05-07 00:18:00
07.05.2018	00:24:00	RO_SE_001	3416	254797	174	0	12687	11.12	20.96	9.51	4.97	11280	18.47	32.58	8.36	4.97	12514	11.88	22.34	9.29	4.97	10923	22.00	36.9	8.32	4.99	11470	17.31	30.99	9.2	4.89	10393	29.55	44.05	8.42	4.99															2018-05-07 00:24:00
07.05.2018	00:30:00	RO_SE_001	3416	254798	174	0	12687	11.12	20.96	9.54	4.97	11280	18.47	32.58	8.39	4.97	12514	11.88	22.34	9.29	4.97	10923	22.00	36.9	8.35	4.99	11471	17.30	30.98	9.2	4.89	10393	29.55	44.05	8.4	4.99															2018-05-07 00:30:00
07.05.2018	00:36:00	RO_SE_001	3416	254799	171	0	12687	11.12	20.96	9.52	4.97	11280	18.47	32.58	8.4	4.94	12514	11.88	22.34	9.32	4.97	10923	22.00	36.9	8.3	4.99	11471	17.30	30.98	9.2	4.89	10393	29.55	44.05	8.4	4.99															2018-05-07 00:36:00
07.05.2018	00:42:00	RO_SE_001	3414	254800	171	0	12687	11.12	20.96	9.52	4.97	11280	18.47	32.58	8.39	4.97	12515	11.87	22.34	9.32	4.97	10923	22.00	36.9	8.34	4.99	11471	17.30	30.98	9.18	4.89	10393	29.55	44.05	8.41	4.99															2018-05-07 00:42:00
07.05.2018	00:48:00	RO_SE_001	3414	254801	171	0	12687	11.12	20.96	9.49	4.97	11280	18.47	32.58	8.41	4.94	12515	11.87	22.34	9.29	4.97	10923	22.00	36.9	8.34	4.99	11472	17.29	30.97	9.21	4.91	10393	29.55	44.05	8.4	4.99															2018-05-07 00:48:00
07.05.2018	00:54:00	RO_SE_001	3414	254802	171	0	12687	11.12	20.96	9.47	4.94	11280	18.47	32.58	8.4	4.97	12515	11.87	22.34	9.28	4.97	10924	21.99	36.88	8.37	4.99	11472	17.29	30.97	9.18	4.89	10393	29.55	44.05	8.41	4.99															2018-05-07 00:54:00
07.05.2018	01:00:00	RO_SE_001	3414	254803	174	0	12687	11.12	20.96	9.48	4.97	11280	18.47	32.58	8.38	4.97	12515	11.87	22.34	9.27	4.97	10924	21.99	36.88	8.32	4.99	11472	17.29	30.97	9.22	4.89	10393	29.55	44.05	8.41	4.99															2018-05-07 01:00:00
07.05.2018	01:06:00	RO_SE_001	3414	254804	174	0	12687	11.12	20.96	9.46	4.97	11280	18.47	32.58	8.41	4.97	12516	11.87	22.33	9.3	4.97	10924	21.99	36.88	8.35	4.99	11473	17.29	30.96	9.21	4.89	10394	29.53	44.04	8.4	4.99															2018-05-07 01:06:00
07.05.2018	01:12:00	RO_SE_001	3239	254805	174	0	12687	11.12	20.96	9.43	4.97	11280	18.47	32.58	8.4	4.94	12516	11.87	22.33	9.26	4.97	10924	21.99	36.88	8.3	4.99	11473	17.29	30.96	9.17	4.89	10394	29.53	44.04	8.44	4.99															2018-05-07 01:12:00
07.05.2018	01:18:00	RO_SE_001	3419	254806	174	0	12687	11.12	20.96	9.47	4.97	11279	18.48	32.59	8.39	4.97	12516	11.87	22.33	9.27	4.97	10924	21.99	36.88	8.34	4.99	11473	17.29	30.96	9.2	4.89	10394	29.53	44.04	8.41	4.99															2018-05-07 01:18:00
07.05.2018	01:24:00	RO_SE_001	3418	254807	174	0	12688	11.12	20.95	9.45	4.97	11280	18.47	32.58	8.41	4.97	12516	11.87	22.33	9.27	4.97	10924	21.99	36.88	8.35	4.99	11473	17.29	30.96	9.17	4.89	10394	29.53	44.04	8.44	4.99															2018-05-07 01:24:00
07.05.2018	01:30:00	RO_SE_001	3416	254808	174	0	12688	11.12	20.95	9.47	4.97	11280	18.47	32.58	8.41	4.94	12516	11.87	22.33	9.24	4.97	10924	21.99	36.88	8.38	4.99	11474	17.28	30.95	9.16	4.89	10394	29.53	44.04	8.41	4.99															2018-05-07 01:30:00
07.05.2018	01:36:00	RO_SE_001	3416	254809	174	0	12688	11.12	20.95	9.45	4.94	11280	18.47	32.58	8.41	4.94	12517	11.87	22.32	9.26	4.97	10924	21.99	36.88	8.36	4.99	11474	17.28	30.95	9.16	4.89	10394	29.53	44.04	8.42	4.99															2018-05-07 01:36:00
07.05.2018	01:42:00	RO_SE_001	3416	254810	180	0	12687	11.12	20.96	9.42	4.97	11280	18.47	32.58	8.42	4.97	12517	11.87	22.32	9.27	4.97	10925	21.98	36.87	8.33	4.99	11474	17.28	30.95	9.16	4.89	10394	29.53	44.04	8.41	4.99															2018-05-07 01:42:00
07.05.2018	01:48:00	RO_SE_001	3415	254811	180	0	12688	11.12	20.95	9.43	4.94	11280	18.47	32.58	8.38	4.94	12517	11.87	22.32	9.23	4.97	10925	21.98	36.87	8.35	4.99	11474	17.28	30.95	9.16	4.91	10394	29.53	44.04	8.43	4.99															2018-05-07 01:48:00
07.05.2018	02:00:00	RO_SE_001	3414	254813	183	0	12687	11.12	20.96	9.41	4.97	11279	18.48	32.59	8.38	4.97	12518	11.86	22.32	9.23	4.97	10925	21.98	36.87	8.32	4.99	11475	17.27	30.94	9.14	4.89	10394	29.53	44.04	8.44	4.99															2018-05-07 02:00:00
07.05.2018	02:06:00	RO_SE_001	3414	254814	183	0	12687	11.12	20.96	9.39	4.97	11279	18.48	32.59	8.41	4.97	12518	11.86	22.32	9.24	4.97	10925	21.98	36.87	8.34	4.99	11475	17.27	30.94	9.16	4.89	10394	29.53	44.04	8.43	4.99															2018-05-07 02:06:00
07.05.2018	02:12:00	RO_SE_001	3414	254815	183	0	12687	11.12	20.96	9.38	4.97	11279	18.48	32.59	8.47	4.97	12518	11.86	22.32	9.2	4.97	10925	21.98	36.87	8.34	4.99	11475	17.27	30.94	9.15	4.89	10394	29.53	44.04	8.47	4.99															2018-05-07 02:12:00
07.05.2018	02:18:00	RO_SE_001	3414	254816	183	0	12687	11.12	20.96	9.41	4.97	11279	18.48	32.59	8.41	4.94	12518	11.86	22.32	9.2	4.97	10925	21.98	36.87	8.33	4.99	11475	17.27	30.94	9.14	4.89	10394	29.53	44.04	8.46	4.99															2018-05-07 02:18:00
07.05.2018	02:24:00	RO_SE_001	3414	254817	183	0	12687	11.12	20.96	9.38	4.94	11279	18.48	32.59	8.41	4.97	12519	11.86	22.31	9.18	4.97	10925	21.98	36.87	8.37	4.99	11476	17.27	30.93	9.14	4.89	10394	29.53	44.04	8.45	4.99															2018-05-07 02:24:00
07.05.2018	02:30:00	RO_SE_001	3414	254818	177	0	12687	11.12	20.96	9.36	4.97	11279	18.48	32.59	8.4	4.97	12519	11.86	22.31	9.21	4.97	10926	21.97	36.86	8.37	4.99	11476	17.27	30.93	9.16	4.89	10394	29.53	44.04	8.43	4.99															2018-05-07 02:30:00
07.05.2018	02:36:00	RO_SE_001	3412	254819	174	0	12687	11.12	20.96	9.37	4.97	11279	18.48	32.59	8.37	4.97	12519	11.86	22.31	9.21	4.97	10926	21.97	36.86	8.34	4.99	11476	17.27	30.93	9.16	4.89	10394	29.53	44.04	8.41	4.99															2018-05-07 02:36:00
07.05.2018	02:42:00	RO_SE_001	3414	254820	174	0	12688	11.12	20.95	9.34	4.97	11279	18.48	32.59	8.41	4.97	12519	11.86	22.31	9.18	4.97	10926	21.97	36.86	8.36	4.99	11475	17.27	30.94	9.14	4.89	10394	29.53	44.04	8.45	4.99															2018-05-07 02:42:00
07.05.2018	02:48:00	RO_SE_001	3414	254821	171	0	12688	11.12	20.95	9.36	4.97	11279	18.48	32.59	8.4	4.97	12520	11.85	22.3	9.16	4.97	10926	21.97	36.86	8.38	4.99	11476	17.27	30.93	9.14	4.89	10394	29.53	44.04	8.44	4.99															2018-05-07 02:48:00
07.05.2018	02:54:00	RO_SE_001	3413	254822	177	0	12688	11.12	20.95	9.34	4.94	11279	18.48	32.59	8.43	4.97	12519	11.86	22.31	9.18	4.97	10926	21.97	36.86	8.37	4.99	11476	17.27	30.93	9.11	4.89	10394	29.53	44.04	8.42	4.99															2018-05-07 02:54:00
07.05.2018	03:00:00	RO_SE_001	3413	254823	180	0	12687	11.12	20.96	9.29	4.97	11279	18.48	32.59	8.44	4.97	12519	11.86	22.31	9.2	4.97	10926	21.97	36.86	8.38	4.99	11477	17.26	30.92	9.11	4.89	10394	29.53	44.04	8.45	4.99															2018-05-07 03:00:00
07.05.2018	03:06:00	RO_SE_001	3413	254824	177	0	12687	11.12	20.96	9.33	4.97	11279	18.48	32.59	8.42	4.97	12520	11.85	22.3	9.17	4.97	10927	21.96	36.85	8.38	4.99	11477	17.26	30.92	9.13	4.89	10394	29.53	44.04	8.45	4.99															2018-05-07 03:06:00
07.05.2018	03:12:00	RO_SE_001	3413	254825	180	0	12688	11.12	20.95	9.32	4.97	11279	18.48	32.59	8.41	4.97	12520	11.85	22.3	9.16	4.97	10926	21.97	36.86	8.35	4.99	11477	17.26	30.92	9.11	4.89	10395	29.51	44.02	8.45	4.99															2018-05-07 03:12:00
07.05.2018	03:18:00	RO_SE_001	3412	254826	177	0	12689	11.11	20.95	9.34	4.97	11279	18.48	32.59	8.45	4.97	12520	11.85	22.3	9.16	4.97	10926	21.97	36.86	8.36	4.99	11477	17.26	30.92	9.1	4.89	10395	29.51	44.02	8.44	4.99															2018-05-07 03:18:00
07.05.2018	03:24:00	RO_SE_001	3412	254827	177	0	12689	11.11	20.95	9.32	4.94	11279	18.48	32.59	8.4	4.94	12520	11.85	22.3	9.14	4.97	10926	21.97	36.86	8.37	4.99	11477	17.26	30.92	9.09	4.89	10395	29.51	44.02	8.45	4.99															2018-05-07 03:24:00
07.05.2018	03:30:00	RO_SE_001	3412	254828	180	0	12689	11.11	20.95	9.29	4.94	11279	18.48	32.59	8.44	4.97	12520	11.85	22.3	9.14	4.97	10926	21.97	36.86	8.37	4.99	11477	17.26	30.92	9.09	4.89	10395	29.51	44.02	8.48	4.99															2018-05-07 03:30:00
07.05.2018	03:36:00	RO_SE_001	3412	254829	183	0	12689	11.11	20.95	9.3	4.97	11279	18.48	32.59	8.41	4.97	12521	11.85	22.29	9.13	4.97	10926	21.97	36.86	8.35	4.99	11478	17.25	30.91	9.11	4.89	10395	29.51	44.02	8.47	4.99															2018-05-07 03:36:00
07.05.2018	03:42:00	RO_SE_001	3411	254830	174	0	12689	11.11	20.95	9.32	4.97	11279	18.48	32.59	8.41	4.97	12521	11.85	22.29	9.11	4.97	10926	21.97	36.86	8.41	4.99	11478	17.25	30.91	9.09	4.89	10395	29.51	44.02	8.45	4.99															2018-05-07 03:42:00
07.05.2018	03:48:00	RO_SE_001	3411	254831	177	0	12689	11.11	20.95	9.27	4.94	11279	18.48	32.59	8.45	4.97	12521	11.85	22.29	9.13	4.97	10926	21.97	36.86	8.36	4.99	11478	17.25	30.91	9.11	4.91	10395	29.51	44.02	8.43	4.99															2018-05-07 03:48:00
07.05.2018	03:54:00	RO_SE_001	3410	254832	174	0	12690	11.11	20.94	9.3	4.97	11279	18.48	32.59	8.41	4.97	12522	11.85	22.29	9.13	4.97	10927	21.96	36.85	8.37	4.99	11478	17.25	30.91	9.08	4.89	10395	29.51	44.02	8.47	4.99															2018-05-07 03:54:00
07.05.2018	04:00:00	RO_SE_001	3410	254833	171	0	12690	11.11	20.94	9.28	4.97	11279	18.48	32.59	8.44	4.97	12522	11.85	22.29	9.07	4.97	10927	21.96	36.85	8.38	4.99	11478	17.25	30.91	9.1	4.89	10395	29.51	44.02	8.48	4.99															2018-05-07 04:00:00
07.05.2018	04:06:00	RO_SE_001	3410	254834	183	0	12690	11.11	20.94	9.25	4.97	11279	18.48	32.59	8.44	4.97	12522	11.85	22.29	9.1	4.97	10927	21.96	36.85	8.36	4.99	11478	17.25	30.91	9.07	4.89	10395	29.51	44.02	8.48	4.99															2018-05-07 04:06:00
07.05.2018	04:18:00	RO_SE_001	3410	254836	180	0	12690	11.11	20.94	9.25	4.94	11279	18.48	32.59	8.45	4.97	12514	11.88	22.34	9.03	4.97	10927	21.96	36.85	8.39	4.99	11479	17.24	30.9	9.05	4.91	10395	29.51	44.02	8.46	4.99															2018-05-07 04:18:00
07.05.2018	04:24:00	RO_SE_001	3409	254837	180	0	12692	11.10	20.93	9.27	4.97	11279	18.48	32.59	8.46	4.97	12514	11.88	22.34	9.05	4.97	10927	21.96	36.85	8.41	4.99	11479	17.24	30.9	9.05	4.91	10395	29.51	44.02	8.47	4.99															2018-05-07 04:24:00
07.05.2018	04:30:00	RO_SE_001	3409	254838	177	0	12692	11.10	20.93	9.27	4.94	11278	18.48	32.6	8.43	4.97	12523	11.84	22.28	9.08	4.97	10927	21.96	36.85	8.38	4.99	11480	17.24	30.89	9.05	4.89	10395	29.51	44.02	8.47	4.99															2018-05-07 04:30:00
07.05.2018	04:36:00	RO_SE_001	3409	254839	177	0	12690	11.11	20.94	9.26	4.97	11279	18.48	32.59	8.43	4.97	12523	11.84	22.28	9.06	4.97	10927	21.96	36.85	8.36	4.99	11480	17.24	30.89	9.03	4.89	10395	29.51	44.02	8.48	4.99															2018-05-07 04:36:00
07.05.2018	04:42:00	RO_SE_001	3409	254840	177	0	12692	11.10	20.93	9.24	4.97	11279	18.48	32.59	8.41	4.97	12523	11.84	22.28	9.07	4.97	10927	21.96	36.85	8.38	4.99	11480	17.24	30.89	9.05	4.89	10395	29.51	44.02	8.47	4.99															2018-05-07 04:42:00
07.05.2018	04:48:00	RO_SE_001	3409	254841	177	0	12692	11.10	20.93	9.2	4.97	11279	18.48	32.59	8.44	4.97	12524	11.84	22.27	9.05	4.97	10928	21.95	36.84	8.38	4.99	11480	17.24	30.89	9.05	4.91	10395	29.51	44.02	8.48	4.99															2018-05-07 04:48:00
07.05.2018	04:54:00	RO_SE_001	3408	254842	177	0	12692	11.10	20.93	9.22	4.97	11279	18.48	32.59	8.43	4.97	12524	11.84	22.27	9.05	4.97	10928	21.95	36.84	8.4	4.99	11480	17.24	30.89	9.03	4.91	10395	29.51	44.02	8.48	4.99															2018-05-07 04:54:00
07.05.2018	05:00:00	RO_SE_001	3408	254843	177	0	12693	11.10	20.92	9.2	4.97	11279	18.48	32.59	8.44	4.97	12524	11.84	22.27	9.05	4.97	10928	21.95	36.84	8.38	4.99	11480	17.24	30.89	9.0	4.89	10395	29.51	44.02	8.44	4.99															2018-05-07 05:00:00
07.05.2018	05:06:00	RO_SE_001	3408	254844	177	0	12692	11.10	20.93	9.17	4.97	11279	18.48	32.59	8.45	4.94	12524	11.84	22.27	9.02	4.97	10928	21.95	36.84	8.38	4.99	11480	17.24	30.89	9.0	4.89	10395	29.51	44.02	8.45	4.99															2018-05-07 05:06:00
07.05.2018	05:12:00	RO_SE_001	3408	254845	180	0	12692	11.10	20.93	9.18	4.97	11278	18.48	32.6	8.48	4.97	12525	11.83	22.26	9.02	4.97	10928	21.95	36.84	8.4	4.99	11480	17.24	30.89	9.05	4.91	10395	29.51	44.02	8.48	4.99															2018-05-07 05:12:00
07.05.2018	05:18:00	RO_SE_001	3409	254846	177	0	12694	11.09	20.91	9.16	4.94	11278	18.48	32.6	8.41	4.97	12525	11.83	22.26	9.02	4.97	10928	21.95	36.84	8.4	4.99	11481	17.23	30.88	9.0	4.89	10395	29.51	44.02	8.45	4.99															2018-05-07 05:18:00
07.05.2018	05:24:00	RO_SE_001	3408	254847	177	0	12693	11.10	20.92	9.14	4.94	11278	18.48	32.6	8.46	4.97	12525	11.83	22.26	9.02	4.97	10928	21.95	36.84	8.38	4.99	11481	17.23	30.88	8.99	4.89	10395	29.51	44.02	8.49	4.99															2018-05-07 05:24:00
07.05.2018	05:30:00	RO_SE_001	3408	254848	183	0	12694	11.09	20.91	9.17	4.94	11278	18.48	32.6	8.45	4.97	12525	11.83	22.26	9.01	4.97	10928	21.95	36.84	8.41	4.99	11481	17.23	30.88	9.01	4.89	10395	29.51	44.02	8.44	4.99															2018-05-07 05:30:00
07.05.2018	05:36:00	RO_SE_001	3408	254849	180	0	12695	11.09	20.91	9.14	4.94	11278	18.48	32.6	8.46	4.97	12526	11.83	22.26	8.95	4.97	10928	21.95	36.84	8.39	4.99	11481	17.23	30.88	8.99	4.89	10395	29.51	44.02	8.48	4.99															2018-05-07 05:36:00
07.05.2018	05:42:00	RO_SE_001	3408	254850	183	0	12694	11.09	20.91	9.16	4.97	11278	18.48	32.6	8.45	4.97	12526	11.83	22.26	8.97	4.97	10928	21.95	36.84	8.44	4.99	11482	17.22	30.87	9.0	4.91	10395	29.51	44.02	8.45	4.99															2018-05-07 05:42:00
07.05.2018	05:48:00	RO_SE_001	3408	254851	180	0	12694	11.09	20.91	9.16	4.97	11278	18.48	32.6	8.41	4.97	12526	11.83	22.26	8.96	4.97	10929	21.94	36.83	8.39	4.99	11482	17.22	30.87	8.98	4.91	10395	29.51	44.02	8.45	4.99															2018-05-07 05:48:00
07.05.2018	05:54:00	RO_SE_001	3408	254852	180	0	12694	11.09	20.91	9.13	4.97	11279	18.48	32.59	8.45	4.97	12526	11.83	22.26	8.98	4.97	10929	21.94	36.83	8.4	4.99	11482	17.22	30.87	8.98	4.89	10395	29.51	44.02	8.47	4.99															2018-05-07 05:54:00
07.05.2018	06:00:00	RO_SE_001	3408	254853	183	0	12694	11.09	20.91	9.12	4.97	11279	18.48	32.59	8.45	4.97	12527	11.83	22.25	8.98	4.97	10929	21.94	36.83	8.38	4.99	11482	17.22	30.87	8.98	4.89	10395	29.51	44.02	8.49	4.99															2018-05-07 06:00:00
07.05.2018	06:06:00	RO_SE_001	3408	254854	180	0	12695	11.09	20.91	9.13	4.97	11279	18.48	32.59	8.45	4.97	12527	11.83	22.25	8.98	4.97	10929	21.94	36.83	8.42	4.99	11482	17.22	30.87	8.95	4.89	10395	29.51	44.02	8.45	4.99															2018-05-07 06:06:00
07.05.2018	06:12:00	RO_SE_001	3408	254855	180	0	12695	11.09	20.91	9.1	4.94	11279	18.48	32.59	8.44	4.97	12526	11.83	22.26	8.96	4.97	10929	21.94	36.83	8.42	4.99	11483	17.22	30.86	8.95	4.89	10395	29.51	44.02	8.48	4.99															2018-05-07 06:12:00
07.05.2018	06:18:00	RO_SE_001	3407	254856	180	0	12695	11.09	20.91	9.12	4.97	11279	18.48	32.59	8.45	4.97	12527	11.83	22.25	8.97	4.97	10929	21.94	36.83	8.39	4.99	11483	17.22	30.86	8.95	4.91	10395	29.51	44.02	8.46	4.99															2018-05-07 06:18:00
07.05.2018	06:24:00	RO_SE_001	3407	254857	180	0	12695	11.09	20.91	9.08	4.94	11279	18.48	32.59	8.44	4.97	12527	11.83	22.25	8.95	4.97	10929	21.94	36.83	8.39	4.99	11483	17.22	30.86	8.98	4.89	10395	29.51	44.02	8.47	4.99															2018-05-07 06:24:00
07.05.2018	06:30:00	RO_SE_001	3407	254858	180	0	12695	11.09	20.91	9.1	4.97	11279	18.48	32.59	8.46	4.97	12527	11.83	22.25	8.96	4.97	10929	21.94	36.83	8.39	4.99	11483	17.22	30.86	8.98	4.91	10395	29.51	44.02	8.48	4.99															2018-05-07 06:30:00
07.05.2018	06:36:00	RO_SE_001	3407	254859	180	0	12694	11.09	20.91	9.09	4.94	11279	18.48	32.59	8.48	4.97	12527	11.83	22.25	8.96	4.97	10930	21.93	36.82	8.37	4.99	11482	17.22	30.87	8.9	4.89	10395	29.51	44.02	8.49	4.99															2018-05-07 06:36:00
07.05.2018	06:42:00	RO_SE_001	3407	254860	183	0	12694	11.09	20.91	9.08	4.97	11279	18.48	32.59	8.47	4.97	12527	11.83	22.25	8.95	4.97	10930	21.93	36.82	8.39	4.99	11483	17.22	30.86	8.97	4.91	10396	29.49	44.01	8.5	4.99															2018-05-07 06:42:00
07.05.2018	06:48:00	RO_SE_001	3407	254861	183	0	12695	11.09	20.91	9.08	4.97	11279	18.48	32.59	8.46	4.97	12527	11.83	22.25	8.91	4.97	10930	21.93	36.82	8.42	4.99	11484	17.21	30.85	8.92	4.89	10396	29.49	44.01	8.49	4.99															2018-05-07 06:48:00
07.05.2018	06:54:00	RO_SE_001	3407	254862	183	0	12696	11.09	20.9	9.08	4.94	11278	18.48	32.6	8.43	4.97	12528	11.82	22.24	8.9	4.97	10930	21.93	36.82	8.39	4.99	11483	17.22	30.86	8.91	4.89	10396	29.49	44.01	8.46	4.99															2018-05-07 06:54:00
07.05.2018	07:00:00	RO_SE_001	3406	254863	183	0	12695	11.09	20.91	9.06	4.97	11279	18.48	32.59	8.48	4.97	12528	11.82	22.24	8.95	4.97	10930	21.93	36.82	8.38	4.99	11483	17.22	30.86	8.91	4.89	10396	29.49	44.01	8.45	4.99															2018-05-07 07:00:00
07.05.2018	07:06:00	RO_SE_001	3407	254864	186	0	12695	11.09	20.91	9.04	4.97	11279	18.48	32.59	8.48	4.97	12528	11.82	22.24	8.88	4.97	10930	21.93	36.82	8.41	4.99	11483	17.22	30.86	8.93	4.89	10396	29.49	44.01	8.48	4.99															2018-05-07 07:06:00
07.05.2018	07:12:00	RO_SE_001	3407	254865	186	0	12696	11.09	20.9	9.03	4.94	11279	18.48	32.59	8.43	4.97	12528	11.82	22.24	8.88	4.97	10930	21.93	36.82	8.42	4.99	11484	17.21	30.85	8.9	4.91	10396	29.49	44.01	8.46	4.99															2018-05-07 07:12:00
07.05.2018	07:18:00	RO_SE_001	3407	254866	183	0	12696	11.09	20.9	9.07	4.97	11279	18.48	32.59	8.42	4.97	12528	11.82	22.24	8.89	4.97	10930	21.93	36.82	8.42	4.99	11484	17.21	30.85	8.91	4.89	10396	29.49	44.01	8.47	4.99															2018-05-07 07:18:00
07.05.2018	07:24:00	RO_SE_001	3407	254867	183	0	12696	11.09	20.9	9.05	4.97	11279	18.48	32.59	8.44	4.97	12528	11.82	22.24	8.88	4.97	10931	21.92	36.8	8.42	4.99	11484	17.21	30.85	8.89	4.89	10396	29.49	44.01	8.46	4.99															2018-05-07 07:24:00
07.05.2018	07:30:00	RO_SE_001	3407	254868	183	0	12696	11.09	20.9	9.05	4.97	11279	18.48	32.59	8.43	4.94	12528	11.82	22.24	8.88	4.97	10931	21.92	36.8	8.41	4.99	11484	17.21	30.85	8.9	4.91	10396	29.49	44.01	8.48	4.99															2018-05-07 07:30:00
07.05.2018	07:36:00	RO_SE_001	3407	254869	183	0	12697	11.08	20.89	9.01	4.97	11279	18.48	32.59	8.45	4.97	12528	11.82	22.24	8.88	4.97	10931	21.92	36.8	8.41	4.99	11485	17.20	30.84	8.88	4.89	10396	29.49	44.01	8.47	4.99															2018-05-07 07:36:00
07.05.2018	07:42:00	RO_SE_001	3407	254870	183	0	12696	11.09	20.9	9.05	4.97	11280	18.47	32.58	8.45	4.97	12529	11.82	22.24	8.88	4.97	10931	21.92	36.8	8.42	4.99	11485	17.20	30.84	8.85	4.91	10396	29.49	44.01	8.48	4.99															2018-05-07 07:42:00
07.05.2018	07:48:00	RO_SE_001	3406	254871	183	0	12696	11.09	20.9	9.05	4.94	11280	18.47	32.58	8.46	4.97	12529	11.82	22.24	8.88	4.97	10931	21.92	36.8	8.42	4.99	11485	17.20	30.84	8.87	4.89	10396	29.49	44.01	8.45	4.99															2018-05-07 07:48:00
07.05.2018	07:54:00	RO_SE_001	3406	254872	183	0	12696	11.09	20.9	9.04	4.97	11280	18.47	32.58	8.48	4.97	12529	11.82	22.24	8.84	4.97	10931	21.92	36.8	8.38	4.99	11485	17.20	30.84	8.87	4.89	10396	29.49	44.01	8.51	4.99															2018-05-07 07:54:00
07.05.2018	08:00:00	RO_SE_001	3406	254873	183	0	12696	11.09	20.9	9.02	4.94	11280	18.47	32.58	8.41	4.97	12529	11.82	22.24	8.89	4.97	10931	21.92	36.8	8.4	4.99	11485	17.20	30.84	8.86	4.89	10396	29.49	44.01	8.48	4.99															2018-05-07 08:00:00
07.05.2018	08:06:00	RO_SE_001	3405	254874	183	0	12698	11.08	20.88	9.04	4.94	11280	18.47	32.58	8.42	4.94	12530	11.81	22.23	8.86	4.97	10932	21.91	36.79	8.41	4.99	11486	17.20	30.83	8.86	4.89	10396	29.49	44.01	8.5	4.99															2018-05-07 08:06:00
07.05.2018	08:12:00	RO_SE_001	3405	254875	186	0	12697	11.08	20.89	9.05	4.94	11281	18.46	32.57	8.45	4.97	12530	11.81	22.23	8.85	4.97	10932	21.91	36.79	8.42	4.99	11486	17.20	30.83	8.87	4.91	10396	29.49	44.01	8.48	4.99															2018-05-07 08:12:00
07.05.2018	08:18:00	RO_SE_001	3405	254876	186	0	12697	11.08	20.89	9.02	4.94	11281	18.46	32.57	8.44	4.97	12531	11.81	22.22	8.88	4.97	10932	21.91	36.79	8.39	4.99	11486	17.20	30.83	8.87	4.89	10396	29.49	44.01	8.51	4.99															2018-05-07 08:18:00
07.05.2018	08:24:00	RO_SE_001	3405	254877	180	0	12697	11.08	20.89	9.02	4.97	11281	18.46	32.57	8.46	4.97	12531	11.81	22.22	8.83	4.97	10932	21.91	36.79	8.41	4.99	11486	17.20	30.83	8.89	4.91	10396	29.49	44.01	8.48	4.99															2018-05-07 08:24:00
07.05.2018	08:30:00	RO_SE_001	3405	254878	183	0	12697	11.08	20.89	9.02	4.94	11282	18.45	32.56	8.43	4.97	12531	11.81	22.22	8.86	4.97	10932	21.91	36.79	8.41	4.99	11486	17.20	30.83	8.87	4.89	10396	29.49	44.01	8.46	4.99															2018-05-07 08:30:00
07.05.2018	08:36:00	RO_SE_001	3405	254879	183	0	12697	11.08	20.89	9.03	4.97	11282	18.45	32.56	8.43	4.97	12531	11.81	22.22	8.87	4.97	10932	21.91	36.79	8.43	4.99	11487	17.19	30.82	8.86	4.89	10396	29.49	44.01	8.46	4.99															2018-05-07 08:36:00
07.05.2018	08:42:00	RO_SE_001	3405	254880	180	0	12699	11.08	20.88	9.05	4.97	11282	18.45	32.56	8.43	4.97	12532	11.80	22.21	8.86	4.97	10933	21.90	36.78	8.39	4.99	11487	17.19	30.82	8.87	4.89	10396	29.49	44.01	8.45	4.99															2018-05-07 08:42:00
07.05.2018	08:48:00	RO_SE_001	3405	254881	180	0	12699	11.08	20.88	9.04	4.94	11283	18.44	32.55	8.42	4.97	12532	11.80	22.21	8.87	4.97	10933	21.90	36.78	8.4	4.99	11487	17.19	30.82	8.88	4.91	10396	29.49	44.01	8.48	4.99															2018-05-07 08:48:00
07.05.2018	08:54:00	RO_SE_001	3404	254882	183	0	12698	11.08	20.88	9.03	4.94	11282	18.45	32.56	8.43	4.97	12533	11.80	22.21	8.85	4.97	10933	21.90	36.78	8.4	4.99	11488	17.18	30.81	8.85	4.89	10396	29.49	44.01	8.48	4.99															2018-05-07 08:54:00
07.05.2018	09:00:00	RO_SE_001	3404	254883	183	0	12698	11.08	20.88	9.03	4.97	11282	18.45	32.56	8.41	4.94	12533	11.80	22.21	8.84	4.97	10933	21.90	36.78	8.43	4.99	11488	17.18	30.81	8.87	4.89	10396	29.49	44.01	8.43	4.99															2018-05-07 09:00:00
07.05.2018	09:06:00	RO_SE_001	3404	254884	183	0	12699	11.08	20.88	9.05	4.97	11283	18.44	32.55	8.43	4.97	12533	11.80	22.21	8.84	4.97	10933	21.90	36.78	8.44	4.99	11488	17.18	30.81	8.84	4.89	10397	29.48	44.0	8.45	4.99															2018-05-07 09:06:00
07.05.2018	09:12:00	RO_SE_001	3404	254885	183	0	12699	11.08	20.88	9.01	4.94	11283	18.44	32.55	8.41	4.94	12534	11.80	22.2	8.87	4.97	10933	21.90	36.78	8.4	4.99	11489	17.17	30.81	8.87	4.91	10397	29.48	44.0	8.47	4.99															2018-05-07 09:12:00
07.05.2018	09:18:00	RO_SE_001	3404	254886	183	0	12701	11.07	20.86	9.02	4.97	11284	18.44	32.54	8.41	4.97	12534	11.80	22.2	8.87	4.97	10933	21.90	36.78	8.41	4.99	11489	17.17	30.81	8.84	4.89	10397	29.48	44.0	8.45	4.99															2018-05-07 09:18:00
07.05.2018	09:24:00	RO_SE_001	3404	254887	180	0	12700	11.07	20.87	9.02	4.97	11284	18.44	32.54	8.43	4.97	12533	11.80	22.21	8.84	4.94	10933	21.90	36.78	8.4	4.99	11489	17.17	30.81	8.88	4.89	10397	29.48	44.0	8.48	4.99															2018-05-07 09:24:00
07.05.2018	09:30:00	RO_SE_001	3403	254888	183	0	12701	11.07	20.86	9.02	4.97	11284	18.44	32.54	8.44	4.97	12534	11.80	22.2	8.85	4.97	10933	21.90	36.78	8.39	4.99	11489	17.17	30.81	8.88	4.91	10397	29.48	44.0	8.47	4.99															2018-05-07 09:30:00
07.05.2018	09:36:00	RO_SE_001	3403	254889	183	0	12700	11.07	20.87	9.05	4.97	11285	18.43	32.53	8.43	4.97	12534	11.80	22.2	8.84	4.97	10933	21.90	36.78	8.38	4.99	11490	17.17	30.8	8.87	4.91	10397	29.48	44.0	8.46	4.99															2018-05-07 09:36:00
07.05.2018	09:42:00	RO_SE_001	3404	254890	183	0	12701	11.07	20.86	9.04	4.97	11285	18.43	32.53	8.43	4.97	12534	11.80	22.2	8.86	4.97	10933	21.90	36.78	8.36	4.99	11490	17.17	30.8	8.87	4.89	10397	29.48	44.0	8.45	4.99															2018-05-07 09:42:00
07.05.2018	09:48:00	RO_SE_001	3403	254891	183	0	12701	11.07	20.86	9.05	4.97	11286	18.42	32.52	8.44	4.97	12535	11.79	22.19	8.88	4.97	10934	21.89	36.77	8.38	4.99	11489	17.17	30.81	8.88	4.89	10397	29.48	44.0	8.48	4.99															2018-05-07 09:48:00
07.05.2018	09:54:00	RO_SE_001	3404	254892	183	0	12701	11.07	20.86	9.05	4.97	11287	18.41	32.5	8.44	4.94	12535	11.79	22.19	8.88	4.97	10934	21.89	36.77	8.39	4.99	11490	17.17	30.8	8.85	4.91	10397	29.48	44.0	8.44	4.99															2018-05-07 09:54:00
07.05.2018	10:00:00	RO_SE_001	3404	254893	180	0	12701	11.07	20.86	9.05	4.97	11287	18.41	32.5	8.44	4.97	12536	11.79	22.18	8.9	4.97	10934	21.89	36.77	8.41	4.99	11490	17.17	30.8	8.85	4.89	10397	29.48	44.0	8.46	4.99															2018-05-07 10:00:00
07.05.2018	10:06:00	RO_SE_001	3404	254894	180	0	12701	11.07	20.86	9.05	4.94	11287	18.41	32.5	8.46	4.97	12536	11.79	22.18	8.87	4.97	10934	21.89	36.77	8.39	4.99	11490	17.17	30.8	8.87	4.91	10397	29.48	44.0	8.48	4.99															2018-05-07 10:06:00
07.05.2018	10:12:00	RO_SE_001	3403	254895	180	0	12702	11.06	20.86	9.05	4.97	11288	18.41	32.49	8.48	4.97	12537	11.78	22.18	8.88	4.97	10935	21.88	36.76	8.38	4.99	11491	17.16	30.79	8.86	4.89	10397	29.48	44.0	8.48	4.99															2018-05-07 10:12:00
07.05.2018	10:18:00	RO_SE_001	3404	254896	177	0	12700	11.07	20.87	9.05	4.97	11288	18.41	32.49	8.43	4.97	12537	11.78	22.18	8.89	4.97	10935	21.88	36.76	8.38	4.99	11491	17.16	30.79	8.84	4.91	10397	29.48	44.0	8.46	4.99															2018-05-07 10:18:00
07.05.2018	10:24:00	RO_SE_001	3404	254897	177	0	12700	11.07	20.87	9.05	4.94	11289	18.40	32.48	8.45	4.94	12538	11.78	22.17	8.87	4.97	10935	21.88	36.76	8.38	4.99	11491	17.16	30.79	8.85	4.89	10397	29.48	44.0	8.46	4.99															2018-05-07 10:24:00
07.05.2018	10:30:00	RO_SE_001	3404	254898	180	0	12701	11.07	20.86	9.06	4.97	11289	18.40	32.48	8.45	4.97	12538	11.78	22.17	8.89	4.97	10935	21.88	36.76	8.41	4.99	11492	17.15	30.78	8.88	4.89	10397	29.48	44.0	8.45	4.99															2018-05-07 10:30:00
07.05.2018	10:36:00	RO_SE_001	3404	254899	180	0	12704	11.06	20.84	9.09	4.94	11289	18.40	32.48	8.43	4.97	12538	11.78	22.17	8.91	4.97	10936	21.87	36.75	8.4	4.99	11492	17.15	30.78	8.89	4.89	10397	29.48	44.0	8.45	4.99															2018-05-07 10:36:00
07.05.2018	10:42:00	RO_SE_001	3404	254900	174	0	12701	11.07	20.86	9.1	4.97	11290	18.39	32.47	8.42	4.97	12539	11.78	22.16	8.88	4.97	10936	21.87	36.75	8.37	4.99	11492	17.15	30.78	8.91	4.91	10398	29.46	43.98	8.44	4.99															2018-05-07 10:42:00
07.05.2018	10:48:00	RO_SE_001	3404	254901	183	0	12701	11.07	20.86	9.07	4.94	11290	18.39	32.47	8.45	4.94	12539	11.78	22.16	8.91	4.97	10936	21.87	36.75	8.38	4.99	11493	17.15	30.77	8.89	4.89	10398	29.46	43.98	8.46	4.99															2018-05-07 10:48:00
07.05.2018	10:54:00	RO_SE_001	3404	254902	183	0	12701	11.07	20.86	9.14	4.97	11291	18.38	32.46	8.4	4.97	12539	11.78	22.16	8.94	4.97	10936	21.87	36.75	8.41	4.99	11493	17.15	30.77	8.88	4.89	10398	29.46	43.98	8.44	4.99															2018-05-07 10:54:00
07.05.2018	11:00:00	RO_SE_001	3403	254903	183	0	12702	11.06	20.86	9.11	4.97	11292	18.38	32.45	8.47	4.97	12540	11.77	22.16	8.93	4.97	10937	21.86	36.74	8.4	4.99	11494	17.14	30.76	8.87	4.89	10398	29.46	43.98	8.45	4.99															2018-05-07 11:00:00
07.05.2018	11:06:00	RO_SE_001	3403	254904	180	0	12702	11.06	20.86	9.11	4.97	11292	18.38	32.45	8.41	4.94	12540	11.77	22.16	8.95	4.97	10937	21.86	36.74	8.4	4.99	11494	17.14	30.76	8.88	4.89	10398	29.46	43.98	8.46	4.99															2018-05-07 11:06:00
07.05.2018	11:12:00	RO_SE_001	3403	254905	180	0	12703	11.06	20.85	9.12	4.97	11293	18.37	32.44	8.44	4.97	12541	11.77	22.15	8.95	4.97	10937	21.86	36.74	8.38	4.99	11494	17.14	30.76	8.9	4.91	10398	29.46	43.98	8.44	4.99															2018-05-07 11:12:00
07.05.2018	11:18:00	RO_SE_001	3402	254906	186	0	12703	11.06	20.85	9.11	4.97	11294	18.36	32.43	8.42	4.97	12540	11.77	22.16	8.93	4.97	10937	21.86	36.74	8.36	4.99	11495	17.13	30.75	8.94	4.89	10398	29.46	43.98	8.43	4.99															2018-05-07 11:18:00
07.05.2018	11:24:00	RO_SE_001	3402	254907	183	0	12703	11.06	20.85	9.17	4.97	11294	18.36	32.43	8.41	4.97	12541	11.77	22.15	8.98	4.97	10938	21.85	36.73	8.38	4.99	11495	17.13	30.75	8.88	4.89	10398	29.46	43.98	8.43	4.99															2018-05-07 11:24:00
07.05.2018	11:30:00	RO_SE_001	3403	254908	183	0	12703	11.06	20.85	9.17	4.94	11295	18.35	32.42	8.44	4.97	12541	11.77	22.15	8.93	4.97	10938	21.85	36.73	8.38	4.99	11496	17.13	30.74	8.92	4.89	10398	29.46	43.98	8.47	4.99															2018-05-07 11:30:00
07.05.2018	11:36:00	RO_SE_001	3403	254909	186	0	12705	11.05	20.84	9.19	4.97	11295	18.35	32.42	8.41	4.97	12542	11.76	22.14	9.0	4.97	10938	21.85	36.73	8.37	4.99	11496	17.13	30.74	8.91	4.89	10398	29.46	43.98	8.4	4.99															2018-05-07 11:36:00
07.05.2018	11:42:00	RO_SE_001	3403	254910	183	0	12706	11.05	20.83	9.16	4.97	11296	18.35	32.41	8.4	4.97	12543	11.76	22.13	9.01	4.94	10938	21.85	36.73	8.36	4.99	11497	17.12	30.73	8.91	4.89	10397	29.48	44.0	8.45	4.99															2018-05-07 11:42:00
07.05.2018	11:48:00	RO_SE_001	3403	254911	180	0	12703	11.06	20.85	9.17	4.97	11296	18.35	32.41	8.38	4.94	12543	11.76	22.13	8.97	4.97	10939	21.84	36.71	8.38	4.99	11497	17.12	30.73	8.93	4.91	10398	29.46	43.98	8.45	4.99															2018-05-07 11:48:00
07.05.2018	11:54:00	RO_SE_001	3402	254912	186	0	12705	11.05	20.84	9.2	4.97	11297	18.34	32.4	8.44	4.97	12544	11.76	22.13	8.98	4.97	10939	21.84	36.71	8.38	4.99	11497	17.12	30.73	8.91	4.89	10399	29.44	43.97	8.43	4.99															2018-05-07 11:54:00
07.05.2018	12:00:00	RO_SE_001	3403	254913	177	0	12707	11.05	20.82	9.19	4.94	11297	18.34	32.4	8.4	4.97	12545	11.75	22.12	9.02	4.97	10939	21.84	36.71	8.41	4.99	11498	17.11	30.72	8.94	4.89	10399	29.44	43.97	8.45	4.99															2018-05-07 12:00:00
07.05.2018	12:06:00	RO_SE_001	3403	254914	183	0	12707	11.05	20.82	9.22	4.94	11298	18.33	32.39	8.41	4.97	12545	11.75	22.12	9.02	4.97	10939	21.84	36.71	8.36	4.99	11498	17.11	30.72	8.94	4.89	10398	29.46	43.98	8.42	4.99															2018-05-07 12:06:00
07.05.2018	12:12:00	RO_SE_001	3403	254915	183	0	12707	11.05	20.82	9.22	4.94	11299	18.32	32.38	8.42	4.97	12545	11.75	22.12	9.05	4.97	10940	21.83	36.7	8.36	4.99	11498	17.11	30.72	8.94	4.89	10399	29.44	43.97	8.43	4.99															2018-05-07 12:12:00
07.05.2018	12:18:00	RO_SE_001	3403	254916	183	0	12707	11.05	20.82	9.26	4.97	11299	18.32	32.38	8.41	4.97	12546	11.75	22.11	9.05	4.97	10940	21.83	36.7	8.38	4.99	11498	17.11	30.72	8.94	4.89	10398	29.46	43.98	8.43	4.99															2018-05-07 12:18:00
07.05.2018	12:24:00	RO_SE_001	3403	254917	183	0	12708	11.04	20.81	9.26	4.97	11300	18.31	32.37	8.41	4.97	12553	11.72	22.06	9.05	4.97	10940	21.83	36.7	8.35	4.99	11499	17.11	30.71	8.97	4.91	10398	29.46	43.98	8.45	4.99															2018-05-07 12:24:00
07.05.2018	12:30:00	RO_SE_001	3403	254918	180	0	12708	11.04	20.81	9.3	4.97	11301	18.31	32.36	8.41	4.94	12553	11.72	22.06	9.08	4.97	10940	21.83	36.7	8.37	4.99	11500	17.10	30.7	8.96	4.89	10398	29.46	43.98	8.45	4.99															2018-05-07 12:30:00
07.05.2018	12:36:00	RO_SE_001	3403	254919	174	0	12709	11.04	20.81	9.27	4.97	11301	18.31	32.36	8.43	4.97	12552	11.72	22.07	9.09	4.97	10940	21.83	36.7	8.38	4.99	11500	17.10	30.7	8.99	4.89	10398	29.46	43.98	8.44	4.99															2018-05-07 12:36:00
07.05.2018	12:42:00	RO_SE_001	3403	254920	180	0	12708	11.04	20.81	9.28	4.97	11302	18.30	32.35	8.42	4.97	12553	11.72	22.06	9.08	4.97	10940	21.83	36.7	8.37	4.99	11501	17.09	30.69	9.02	4.89	10399	29.44	43.97	8.44	4.99															2018-05-07 12:42:00
07.05.2018	12:48:00	RO_SE_001	3403	254921	180	0	12709	11.04	20.81	9.34	4.97	11302	18.30	32.35	8.41	4.97	12553	11.72	22.06	9.1	4.97	10940	21.83	36.7	8.38	4.99	11501	17.09	30.69	9.0	4.89	10399	29.44	43.97	8.45	4.99															2018-05-07 12:48:00
07.05.2018	12:54:00	RO_SE_001	3403	254922	183	0	12709	11.04	20.81	9.34	4.97	11303	18.29	32.34	8.38	4.97	12552	11.72	22.07	9.11	4.97	10940	21.83	36.7	8.38	4.99	11502	17.08	30.68	8.98	4.91	10399	29.44	43.97	8.44	4.99															2018-05-07 12:54:00
07.05.2018	13:00:00	RO_SE_001	3403	254923	177	0	12710	11.03	20.8	9.34	4.94	11304	18.28	32.33	8.45	4.94	12553	11.72	22.06	9.13	4.97	10941	21.82	36.69	8.39	4.99	11502	17.08	30.68	9.04	4.91	10399	29.44	43.97	8.46	4.99															2018-05-07 13:00:00
07.05.2018	13:06:00	RO_SE_001	3404	254924	180	0	12710	11.03	20.8	9.36	4.97	11303	18.29	32.34	8.44	4.97	12552	11.72	22.07	9.16	4.97	10941	21.82	36.69	8.38	4.99	11503	17.08	30.67	9.0	4.89	10399	29.44	43.97	8.45	4.99															2018-05-07 13:06:00
07.05.2018	13:12:00	RO_SE_001	3403	254925	168	0	12710	11.03	20.8	9.38	4.97	11304	18.28	32.33	8.42	4.97	12552	11.72	22.07	9.18	4.97	10941	21.82	36.69	8.39	4.99	11503	17.08	30.67	9.02	4.89	10399	29.44	43.97	8.44	4.99															2018-05-07 13:12:00
07.05.2018	13:18:00	RO_SE_001	3404	254926	168	0	12710	11.03	20.8	9.38	4.97	11304	18.28	32.33	8.43	4.97	12553	11.72	22.06	9.18	4.97	10942	21.81	36.68	8.42	4.99	11504	17.07	30.66	9.04	4.89	10399	29.44	43.97	8.45	4.99															2018-05-07 13:18:00
07.05.2018	13:24:00	RO_SE_001	3403	254927	171	0	12712	11.03	20.79	9.38	4.94	11305	18.28	32.32	8.41	4.97	12552	11.72	22.07	9.2	4.97	10942	21.81	36.68	8.38	4.99	11504	17.07	30.66	9.04	4.89	10399	29.44	43.97	8.46	4.99															2018-05-07 13:24:00
07.05.2018	13:30:00	RO_SE_001	3403	254928	186	0	12712	11.03	20.79	9.41	4.94	11306	18.27	32.31	8.41	4.97	12553	11.72	22.06	9.17	4.97	10942	21.81	36.68	8.35	4.99	11504	17.07	30.66	9.05	4.89	10400	29.42	43.95	8.42	4.99															2018-05-07 13:30:00
07.05.2018	13:36:00	RO_SE_001	3226	254929	171	0	12714	11.02	20.77	9.42	4.94	11306	18.27	32.31	8.4	4.97	12554	11.72	22.05	9.22	4.97	10942	21.81	36.68	8.38	4.99	11504	17.07	30.66	9.05	4.89	10400	29.42	43.95	8.46	4.99															2018-05-07 13:36:00
07.05.2018	13:42:00	RO_SE_001	3409	254930	168	0	12713	11.02	20.78	9.43	4.97	11308	18.25	32.29	8.42	4.97	12555	11.71	22.05	9.23	4.97	10943	21.80	36.67	8.35	4.99	11505	17.06	30.65	9.07	4.89	10400	29.42	43.95	8.45	4.99															2018-05-07 13:42:00
07.05.2018	13:48:00	RO_SE_001	3408	254931	180	0	12714	11.02	20.77	9.46	4.97	11307	18.26	32.3	8.41	4.97	12554	11.72	22.05	9.22	4.97	10943	21.80	36.67	8.37	4.99	11505	17.06	30.65	9.05	4.89	10400	29.42	43.95	8.45	4.99															2018-05-07 13:48:00
07.05.2018	13:54:00	RO_SE_001	3407	254932	168	0	12714	11.02	20.77	9.46	4.97	11309	18.25	32.28	8.39	4.97	12555	11.71	22.05	9.25	4.97	10943	21.80	36.67	8.38	4.99	11506	17.06	30.64	9.09	4.89	10400	29.42	43.95	8.44	4.99															2018-05-07 13:54:00
07.05.2018	14:00:00	RO_SE_001	3407	254933	168	0	12714	11.02	20.77	9.48	4.97	11309	18.25	32.28	8.4	4.97	12556	11.71	22.04	9.27	4.97	10944	21.79	36.66	8.38	4.99	11507	17.05	30.63	9.13	4.89	10400	29.42	43.95	8.41	4.99															2018-05-07 14:00:00
07.05.2018	14:06:00	RO_SE_001	3407	254934	180	0	12715	11.02	20.77	9.48	4.97	11311	18.23	32.26	8.41	4.97	12557	11.70	22.03	9.27	4.97	10944	21.79	36.66	8.37	4.99	11507	17.05	30.63	9.1	4.89	10400	29.42	43.95	8.48	4.99															2018-05-07 14:06:00
07.05.2018	14:12:00	RO_SE_001	3407	254935	168	0	12716	11.01	20.76	9.5	4.97	11310	18.24	32.27	8.44	4.97	12557	11.70	22.03	9.27	4.97	10944	21.79	36.66	8.39	4.99	11508	17.04	30.62	9.09	4.89	10400	29.42	43.95	8.43	4.99															2018-05-07 14:12:00
07.05.2018	14:18:00	RO_SE_001	3407	254936	177	0	12715	11.02	20.77	9.5	4.94	11311	18.23	32.26	8.4	4.94	12558	11.70	22.02	9.27	4.97	10944	21.79	36.66	8.34	4.99	11508	17.04	30.62	9.11	4.89	10401	29.41	43.94	8.45	4.99															2018-05-07 14:18:00
07.05.2018	14:24:00	RO_SE_001	3406	254937	159	0	12715	11.02	20.77	9.55	4.94	11311	18.23	32.26	8.41	4.97	12559	11.70	22.02	9.3	4.97	10945	21.78	36.65	8.36	4.99	11509	17.04	30.61	9.11	4.89	10401	29.41	43.94	8.45	4.99															2018-05-07 14:24:00
07.05.2018	14:30:00	RO_SE_001	3406	254938	180	0	12715	11.02	20.77	9.54	4.97	11312	18.22	32.25	8.43	4.97	12560	11.69	22.01	9.31	4.97	10945	21.78	36.65	8.37	4.99	11510	17.03	30.6	9.12	4.89	10401	29.41	43.94	8.42	4.99															2018-05-07 14:30:00
07.05.2018	14:36:00	RO_SE_001	3406	254939	168	0	12716	11.01	20.76	9.57	4.97	11312	18.22	32.25	8.41	4.94	12561	11.69	22.0	9.31	4.97	10945	21.78	36.65	8.36	4.99	11510	17.03	30.6	9.15	4.89	10401	29.41	43.94	8.42	4.99															2018-05-07 14:36:00
07.05.2018	14:42:00	RO_SE_001	3406	254940	168	0	12716	11.01	20.76	9.55	4.94	11313	18.22	32.24	8.38	4.94	12561	11.69	22.0	9.35	4.97	10946	21.77	36.64	8.4	4.99	11511	17.02	30.59	9.16	4.89	10401	29.41	43.94	8.45	4.99															2018-05-07 14:42:00
07.05.2018	14:48:00	RO_SE_001	3405	254941	171	0	12715	11.02	20.77	9.59	4.97	11313	18.22	32.24	8.41	4.97	12562	11.68	22.0	9.35	4.97	10946	21.77	36.64	8.35	4.99	11511	17.02	30.59	9.15	4.89	10401	29.41	43.94	8.45	4.99															2018-05-07 14:48:00
07.05.2018	14:54:00	RO_SE_001	3406	254942	180	0	12716	11.01	20.76	9.6	4.97	11315	18.20	32.22	8.42	4.97	12562	11.68	22.0	9.34	4.97	10946	21.77	36.64	8.38	4.99	11511	17.02	30.59	9.2	4.89	10401	29.41	43.94	8.45	4.99															2018-05-07 14:54:00
07.05.2018	15:00:00	RO_SE_001	3405	254943	168	0	12717	11.01	20.75	9.63	4.94	11315	18.20	32.22	8.41	4.97	12563	11.68	21.99	9.38	4.97	10946	21.77	36.64	8.38	4.99	11511	17.02	30.59	9.2	4.89	10401	29.41	43.94	8.44	4.99															2018-05-07 15:00:00
07.05.2018	15:06:00	RO_SE_001	3406	254944	159	0	12717	11.01	20.75	9.65	4.94	11316	18.19	32.21	8.4	4.97	12564	11.68	21.98	9.4	4.97	10947	21.76	36.62	8.38	4.99	11512	17.02	30.58	9.2	4.89	10402	29.39	43.93	8.48	4.99															2018-05-07 15:06:00
07.05.2018	15:12:00	RO_SE_001	3405	254945	183	0	12717	11.01	20.75	9.65	4.94	11316	18.19	32.21	8.45	4.97	12565	11.67	21.97	9.41	4.97	10947	21.76	36.62	8.39	4.99	11513	17.01	30.57	9.18	4.91	10402	29.39	43.93	8.45	4.99															2018-05-07 15:12:00
07.05.2018	15:18:00	RO_SE_001	3405	254946	168	0	12717	11.01	20.75	9.66	4.94	11317	18.19	32.2	8.41	4.97	12566	11.67	21.97	9.4	4.97	10947	21.76	36.62	8.38	4.99	11513	17.01	30.57	9.2	4.91	10402	29.39	43.93	8.45	4.99															2018-05-07 15:18:00
07.05.2018	15:24:00	RO_SE_001	3405	254947	177	0	12717	11.01	20.75	9.69	4.97	11317	18.19	32.2	8.43	4.94	12567	11.66	21.96	9.43	4.97	10948	21.75	36.61	8.39	4.99	11514	17.00	30.56	9.22	4.89	10402	29.39	43.93	8.45	4.99															2018-05-07 15:24:00
07.05.2018	15:30:00	RO_SE_001	3405	254948	177	0	12720	11.00	20.73	9.66	4.97	11317	18.19	32.2	8.41	4.97	12567	11.66	21.96	9.44	4.97	10947	21.76	36.62	8.43	4.99	11514	17.00	30.56	9.23	4.89	10402	29.39	43.93	8.43	4.99															2018-05-07 15:30:00
07.05.2018	15:36:00	RO_SE_001	3405	254949	168	0	12721	10.99	20.72	9.71	4.97	11318	18.18	32.19	8.43	4.97	12568	11.66	21.95	9.46	4.97	10947	21.76	36.62	8.4	4.99	11515	17.00	30.55	9.25	4.89	10402	29.39	43.93	8.44	4.99															2018-05-07 15:36:00
07.05.2018	15:42:00	RO_SE_001	3404	254950	159	0	12722	10.99	20.72	9.7	4.97	11320	18.16	32.17	8.4	4.97	12569	11.66	21.95	9.48	4.97	10947	21.76	36.62	8.37	4.99	11515	17.00	30.55	9.28	4.91	10402	29.39	43.93	8.43	4.99															2018-05-07 15:42:00
07.05.2018	15:48:00	RO_SE_001	3404	254951	159	0	12722	10.99	20.72	9.71	4.97	11321	18.16	32.16	8.4	4.97	12569	11.66	21.95	9.47	4.97	10948	21.75	36.61	8.4	4.99	11516	16.99	30.54	9.26	4.89	10402	29.39	43.93	8.45	4.99															2018-05-07 15:48:00
07.05.2018	15:54:00	RO_SE_001	3404	254952	174	0	12723	10.99	20.71	9.76	4.97	11321	18.16	32.16	8.41	4.97	12569	11.66	21.95	9.45	4.97	10948	21.75	36.61	8.38	4.99	11517	16.98	30.53	9.27	4.89	10403	29.37	43.91	8.45	4.99															2018-05-07 15:54:00
07.05.2018	16:00:00	RO_SE_001	3405	254953	168	0	12723	10.99	20.71	9.74	4.97	11321	18.16	32.16	8.43	4.97	12570	11.65	21.94	9.48	4.97	10948	21.75	36.61	8.39	4.99	11517	16.98	30.53	9.3	4.89	10403	29.37	43.91	8.45	4.99															2018-05-07 16:00:00
07.05.2018	16:06:00	RO_SE_001	3404	254954	177	0	12722	10.99	20.72	9.73	4.97	11322	18.15	32.15	8.43	4.97	12571	11.65	21.93	9.52	4.97	10949	21.74	36.6	8.39	4.99	11518	16.97	30.52	9.28	4.91	10403	29.37	43.91	8.44	4.99															2018-05-07 16:06:00
07.05.2018	16:12:00	RO_SE_001	3404	254955	177	0	12725	10.98	20.7	9.74	4.97	11323	18.14	32.14	8.45	4.97	12572	11.64	21.92	9.54	4.97	10949	21.74	36.6	8.42	4.99	11518	16.97	30.52	9.3	4.89	10403	29.37	43.91	8.44	4.99															2018-05-07 16:12:00
07.05.2018	16:18:00	RO_SE_001	3404	254956	183	0	12725	10.98	20.7	9.77	4.97	11324	18.13	32.13	8.42	4.97	12572	11.64	21.92	9.51	4.97	10949	21.74	36.6	8.39	4.99	11518	16.97	30.52	9.3	4.89	10403	29.37	43.91	8.47	4.99															2018-05-07 16:18:00
07.05.2018	16:24:00	RO_SE_001	3404	254957	183	0	12727	10.97	20.68	9.79	4.97	11324	18.13	32.13	8.41	4.97	12573	11.64	21.92	9.52	4.97	10950	21.73	36.59	8.41	4.99	11518	16.97	30.52	9.34	4.89	10403	29.37	43.91	8.46	4.99															2018-05-07 16:24:00
07.05.2018	16:30:00	RO_SE_001	3404	254958	183	0	12724	10.98	20.7	9.8	4.97	11324	18.13	32.13	8.42	4.97	12574	11.64	21.91	9.52	4.97	10950	21.73	36.59	8.39	4.99	11519	16.97	30.51	9.3	4.89	10403	29.37	43.91	8.46	4.99															2018-05-07 16:30:00
07.05.2018	16:36:00	RO_SE_001	3404	254959	180	0	12724	10.98	20.7	9.8	4.97	11324	18.13	32.13	8.43	4.97	12575	11.63	21.9	9.56	4.97	10950	21.73	36.59	8.38	4.99	11520	16.96	30.5	9.33	4.89	10404	29.35	43.9	8.47	4.99															2018-05-07 16:36:00
07.05.2018	16:42:00	RO_SE_001	3404	254960	174	0	12724	10.98	20.7	9.84	4.97	11325	18.13	32.12	8.45	4.94	12576	11.63	21.89	9.55	4.97	10950	21.73	36.59	8.39	4.99	11520	16.96	30.5	9.34	4.89	10404	29.35	43.9	8.44	4.99															2018-05-07 16:42:00
07.05.2018	16:48:00	RO_SE_001	3404	254961	174	0	12726	10.97	20.69	9.82	4.94	11327	18.11	32.1	8.41	4.97	12575	11.63	21.9	9.55	4.97	10951	21.72	36.58	8.38	4.99	11521	16.95	30.49	9.35	4.89	10404	29.35	43.9	8.47	4.99															2018-05-07 16:48:00
07.05.2018	16:54:00	RO_SE_001	3403	254962	180	0	12727	10.97	20.68	9.84	4.97	11327	18.11	32.1	8.44	4.97	12576	11.63	21.89	9.54	4.97	10951	21.72	36.58	8.37	4.99	11521	16.95	30.49	9.36	4.89	10404	29.35	43.9	8.45	4.99															2018-05-07 16:54:00
07.05.2018	17:00:00	RO_SE_001	3402	254963	177	0	12727	10.97	20.68	9.86	4.97	11327	18.11	32.1	8.43	4.94	12577	11.62	21.89	9.59	4.97	10951	21.72	36.58	8.37	4.99	11522	16.95	30.48	9.39	4.89	10404	29.35	43.9	8.48	4.99															2018-05-07 17:00:00
07.05.2018	17:06:00	RO_SE_001	3403	254964	183	0	12726	10.97	20.69	9.88	4.97	11328	18.10	32.09	8.45	4.97	12578	11.62	21.88	9.6	4.97	10952	21.71	36.57	8.38	4.99	11528	16.91	30.42	9.34	4.89	10404	29.35	43.9	8.49	4.99															2018-05-07 17:06:00
07.05.2018	17:12:00	RO_SE_001	3403	254965	186	0	12727	10.97	20.68	9.87	4.97	11328	18.10	32.09	8.43	4.94	12578	11.62	21.88	9.57	4.97	10952	21.71	36.57	8.4	4.99	11528	16.91	30.42	9.38	4.89	10404	29.35	43.9	8.46	4.99															2018-05-07 17:12:00
07.05.2018	17:18:00	RO_SE_001	3403	254966	183	0	12727	10.97	20.68	9.85	4.97	11329	18.10	32.08	8.47	4.94	12579	11.62	21.87	9.58	4.97	10952	21.71	36.57	8.39	4.99	11528	16.91	30.42	9.42	4.89	10405	29.34	43.88	8.49	4.99															2018-05-07 17:18:00
07.05.2018	17:24:00	RO_SE_001	3403	254967	180	0	12728	10.97	20.68	9.88	4.97	11329	18.10	32.08	8.45	4.94	12579	11.62	21.87	9.64	4.97	10952	21.71	36.57	8.4	4.99	11528	16.91	30.42	9.4	4.89	10405	29.34	43.88	8.49	4.99															2018-05-07 17:24:00
07.05.2018	17:30:00	RO_SE_001	3403	254968	180	0	12729	10.96	20.67	9.89	4.97	11330	18.09	32.07	8.43	4.97	12580	11.61	21.87	9.64	4.97	10953	21.70	36.56	8.41	4.99	11528	16.91	30.42	9.41	4.89	10405	29.34	43.88	8.47	4.99															2018-05-07 17:30:00
07.05.2018	17:36:00	RO_SE_001	3402	254969	186	0	12729	10.96	20.67	9.88	4.97	11330	18.09	32.07	8.43	4.97	12580	11.61	21.87	9.63	4.97	10953	21.70	36.56	8.44	4.99	11528	16.91	30.42	9.41	4.89	10405	29.34	43.88	8.47	4.99															2018-05-07 17:36:00
07.05.2018	17:42:00	RO_SE_001	3403	254970	174	0	12729	10.96	20.67	9.93	4.97	11330	18.09	32.07	8.45	4.97	12581	11.61	21.86	9.63	4.97	10953	21.70	36.56	8.38	4.99	11528	16.91	30.42	9.41	4.89	10405	29.34	43.88	8.5	4.99															2018-05-07 17:42:00
07.05.2018	17:48:00	RO_SE_001	3403	254971	180	0	12729	10.96	20.67	9.9	4.94	11331	18.08	32.06	8.45	4.97	12582	11.60	21.85	9.69	4.97	10953	21.70	36.56	8.4	4.99	11528	16.91	30.42	9.41	4.89	10405	29.34	43.88	8.48	4.99															2018-05-07 17:48:00
07.05.2018	17:54:00	RO_SE_001	3402	254972	183	0	12731	10.96	20.66	9.88	4.97	11331	18.08	32.06	8.45	4.97	12583	11.60	21.84	9.66	4.97	10954	21.69	36.55	8.4	4.99	11528	16.91	30.42	9.45	4.89	10405	29.34	43.88	8.47	4.99															2018-05-07 17:54:00
07.05.2018	18:00:00	RO_SE_001	3402	254973	183	0	12730	10.96	20.66	9.93	4.97	11332	18.07	32.05	8.46	4.97	12844	10.63	20.03	9.66	4.97	10954	21.69	36.55	8.41	4.99	11528	16.91	30.42	9.44	4.89	10405	29.34	43.88	8.51	4.99															2018-05-07 18:00:00
07.05.2018	18:06:00	RO_SE_001	3402	254974	183	0	12731	10.96	20.66	9.95	4.97	11332	18.07	32.05	8.45	4.97	12839	10.64	20.07	9.69	4.97	10954	21.69	36.55	8.41	4.99	11528	16.91	30.42	9.45	4.89	10405	29.34	43.88	8.48	4.99															2018-05-07 18:06:00
07.05.2018	18:12:00	RO_SE_001	3401	254975	183	0	12732	10.95	20.65	9.93	4.97	11332	18.07	32.05	8.42	4.97	12839	10.64	20.07	9.7	4.97	10954	21.69	36.55	8.42	4.99	11528	16.91	30.42	9.46	4.89	10406	29.32	43.87	8.48	4.99															2018-05-07 18:12:00
07.05.2018	18:18:00	RO_SE_001	3401	254976	186	0	12733	10.95	20.64	9.95	4.94	11333	18.07	32.04	8.42	4.97	12840	10.64	20.06	9.7	4.97	10954	21.69	36.55	8.41	4.99	11529	16.90	30.41	9.45	4.89	10406	29.32	43.87	8.48	4.99															2018-05-07 18:18:00
07.05.2018	18:24:00	RO_SE_001	3401	254977	183	0	12733	10.95	20.64	9.96	4.97	11333	18.07	32.04	8.46	4.97	12839	10.64	20.07	9.71	4.97	10954	21.69	36.55	8.41	4.99	11529	16.90	30.41	9.48	4.89	10405	29.34	43.88	8.51	4.99															2018-05-07 18:24:00
07.05.2018	18:30:00	RO_SE_001	3401	254978	183	0	12733	10.95	20.64	9.96	4.97	11333	18.07	32.04	8.45	4.94	12839	10.64	20.07	9.7	4.97	10954	21.69	36.55	8.42	4.99	11530	16.89	30.41	9.47	4.91	10405	29.34	43.88	8.48	4.99															2018-05-07 18:30:00
07.05.2018	18:36:00	RO_SE_001	3402	254979	183	0	12733	10.95	20.64	9.98	4.94	11334	18.06	32.03	8.48	4.97	12585	11.59	21.83	9.75	4.97	10954	21.69	36.55	8.44	4.99	11530	16.89	30.41	9.45	4.89	10405	29.34	43.88	8.53	4.99															2018-05-07 18:36:00
07.05.2018	18:42:00	RO_SE_001	3401	254980	183	0	12735	10.94	20.63	9.98	4.97	11334	18.06	32.03	8.51	4.94	12586	11.59	21.82	9.71	4.97	10955	21.68	36.53	8.42	4.99	11531	16.89	30.4	9.49	4.89	10405	29.34	43.88	8.52	4.99															2018-05-07 18:42:00
07.05.2018	18:48:00	RO_SE_001	3401	254981	174	0	12735	10.94	20.63	9.96	4.97	11334	18.06	32.03	8.48	4.97	12587	11.59	21.82	9.71	4.97	10955	21.68	36.53	8.41	4.99	11531	16.89	30.4	9.49	4.89	10406	29.32	43.87	8.51	4.99															2018-05-07 18:48:00
07.05.2018	18:54:00	RO_SE_001	3402	254982	186	0	12735	10.94	20.63	9.98	4.94	11335	18.05	32.02	8.49	4.97	12587	11.59	21.82	9.73	4.97	10955	21.68	36.53	8.41	4.99	11532	16.88	30.39	9.48	4.89	10406	29.32	43.87	8.48	4.99															2018-05-07 18:54:00
07.05.2018	19:00:00	RO_SE_001	3401	254983	183	0	12736	10.94	20.62	9.98	4.97	11335	18.05	32.02	8.48	4.97	12588	11.58	21.81	9.73	4.97	10955	21.68	36.53	8.44	4.99	11532	16.88	30.39	9.47	4.89	10406	29.32	43.87	8.49	4.99															2018-05-07 19:00:00
07.05.2018	19:06:00	RO_SE_001	3401	254984	186	0	12736	10.94	20.62	9.98	4.97	11336	18.04	32.01	8.51	4.97	12589	11.58	21.8	9.74	4.97	10956	21.67	36.52	8.45	4.99	11532	16.88	30.39	9.51	4.89	10406	29.32	43.87	8.48	4.99															2018-05-07 19:06:00
07.05.2018	19:12:00	RO_SE_001	3401	254985	186	0	12735	10.94	20.63	10.02	4.97	11337	18.04	32.0	8.44	4.97	12589	11.58	21.8	9.77	4.97	10956	21.67	36.52	8.41	4.99	11532	16.88	30.39	9.5	4.89	10406	29.32	43.87	8.52	4.99															2018-05-07 19:12:00
07.05.2018	19:18:00	RO_SE_001	3401	254986	186	0	12737	10.93	20.61	10.02	4.94	11336	18.04	32.01	8.49	4.97	12590	11.57	21.79	9.75	4.97	10956	21.67	36.52	8.41	4.99	11533	16.87	30.38	9.55	4.91	10406	29.32	43.87	8.49	4.99															2018-05-07 19:18:00
07.05.2018	19:24:00	RO_SE_001	3401	254987	186	0	12736	10.94	20.62	9.99	4.97	11337	18.04	32.0	8.48	4.97	12590	11.57	21.79	9.72	4.97	10956	21.67	36.52	8.45	4.99	11533	16.87	30.38	9.52	4.89	10406	29.32	43.87	8.49	4.99															2018-05-07 19:24:00
07.05.2018	19:30:00	RO_SE_001	3401	254988	186	0	12736	10.94	20.62	10.02	4.97	11337	18.04	32.0	8.51	4.94	12590	11.57	21.79	9.77	4.97	10957	21.66	36.51	8.42	4.99	11533	16.87	30.38	9.54	4.89	10406	29.32	43.87	8.5	4.99															2018-05-07 19:30:00
07.05.2018	19:36:00	RO_SE_001	3401	254989	186	0	12737	10.93	20.61	10.05	4.97	11337	18.04	32.0	8.47	4.97	12590	11.57	21.79	9.77	4.97	10957	21.66	36.51	8.45	4.99	11534	16.87	30.37	9.51	4.89	10406	29.32	43.87	8.52	4.99															2018-05-07 19:36:00
07.05.2018	19:42:00	RO_SE_001	3290	254990	0	0	12736	10.94	20.62	10.02	4.94	11337	18.04	32.0	8.52	4.94	12591	11.57	21.79	9.76	4.97	10957	21.66	36.51	8.41	4.99	11534	16.87	30.37	9.52	4.89	10406	29.32	43.87	8.52	4.99															2018-05-07 19:42:00
07.05.2018	19:48:00	RO_SE_001	3401	254991	183	0	12736	10.94	20.62	10.03	4.97	11337	18.04	32.0	8.48	4.97	12591	11.57	21.79	9.77	4.97	10957	21.66	36.51	8.45	4.99	11535	16.86	30.36	9.55	4.91	10407	29.30	43.86	8.51	4.99															2018-05-07 19:48:00
07.05.2018	19:54:00	RO_SE_001	3402	254992	183	0	12737	10.93	20.61	10.03	4.97	11337	18.04	32.0	8.5	4.97	12592	11.57	21.78	9.77	4.97	10958	21.65	36.5	8.45	4.99	11535	16.86	30.36	9.56	4.89	10407	29.30	43.86	8.51	4.99															2018-05-07 19:54:00
07.05.2018	20:00:00	RO_SE_001	3402	254993	183	0	12736	10.94	20.62	10.02	4.97	11338	18.03	31.99	8.48	4.94	12592	11.57	21.78	9.8	4.97	10958	21.65	36.5	8.41	4.99	11536	16.85	30.35	9.58	4.89	10407	29.30	43.86	8.52	4.99															2018-05-07 20:00:00
07.05.2018	20:06:00	RO_SE_001	3402	254994	186	0	12737	10.93	20.61	10.03	4.97	11338	18.03	31.99	8.51	4.97	12593	11.56	21.77	9.79	4.97	10958	21.65	36.5	8.45	4.99	11536	16.85	30.35	9.59	4.89	10407	29.30	43.86	8.52	4.99															2018-05-07 20:06:00
07.05.2018	20:12:00	RO_SE_001	3401	254995	189	0	12737	10.93	20.61	10.04	4.97	11338	18.03	31.99	8.5	4.94	12593	11.56	21.77	9.81	4.97	10958	21.65	36.5	8.43	4.99	11537	16.85	30.34	9.53	4.89	10407	29.30	43.86	8.53	4.99															2018-05-07 20:12:00
07.05.2018	20:18:00	RO_SE_001	3402	254996	189	0	12738	10.93	20.61	10.04	4.97	11338	18.03	31.99	8.5	4.97	12594	11.56	21.77	9.76	4.97	10959	21.64	36.49	8.44	4.97	11537	16.85	30.34	9.56	4.89	10407	29.30	43.86	8.52	4.99															2018-05-07 20:18:00
07.05.2018	20:24:00	RO_SE_001	3401	254997	186	0	12738	10.93	20.61	10.07	4.97	11338	18.03	31.99	8.5	4.97	12594	11.56	21.77	9.8	4.97	10959	21.64	36.49	8.47	4.99	11537	16.85	30.34	9.56	4.89	10407	29.30	43.86	8.53	4.99															2018-05-07 20:24:00
07.05.2018	20:30:00	RO_SE_001	3401	254998	186	0	12738	10.93	20.61	10.02	4.97	11338	18.03	31.99	8.52	4.97	12594	11.56	21.77	9.76	4.97	10959	21.64	36.49	8.45	4.99	11538	16.84	30.33	9.56	4.89	10407	29.30	43.86	8.55	4.99															2018-05-07 20:30:00
07.05.2018	20:36:00	RO_SE_001	3401	254999	186	0	12738	10.93	20.61	10.04	4.97	11338	18.03	31.99	8.51	4.97	12594	11.56	21.77	9.81	4.97	10959	21.64	36.49	8.44	4.99	11538	16.84	30.33	9.58	4.89	10407	29.30	43.86	8.56	4.99															2018-05-07 20:36:00
07.05.2018	20:42:00	RO_SE_001	3400	255000	183	0	12739	10.93	20.6	10.05	4.97	11338	18.03	31.99	8.54	4.97	12595	11.55	21.76	9.77	4.97	10959	21.64	36.49	8.44	4.99	11539	16.83	30.32	9.55	4.89	10408	29.28	43.84	8.57	4.99															2018-05-07 20:42:00
07.05.2018	20:48:00	RO_SE_001	3401	255001	183	0	12740	10.92	20.59	10.04	4.97	11338	18.03	31.99	8.53	4.97	12595	11.55	21.76	9.76	4.97	10960	21.63	36.48	8.46	4.99	11538	16.84	30.33	9.6	4.89	10408	29.28	43.84	8.53	4.99															2018-05-07 20:48:00
07.05.2018	20:54:00	RO_SE_001	3400	255002	183	0	12740	10.92	20.59	10.05	4.97	11338	18.03	31.99	8.52	4.97	12595	11.55	21.76	9.81	4.97	10960	21.63	36.48	8.38	4.99	11538	16.84	30.33	9.59	4.91	10408	29.28	43.84	8.54	4.99															2018-05-07 20:54:00
07.05.2018	21:00:00	RO_SE_001	3223	255003	183	0	12739	10.93	20.6	10.05	4.97	11338	18.03	31.99	8.54	4.97	12595	11.55	21.76	9.77	4.97	10960	21.63	36.48	8.48	4.99	11539	16.83	30.32	9.59	4.89	10408	29.28	43.84	8.55	4.99															2018-05-07 21:00:00
07.05.2018	21:06:00	RO_SE_001	3405	255004	186	0	12739	10.93	20.6	10.04	4.97	11338	18.03	31.99	8.54	4.94	12595	11.55	21.76	9.79	4.97	10960	21.63	36.48	8.47	4.99	11539	16.83	30.32	9.59	4.91	10408	29.28	43.84	8.57	4.99															2018-05-07 21:06:00
07.05.2018	21:12:00	RO_SE_001	3231	255005	186	0	12740	10.92	20.59	10.07	4.97	11338	18.03	31.99	8.5	4.94	12597	11.55	21.74	9.8	4.97	10961	21.62	36.47	8.46	4.99	11540	16.83	30.31	9.56	4.89	10408	29.28	43.84	8.53	4.99															2018-05-07 21:12:00
07.05.2018	21:18:00	RO_SE_001	3407	255006	183	0	12737	10.93	20.61	10.05	4.97	11337	18.04	32.0	8.52	4.97	12597	11.55	21.74	9.81	4.97	10961	21.62	36.47	8.47	4.99	11540	16.83	30.31	9.59	4.91	10408	29.28	43.84	8.56	4.99															2018-05-07 21:18:00
07.05.2018	21:24:00	RO_SE_001	3405	255007	183	0	12738	10.93	20.61	10.04	4.97	11337	18.04	32.0	8.57	4.97	12597	11.55	21.74	9.82	4.97	10961	21.62	36.47	8.47	4.99	11540	16.83	30.31	9.58	4.89	10409	29.27	43.83	8.57	4.99															2018-05-07 21:24:00
07.05.2018	21:30:00	RO_SE_001	3404	255008	183	0	12735	10.94	20.63	10.03	4.97	11337	18.04	32.0	8.54	4.97	12597	11.55	21.74	9.8	4.97	10961	21.62	36.47	8.47	4.99	11541	16.82	30.3	9.63	4.89	10409	29.27	43.83	8.59	4.99															2018-05-07 21:30:00
07.05.2018	21:36:00	RO_SE_001	3403	255009	183	0	12736	10.94	20.62	10.05	4.94	11337	18.04	32.0	8.54	4.97	12597	11.55	21.74	9.78	4.97	10962	21.61	36.46	8.5	4.99	11541	16.82	30.3	9.59	4.89	10409	29.27	43.83	8.58	4.99															2018-05-07 21:36:00
07.05.2018	21:42:00	RO_SE_001	3403	255010	120	0	12736	10.94	20.62	10.02	4.97	11337	18.04	32.0	8.52	4.97	12598	11.54	21.74	9.8	4.97	10961	21.62	36.47	8.5	4.99	11541	16.82	30.3	9.57	4.89	10409	29.27	43.83	8.57	4.99															2018-05-07 21:42:00
07.05.2018	21:48:00	RO_SE_001	3402	255011	180	0	12736	10.94	20.62	10.02	4.97	11338	18.03	31.99	8.55	4.97	12598	11.54	21.74	9.81	4.97	10961	21.62	36.47	8.49	4.99	11542	16.81	30.29	9.61	4.89	10409	29.27	43.83	8.56	4.99															2018-05-07 21:48:00
07.05.2018	21:54:00	RO_SE_001	3401	255012	183	0	12736	10.94	20.62	10.05	4.97	11337	18.04	32.0	8.56	4.97	12598	11.54	21.74	9.82	4.97	10961	21.62	36.47	8.49	4.99	11542	16.81	30.29	9.6	4.89	10409	29.27	43.83	8.57	4.99															2018-05-07 21:54:00
07.05.2018	22:00:00	RO_SE_001	3401	255013	183	0	12749	10.89	20.53	10.03	4.97	11337	18.04	32.0	8.55	4.97	12599	11.54	21.73	9.8	4.97	10961	21.62	36.47	8.51	4.99	11542	16.81	30.29	9.6	4.89	10409	29.27	43.83	8.59	4.99															2018-05-07 22:00:00
07.05.2018	22:06:00	RO_SE_001	3401	255014	186	0	12736	10.94	20.62	10.04	4.97	11338	18.03	31.99	8.54	4.97	12599	11.54	21.73	9.8	4.97	10962	21.61	36.46	8.5	4.99	11543	16.81	30.28	9.59	4.89	10409	29.27	43.83	8.57	4.99															2018-05-07 22:06:00
07.05.2018	22:12:00	RO_SE_001	3401	255015	183	0	12737	10.93	20.61	10.03	4.97	11337	18.04	32.0	8.51	4.97	12599	11.54	21.73	9.78	4.97	10962	21.61	36.46	8.48	4.99	11543	16.81	30.28	9.63	4.89	10409	29.27	43.83	8.57	4.99															2018-05-07 22:12:00
07.05.2018	22:18:00	RO_SE_001	3401	255016	183	0	12742	10.92	20.58	10.03	4.97	11337	18.04	32.0	8.55	4.97	12600	11.53	21.72	9.76	4.97	10962	21.61	36.46	8.49	4.99	11544	16.80	30.27	9.6	4.89	10409	29.27	43.83	8.59	4.99															2018-05-07 22:18:00
07.05.2018	22:24:00	RO_SE_001	3401	255017	183	0	12740	10.92	20.59	10.0	4.94	11337	18.04	32.0	8.57	4.97	12599	11.54	21.73	9.81	4.97	10962	21.61	36.46	8.48	4.99	11544	16.80	30.27	9.6	4.89	10409	29.27	43.83	8.6	4.99															2018-05-07 22:24:00
07.05.2018	22:30:00	RO_SE_001	3400	255018	183	0	12741	10.92	20.59	10.01	4.97	11337	18.04	32.0	8.55	4.97	12600	11.53	21.72	9.77	4.97	10962	21.61	36.46	8.5	4.99	11544	16.80	30.27	9.59	4.89	10409	29.27	43.83	8.6	4.99															2018-05-07 22:30:00
07.05.2018	22:36:00	RO_SE_001	3399	255019	183	0	12741	10.92	20.59	10.04	4.97	11337	18.04	32.0	8.55	4.97	12600	11.53	21.72	9.74	4.97	10963	21.60	36.44	8.48	4.99	11545	16.79	30.26	9.59	4.89	10409	29.27	43.83	8.6	4.99															2018-05-07 22:36:00
07.05.2018	22:42:00	RO_SE_001	3400	255020	186	0	12742	10.92	20.58	10.0	4.97	11337	18.04	32.0	8.55	4.94	12601	11.53	21.72	9.78	4.97	10963	21.60	36.44	8.48	4.99	11545	16.79	30.26	9.61	4.89	10409	29.27	43.83	8.59	4.99															2018-05-07 22:42:00
07.05.2018	22:48:00	RO_SE_001	3399	255021	186	0	12742	10.92	20.58	9.99	4.97	11337	18.04	32.0	8.58	4.97	12601	11.53	21.72	9.79	4.97	10963	21.60	36.44	8.49	4.99	11545	16.79	30.26	9.62	4.89	10410	29.25	43.82	8.59	4.99															2018-05-07 22:48:00
07.05.2018	22:54:00	RO_SE_001	3399	255022	186	0	12740	10.92	20.59	10.0	4.97	11337	18.04	32.0	8.56	4.97	12601	11.53	21.72	9.76	4.97	10963	21.60	36.44	8.47	4.99	11546	16.79	30.25	9.63	4.91	10410	29.25	43.82	8.62	4.99															2018-05-07 22:54:00
07.05.2018	23:00:00	RO_SE_001	3399	255023	186	0	12740	10.92	20.59	10.0	4.97	11337	18.04	32.0	8.55	4.97	12602	11.53	21.71	9.78	4.97	10964	21.59	36.43	8.52	4.99	11546	16.79	30.25	9.61	4.89	10410	29.25	43.82	8.59	4.99															2018-05-07 23:00:00
07.05.2018	23:06:00	RO_SE_001	3399	255024	186	0	12739	10.93	20.6	9.98	4.97	11337	18.04	32.0	8.57	4.97	12602	11.53	21.71	9.73	4.97	10964	21.59	36.43	8.52	4.99	11546	16.79	30.25	9.59	4.89	10410	29.25	43.82	8.59	4.99															2018-05-07 23:06:00
07.05.2018	23:12:00	RO_SE_001	3399	255025	186	0	12739	10.93	20.6	9.98	4.97	11337	18.04	32.0	8.58	4.97	12602	11.53	21.71	9.78	4.97	10964	21.59	36.43	8.48	4.99	11546	16.79	30.25	9.59	4.89	10410	29.25	43.82	8.59	4.99															2018-05-07 23:12:00
07.05.2018	23:18:00	RO_SE_001	3399	255026	186	0	12739	10.93	20.6	9.98	4.97	11337	18.04	32.0	8.55	4.97	12603	11.52	21.7	9.75	4.97	10964	21.59	36.43	8.49	4.99	11546	16.79	30.25	9.59	4.91	10410	29.25	43.82	8.61	4.99															2018-05-07 23:18:00
07.05.2018	23:24:00	RO_SE_001	3399	255027	183	0	12739	10.93	20.6	9.98	4.97	11337	18.04	32.0	8.55	4.97	12603	11.52	21.7	9.77	4.97	10964	21.59	36.43	8.52	4.99	11546	16.79	30.25	9.61	4.89	10410	29.25	43.82	8.6	4.99															2018-05-07 23:24:00
07.05.2018	23:30:00	RO_SE_001	3399	255028	183	0	12740	10.92	20.59	9.95	4.97	11337	18.04	32.0	8.58	4.97	12603	11.52	21.7	9.75	4.97	10964	21.59	36.43	8.51	4.99	11546	16.79	30.25	9.59	4.89	10410	29.25	43.82	8.59	4.99															2018-05-07 23:30:00
07.05.2018	23:36:00	RO_SE_001	3398	255029	186	0	12740	10.92	20.59	9.96	4.97	11337	18.04	32.0	8.59	4.97	12603	11.52	21.7	9.73	4.97	10964	21.59	36.43	8.55	4.99	11547	16.78	30.24	9.61	4.89	10410	29.25	43.82	8.6	4.99															2018-05-07 23:36:00
07.05.2018	23:42:00	RO_SE_001	3398	255030	186	0	12740	10.92	20.59	9.97	4.94	11337	18.04	32.0	8.6	4.97	12604	11.52	21.69	9.75	4.97	10965	21.58	36.42	8.49	4.99	11547	16.78	30.24	9.59	4.89	10410	29.25	43.82	8.62	4.99															2018-05-07 23:42:00
07.05.2018	23:48:00	RO_SE_001	3398	255031	183	0	12741	10.92	20.59	9.96	4.97	11337	18.04	32.0	8.59	4.97	12604	11.52	21.69	9.74	4.97	10965	21.58	36.42	8.48	4.99	11547	16.78	30.24	9.6	4.89	10410	29.25	43.82	8.64	4.99															2018-05-07 23:48:00
07.05.2018	23:54:00	RO_SE_001	3398	255032	183	0	12741	10.92	20.59	9.95	4.94	11337	18.04	32.0	8.61	4.97	12604	11.52	21.69	9.75	4.97	10965	21.58	36.42	8.53	4.99	11548	16.77	30.23	9.59	4.89	10410	29.25	43.82	8.63	4.99															2018-05-07 23:54:00
