06.05.2018	00:00:00	RO_SE_001	3431	254553	177	0	12624	11.36	21.41	9.12	4.97	11225	18.90	33.14	8.28	4.97	12421	12.27	23.03	8.94	4.97	10884	22.40	37.34	8.21	4.99	11399	17.82	31.7	8.9	4.91	10377	29.83	44.28	8.25	4.99															2018-05-06 00:00:00
06.05.2018	00:06:00	RO_SE_001	3431	254554	180	0	12626	11.35	21.39	9.13	4.97	11225	18.90	33.14	8.25	4.97	12421	12.27	23.03	8.94	4.97	10884	22.40	37.34	8.22	4.99	11399	17.82	31.7	8.89	4.91	10377	29.83	44.28	8.27	4.99															2018-05-06 00:06:00
06.05.2018	00:12:00	RO_SE_001	3431	254555	183	0	12625	11.36	21.4	9.09	4.94	11225	18.90	33.14	8.28	4.94	12421	12.27	23.03	8.97	4.97	10884	22.40	37.34	8.23	4.99	11399	17.82	31.7	8.87	4.89	10377	29.83	44.28	8.24	4.99															2018-05-06 00:12:00
06.05.2018	00:18:00	RO_SE_001	3432	254556	183	0	12625	11.36	21.4	9.13	4.97	11225	18.90	33.14	8.27	4.97	12421	12.27	23.03	8.95	4.97	10885	22.39	37.33	8.23	4.99	11398	17.82	31.71	8.87	4.89	10377	29.83	44.28	8.3	4.99															2018-05-06 00:18:00
06.05.2018	00:24:00	RO_SE_001	3432	254557	183	0	12625	11.36	21.4	9.09	4.97	11225	18.90	33.14	8.25	4.97	12421	12.27	23.03	8.94	4.97	10884	22.40	37.34	8.22	4.99	11399	17.82	31.7	8.87	4.89	10377	29.83	44.28	8.25	4.99															2018-05-06 00:24:00
06.05.2018	00:30:00	RO_SE_001	3431	254558	183	0	12625	11.36	21.4	9.09	4.97	11225	18.90	33.14	8.27	4.97	12422	12.26	23.03	8.93	4.97	10884	22.40	37.34	8.19	4.99	11399	17.82	31.7	8.86	4.89	10378	29.81	44.26	8.28	4.99															2018-05-06 00:30:00
06.05.2018	00:36:00	RO_SE_001	3432	254559	186	0	12625	11.36	21.4	9.12	4.94	11224	18.91	33.15	8.28	4.97	12422	12.26	23.03	8.91	4.97	10884	22.40	37.34	8.23	4.99	11399	17.82	31.7	8.86	4.89	10378	29.81	44.26	8.27	4.99															2018-05-06 00:36:00
06.05.2018	00:42:00	RO_SE_001	3431	254560	183	0	12627	11.35	21.38	9.09	4.97	11224	18.91	33.15	8.28	4.97	12422	12.26	23.03	8.93	4.97	10884	22.40	37.34	8.22	4.99	11399	17.82	31.7	8.88	4.89	10377	29.83	44.28	8.29	4.99															2018-05-06 00:42:00
06.05.2018	00:48:00	RO_SE_001	3431	254561	183	0	12627	11.35	21.38	9.07	4.97	11225	18.90	33.14	8.29	4.97	12422	12.26	23.03	8.89	4.97	10884	22.40	37.34	8.26	4.99	11400	17.81	31.69	8.87	4.89	10377	29.83	44.28	8.25	4.99															2018-05-06 00:48:00
06.05.2018	00:54:00	RO_SE_001	3431	254562	183	0	12627	11.35	21.38	9.07	4.97	11225	18.90	33.14	8.27	4.97	12422	12.26	23.03	8.91	4.97	10884	22.40	37.34	8.22	4.99	11400	17.81	31.69	8.84	4.91	10377	29.83	44.28	8.29	4.99															2018-05-06 00:54:00
06.05.2018	01:00:00	RO_SE_001	3431	254563	183	0	12627	11.35	21.38	9.07	4.97	11224	18.91	33.15	8.27	4.97	12423	12.26	23.02	8.91	4.97	10884	22.40	37.34	8.23	4.99	11400	17.81	31.69	8.88	4.89	10378	29.81	44.26	8.32	4.99															2018-05-06 01:00:00
06.05.2018	01:06:00	RO_SE_001	3431	254564	183	0	12627	11.35	21.38	9.04	4.94	11225	18.90	33.14	8.24	4.97	12423	12.26	23.02	8.9	4.97	10884	22.40	37.34	8.21	4.99	11400	17.81	31.69	8.84	4.89	10378	29.81	44.26	8.29	4.99															2018-05-06 01:06:00
06.05.2018	01:12:00	RO_SE_001	3430	254565	180	0	12627	11.35	21.38	9.08	4.97	11225	18.90	33.14	8.27	4.97	12423	12.26	23.02	8.89	4.97	10885	22.39	37.33	8.23	4.99	11401	17.80	31.68	8.88	4.89	10377	29.83	44.28	8.29	4.99															2018-05-06 01:12:00
06.05.2018	01:18:00	RO_SE_001	3430	254566	183	0	12628	11.35	21.38	9.06	4.97	11225	18.90	33.14	8.24	4.97	12424	12.25	23.01	8.93	4.97	10885	22.39	37.33	8.23	4.99	11401	17.80	31.68	8.84	4.89	10377	29.83	44.28	8.31	4.99															2018-05-06 01:18:00
06.05.2018	01:24:00	RO_SE_001	3430	254567	183	0	12627	11.35	21.38	9.04	4.94	11225	18.90	33.14	8.28	4.97	12424	12.25	23.01	8.87	4.97	10885	22.39	37.33	8.2	4.99	11401	17.80	31.68	8.84	4.89	10378	29.81	44.26	8.28	4.99															2018-05-06 01:24:00
06.05.2018	01:30:00	RO_SE_001	3430	254568	183	0	12627	11.35	21.38	9.05	4.97	11225	18.90	33.14	8.28	4.97	12424	12.25	23.01	8.84	4.97	10885	22.39	37.33	8.24	4.99	11401	17.80	31.68	8.83	4.89	10377	29.83	44.28	8.27	4.99															2018-05-06 01:30:00
06.05.2018	01:36:00	RO_SE_001	3430	254569	183	0	12628	11.35	21.38	9.02	4.97	11224	18.91	33.15	8.27	4.97	12425	12.25	23.0	8.88	4.97	10885	22.39	37.33	8.23	4.99	11402	17.80	31.67	8.83	4.89	10377	29.83	44.28	8.27	4.99															2018-05-06 01:36:00
06.05.2018	01:42:00	RO_SE_001	3430	254570	183	0	12628	11.35	21.38	9.02	4.97	11225	18.90	33.14	8.25	4.97	12425	12.25	23.0	8.84	4.97	10885	22.39	37.33	8.24	4.99	11402	17.80	31.67	8.82	4.89	10377	29.83	44.28	8.29	4.99															2018-05-06 01:42:00
06.05.2018	01:48:00	RO_SE_001	3429	254571	183	0	12628	11.35	21.38	9.03	4.97	11224	18.91	33.15	8.25	4.97	12425	12.25	23.0	8.91	4.97	10885	22.39	37.33	8.19	4.99	11402	17.80	31.67	8.8	4.89	10377	29.83	44.28	8.3	4.99															2018-05-06 01:48:00
06.05.2018	01:54:00	RO_SE_001	3429	254572	183	0	12628	11.35	21.38	9.01	4.97	11224	18.91	33.15	8.27	4.97	12425	12.25	23.0	8.88	4.97	10885	22.39	37.33	8.22	4.99	11402	17.80	31.67	8.84	4.89	10377	29.83	44.28	8.3	4.99															2018-05-06 01:54:00
06.05.2018	02:00:00	RO_SE_001	3429	254573	186	0	12628	11.35	21.38	8.99	4.97	11224	18.91	33.15	8.29	4.97	12426	12.24	23.0	8.83	4.97	10885	22.39	37.33	8.25	4.99	11403	17.79	31.66	8.8	4.89	10377	29.83	44.28	8.3	4.99															2018-05-06 02:00:00
06.05.2018	02:06:00	RO_SE_001	3430	254574	186	0	12628	11.35	21.38	9.02	4.97	11224	18.91	33.15	8.28	4.97	12426	12.24	23.0	8.8	4.97	10885	22.39	37.33	8.25	4.99	11403	17.79	31.66	8.8	4.89	10377	29.83	44.28	8.29	4.99															2018-05-06 02:06:00
06.05.2018	02:12:00	RO_SE_001	3429	254575	183	0	12628	11.35	21.38	8.99	4.97	11224	18.91	33.15	8.27	4.97	12426	12.24	23.0	8.84	4.97	10886	22.38	37.32	8.22	4.99	11403	17.79	31.66	8.87	4.89	10377	29.83	44.28	8.3	4.99															2018-05-06 02:12:00
06.05.2018	02:18:00	RO_SE_001	3429	254576	183	0	12628	11.35	21.38	8.98	4.94	11224	18.91	33.15	8.27	4.97	12427	12.24	22.99	8.82	4.97	10886	22.38	37.32	8.25	4.99	11403	17.79	31.66	8.81	4.89	10377	29.83	44.28	8.32	4.99															2018-05-06 02:18:00
06.05.2018	02:24:00	RO_SE_001	3429	254577	183	0	12629	11.34	21.37	8.98	4.97	11224	18.91	33.15	8.29	4.97	12427	12.24	22.99	8.84	4.97	10886	22.38	37.32	8.24	4.99	11403	17.79	31.66	8.77	4.91	10377	29.83	44.28	8.31	4.99															2018-05-06 02:24:00
06.05.2018	02:30:00	RO_SE_001	3429	254578	183	0	12629	11.34	21.37	8.95	4.97	11224	18.91	33.15	8.31	4.97	12427	12.24	22.99	8.81	4.97	10886	22.38	37.32	8.27	4.99	11404	17.78	31.65	8.8	4.89	10377	29.83	44.28	8.3	4.99															2018-05-06 02:30:00
06.05.2018	02:36:00	RO_SE_001	3429	254579	183	0	12630	11.34	21.36	8.96	4.97	11224	18.91	33.15	8.27	4.97	12427	12.24	22.99	8.8	4.97	10886	22.38	37.32	8.24	4.99	11404	17.78	31.65	8.81	4.89	10377	29.83	44.28	8.32	4.99															2018-05-06 02:36:00
06.05.2018	02:42:00	RO_SE_001	3429	254580	183	0	12629	11.34	21.37	8.93	4.97	11224	18.91	33.15	8.29	4.97	12428	12.24	22.98	8.77	4.97	10886	22.38	37.32	8.27	4.99	11404	17.78	31.65	8.8	4.89	10377	29.83	44.28	8.27	4.99															2018-05-06 02:42:00
06.05.2018	02:48:00	RO_SE_001	3430	254581	183	0	12632	11.33	21.35	8.95	4.94	11224	18.91	33.15	8.28	4.97	12428	12.24	22.98	8.8	4.97	10886	22.38	37.32	8.23	4.99	11404	17.78	31.65	8.76	4.89	10378	29.81	44.26	8.3	4.99															2018-05-06 02:48:00
06.05.2018	02:54:00	RO_SE_001	3432	254582	183	0	12632	11.33	21.35	8.95	4.97	11224	18.91	33.15	8.31	4.97	12428	12.24	22.98	8.8	4.97	10886	22.38	37.32	8.25	4.99	11405	17.77	31.64	8.77	4.89	10378	29.81	44.26	8.31	4.99															2018-05-06 02:54:00
06.05.2018	03:00:00	RO_SE_001	3432	254583	183	0	12631	11.33	21.36	8.94	4.97	11224	18.91	33.15	8.3	4.94	12429	12.23	22.97	8.77	4.97	10886	22.38	37.32	8.24	4.99	11405	17.77	31.64	8.75	4.89	10378	29.81	44.26	8.28	4.99															2018-05-06 03:00:00
06.05.2018	03:06:00	RO_SE_001	3432	254584	186	0	12632	11.33	21.35	8.92	4.97	11224	18.91	33.15	8.28	4.97	12428	12.24	22.98	8.77	4.97	10886	22.38	37.32	8.23	4.99	11405	17.77	31.64	8.76	4.89	10378	29.81	44.26	8.34	4.99															2018-05-06 03:06:00
06.05.2018	03:12:00	RO_SE_001	3431	254585	186	0	12632	11.33	21.35	8.91	4.97	11224	18.91	33.15	8.28	4.97	12429	12.23	22.97	8.75	4.97	10886	22.38	37.32	8.27	4.99	11405	17.77	31.64	8.79	4.89	10378	29.81	44.26	8.27	4.99															2018-05-06 03:12:00
06.05.2018	03:18:00	RO_SE_001	3432	254586	186	0	12632	11.33	21.35	8.89	4.97	11224	18.91	33.15	8.3	4.97	12428	12.24	22.98	8.77	4.97	10887	22.37	37.31	8.24	4.99	11406	17.77	31.63	8.77	4.89	10377	29.83	44.28	8.3	4.99															2018-05-06 03:18:00
06.05.2018	03:24:00	RO_SE_001	3430	254587	186	0	12632	11.33	21.35	8.88	4.97	11224	18.91	33.15	8.3	4.97	12429	12.23	22.97	8.75	4.97	10887	22.37	37.31	8.25	4.99	11406	17.77	31.63	8.76	4.89	10378	29.81	44.26	8.27	4.99															2018-05-06 03:24:00
06.05.2018	03:30:00	RO_SE_001	3430	254588	183	0	12632	11.33	21.35	8.91	4.97	11224	18.91	33.15	8.27	4.97	12429	12.23	22.97	8.78	4.97	10887	22.37	37.31	8.23	4.99	11406	17.77	31.63	8.77	4.89	10378	29.81	44.26	8.29	4.99															2018-05-06 03:30:00
06.05.2018	03:36:00	RO_SE_001	3430	254589	183	0	12632	11.33	21.35	8.88	4.97	11224	18.91	33.15	8.28	4.97	12429	12.23	22.97	8.73	4.97	10887	22.37	37.31	8.22	4.99	11406	17.77	31.63	8.76	4.89	10378	29.81	44.26	8.28	4.99															2018-05-06 03:36:00
06.05.2018	03:42:00	RO_SE_001	3430	254590	183	0	12632	11.33	21.35	8.86	4.94	11224	18.91	33.15	8.27	4.94	12430	12.23	22.97	8.73	4.97	10887	22.37	37.31	8.27	4.99	11405	17.77	31.64	8.77	4.89	10378	29.81	44.26	8.29	4.99															2018-05-06 03:42:00
06.05.2018	03:48:00	RO_SE_001	3430	254591	183	0	12632	11.33	21.35	8.86	4.94	11224	18.91	33.15	8.29	4.97	12430	12.23	22.97	8.71	4.97	10887	22.37	37.31	8.23	4.99	11406	17.77	31.63	8.77	4.91	10378	29.81	44.26	8.3	4.99															2018-05-06 03:48:00
06.05.2018	03:54:00	RO_SE_001	3429	254592	183	0	12632	11.33	21.35	8.86	4.94	11224	18.91	33.15	8.27	4.97	12430	12.23	22.97	8.72	4.97	10887	22.37	37.31	8.23	4.99	11406	17.77	31.63	8.74	4.89	10378	29.81	44.26	8.3	4.99															2018-05-06 03:54:00
06.05.2018	04:00:00	RO_SE_001	3429	254593	183	0	12632	11.33	21.35	8.82	4.97	11224	18.91	33.15	8.3	4.97	12430	12.23	22.97	8.74	4.97	10887	22.37	37.31	8.25	4.99	11406	17.77	31.63	8.77	4.89	10378	29.81	44.26	8.3	4.99															2018-05-06 04:00:00
06.05.2018	04:06:00	RO_SE_001	3429	254594	183	0	12632	11.33	21.35	8.84	4.97	11224	18.91	33.15	8.3	4.97	12430	12.23	22.97	8.71	4.97	10887	22.37	37.31	8.2	4.99	11406	17.77	31.63	8.71	4.91	10378	29.81	44.26	8.31	4.99															2018-05-06 04:06:00
06.05.2018	04:12:00	RO_SE_001	3429	254595	183	0	12632	11.33	21.35	8.83	4.97	11224	18.91	33.15	8.25	4.97	12431	12.22	22.96	8.73	4.97	10888	22.35	37.29	8.24	4.99	11407	17.76	31.62	8.7	4.89	10378	29.81	44.26	8.3	4.99															2018-05-06 04:12:00
06.05.2018	04:18:00	RO_SE_001	3428	254596	183	0	12631	11.33	21.36	8.84	4.97	11224	18.91	33.15	8.29	4.97	12431	12.22	22.96	8.71	4.97	10888	22.35	37.29	8.24	4.99	11407	17.76	31.62	8.71	4.91	10378	29.81	44.26	8.31	4.99															2018-05-06 04:18:00
06.05.2018	04:24:00	RO_SE_001	3429	254597	180	0	12632	11.33	21.35	8.8	4.97	11224	18.91	33.15	8.3	4.97	12432	12.22	22.95	8.69	4.97	10888	22.35	37.29	8.24	4.99	11407	17.76	31.62	8.67	4.89	10378	29.81	44.26	8.32	4.99															2018-05-06 04:24:00
06.05.2018	04:30:00	RO_SE_001	3261	254598	183	0	12633	11.33	21.34	8.82	4.94	11224	18.91	33.15	8.3	4.97	12432	12.22	22.95	8.7	4.97	10888	22.35	37.29	8.24	4.99	11407	17.76	31.62	8.7	4.89	10378	29.81	44.26	8.33	4.99															2018-05-06 04:30:00
06.05.2018	04:36:00	RO_SE_001	3431	254599	183	0	12633	11.33	21.34	8.77	4.97	11224	18.91	33.15	8.29	4.97	12432	12.22	22.95	8.67	4.97	10888	22.35	37.29	8.24	4.99	11408	17.75	31.61	8.7	4.89	10378	29.81	44.26	8.31	4.99															2018-05-06 04:36:00
06.05.2018	04:42:00	RO_SE_001	3430	254600	183	0	12633	11.33	21.34	8.79	4.97	11224	18.91	33.15	8.28	4.97	12432	12.22	22.95	8.66	4.97	10888	22.35	37.29	8.25	4.99	11408	17.75	31.61	8.66	4.89	10378	29.81	44.26	8.32	4.99															2018-05-06 04:42:00
06.05.2018	04:48:00	RO_SE_001	3429	254601	183	0	12633	11.33	21.34	8.77	4.97	11224	18.91	33.15	8.27	4.97	12433	12.21	22.94	8.64	4.97	10888	22.35	37.29	8.22	4.99	11408	17.75	31.61	8.66	4.89	10378	29.81	44.26	8.35	4.99															2018-05-06 04:48:00
06.05.2018	04:54:00	RO_SE_001	3429	254602	183	0	12633	11.33	21.34	8.75	4.97	11224	18.91	33.15	8.29	4.97	12433	12.21	22.94	8.69	4.97	10888	22.35	37.29	8.26	4.99	11408	17.75	31.61	8.73	4.89	10378	29.81	44.26	8.32	4.99															2018-05-06 04:54:00
06.05.2018	05:00:00	RO_SE_001	3429	254603	183	0	12633	11.33	21.34	8.77	4.94	11224	18.91	33.15	8.31	4.97	12433	12.21	22.94	8.63	4.97	10888	22.35	37.29	8.27	4.99	11409	17.74	31.6	8.66	4.89	10378	29.81	44.26	8.34	4.99															2018-05-06 05:00:00
06.05.2018	05:06:00	RO_SE_001	3429	254604	183	0	12633	11.33	21.34	8.7	4.97	11224	18.91	33.15	8.27	4.94	12433	12.21	22.94	8.65	4.97	10889	22.34	37.28	8.27	4.99	11409	17.74	31.6	8.67	4.89	10378	29.81	44.26	8.34	4.99															2018-05-06 05:06:00
06.05.2018	05:12:00	RO_SE_001	3428	254605	183	0	12634	11.32	21.33	8.73	4.97	11224	18.91	33.15	8.3	4.97	12434	12.21	22.94	8.66	4.97	10889	22.34	37.28	8.27	4.99	11409	17.74	31.6	8.66	4.89	10378	29.81	44.26	8.3	4.99															2018-05-06 05:12:00
06.05.2018	05:18:00	RO_SE_001	3428	254606	183	0	12633	11.33	21.34	8.73	4.97	11224	18.91	33.15	8.3	4.97	12434	12.21	22.94	8.61	4.97	10889	22.34	37.28	8.23	4.99	11409	17.74	31.6	8.65	4.89	10378	29.81	44.26	8.32	4.99															2018-05-06 05:18:00
06.05.2018	05:24:00	RO_SE_001	3428	254607	183	0	12633	11.33	21.34	8.76	4.97	11224	18.91	33.15	8.29	4.94	12434	12.21	22.94	8.63	4.97	10889	22.34	37.28	8.26	4.99	11410	17.74	31.59	8.66	4.89	10379	29.79	44.25	8.32	4.99															2018-05-06 05:24:00
06.05.2018	05:30:00	RO_SE_001	3428	254608	183	0	12634	11.32	21.33	8.72	4.94	11224	18.91	33.15	8.31	4.97	12435	12.21	22.93	8.58	4.97	10889	22.34	37.28	8.25	4.99	11410	17.74	31.59	8.64	4.89	10379	29.79	44.25	8.31	4.99															2018-05-06 05:30:00
06.05.2018	05:36:00	RO_SE_001	3428	254609	183	0	12635	11.32	21.33	8.7	4.94	11224	18.91	33.15	8.31	4.97	12435	12.21	22.93	8.59	4.97	10889	22.34	37.28	8.24	4.99	11410	17.74	31.59	8.65	4.89	10379	29.79	44.25	8.31	4.99															2018-05-06 05:36:00
06.05.2018	05:42:00	RO_SE_001	3428	254610	183	0	12635	11.32	21.33	8.67	4.97	11224	18.91	33.15	8.27	4.94	12435	12.21	22.93	8.55	4.97	10889	22.34	37.28	8.21	4.99	11410	17.74	31.59	8.63	4.89	10379	29.79	44.25	8.29	4.99															2018-05-06 05:42:00
06.05.2018	05:48:00	RO_SE_001	3426	254611	180	0	12635	11.32	21.33	8.7	4.94	11224	18.91	33.15	8.3	4.94	12435	12.21	22.93	8.62	4.97	10889	22.34	37.28	8.25	4.99	11410	17.74	31.59	8.62	4.89	10379	29.79	44.25	8.28	4.99															2018-05-06 05:48:00
06.05.2018	05:54:00	RO_SE_001	3427	254612	180	0	12635	11.32	21.33	8.7	4.94	11224	18.91	33.15	8.28	4.94	12436	12.20	22.92	8.58	4.97	10889	22.34	37.28	8.26	4.99	11411	17.73	31.58	8.6	4.91	10379	29.79	44.25	8.32	4.99															2018-05-06 05:54:00
06.05.2018	06:00:00	RO_SE_001	3425	254613	183	0	12636	11.31	21.32	8.66	4.94	11224	18.91	33.15	8.28	4.97	12435	12.21	22.93	8.57	4.97	10890	22.33	37.27	8.27	4.99	11410	17.74	31.59	8.6	4.89	10379	29.79	44.25	8.31	4.99															2018-05-06 06:00:00
06.05.2018	06:06:00	RO_SE_001	3426	254614	183	0	12636	11.31	21.32	8.68	4.97	11224	18.91	33.15	8.3	4.94	12435	12.21	22.93	8.58	4.97	10890	22.33	37.27	8.23	4.99	11411	17.73	31.58	8.59	4.89	10379	29.79	44.25	8.34	4.99															2018-05-06 06:06:00
06.05.2018	06:12:00	RO_SE_001	3426	254615	180	0	12636	11.31	21.32	8.68	4.97	11224	18.91	33.15	8.3	4.97	12436	12.20	22.92	8.56	4.97	10890	22.33	37.27	8.27	4.99	11411	17.73	31.58	8.6	4.89	10379	29.79	44.25	8.31	4.99															2018-05-06 06:12:00
06.05.2018	06:18:00	RO_SE_001	3426	254616	180	0	12636	11.31	21.32	8.67	4.97	11224	18.91	33.15	8.3	4.97	12436	12.20	22.92	8.52	4.97	10890	22.33	37.27	8.27	4.99	11412	17.72	31.57	8.58	4.91	10379	29.79	44.25	8.28	4.99															2018-05-06 06:18:00
06.05.2018	06:24:00	RO_SE_001	3426	254617	183	0	12637	11.31	21.31	8.62	4.97	11224	18.91	33.15	8.3	4.97	12436	12.20	22.92	8.54	4.97	10890	22.33	37.27	8.25	4.99	11412	17.72	31.57	8.6	4.89	10379	29.79	44.25	8.33	4.99															2018-05-06 06:24:00
06.05.2018	06:30:00	RO_SE_001	3425	254618	183	0	12637	11.31	21.31	8.64	4.97	11224	18.91	33.15	8.3	4.97	12436	12.20	22.92	8.54	4.97	10890	22.33	37.27	8.27	4.99	11412	17.72	31.57	8.57	4.89	10379	29.79	44.25	8.3	4.99															2018-05-06 06:30:00
06.05.2018	06:36:00	RO_SE_001	3425	254619	183	0	12637	11.31	21.31	8.63	4.97	11224	18.91	33.15	8.28	4.97	12437	12.20	22.91	8.55	4.97	10890	22.33	37.27	8.23	4.99	11412	17.72	31.57	8.58	4.89	10379	29.79	44.25	8.3	4.99															2018-05-06 06:36:00
06.05.2018	06:42:00	RO_SE_001	3425	254620	183	0	12637	11.31	21.31	8.63	4.97	11224	18.91	33.15	8.3	4.94	12437	12.20	22.91	8.48	4.97	10891	22.32	37.26	8.23	4.99	11412	17.72	31.57	8.56	4.89	10379	29.79	44.25	8.31	4.99															2018-05-06 06:42:00
06.05.2018	06:48:00	RO_SE_001	3425	254621	183	0	12637	11.31	21.31	8.6	4.97	11224	18.91	33.15	8.27	4.97	12437	12.20	22.91	8.5	4.97	10891	22.32	37.26	8.28	4.99	11413	17.72	31.56	8.55	4.89	10379	29.79	44.25	8.29	4.99															2018-05-06 06:48:00
06.05.2018	06:54:00	RO_SE_001	3424	254622	183	0	12637	11.31	21.31	8.59	4.97	11224	18.91	33.15	8.3	4.97	12438	12.19	22.91	8.47	4.97	10891	22.32	37.26	8.24	4.99	11413	17.72	31.56	8.55	4.89	10379	29.79	44.25	8.32	4.99															2018-05-06 06:54:00
06.05.2018	07:00:00	RO_SE_001	3424	254623	183	0	12638	11.31	21.31	8.62	4.94	11225	18.90	33.14	8.3	4.97	12438	12.19	22.91	8.5	4.97	10891	22.32	37.26	8.23	4.99	11413	17.72	31.56	8.57	4.89	10379	29.79	44.25	8.28	4.99															2018-05-06 07:00:00
06.05.2018	07:06:00	RO_SE_001	3424	254624	183	0	12638	11.31	21.31	8.61	4.94	11225	18.90	33.14	8.27	4.94	12438	12.19	22.91	8.5	4.97	10891	22.32	37.26	8.23	4.99	11413	17.72	31.56	8.55	4.89	10379	29.79	44.25	8.31	4.99															2018-05-06 07:06:00
06.05.2018	07:12:00	RO_SE_001	3424	254625	183	0	12638	11.31	21.31	8.57	4.97	11225	18.90	33.14	8.26	4.97	12438	12.19	22.91	8.45	4.97	10891	22.32	37.26	8.28	4.99	11413	17.72	31.56	8.52	4.89	10379	29.79	44.25	8.29	4.99															2018-05-06 07:12:00
06.05.2018	07:18:00	RO_SE_001	3424	254626	183	0	12638	11.31	21.31	8.59	4.97	11225	18.90	33.14	8.27	4.97	12439	12.19	22.9	8.49	4.97	10891	22.32	37.26	8.26	4.99	11413	17.72	31.56	8.55	4.91	10379	29.79	44.25	8.28	4.99															2018-05-06 07:18:00
06.05.2018	07:24:00	RO_SE_001	3423	254627	183	0	12638	11.31	21.31	8.58	4.97	11225	18.90	33.14	8.26	4.97	12439	12.19	22.9	8.49	4.97	10891	22.32	37.26	8.27	4.99	11413	17.72	31.56	8.55	4.89	10379	29.79	44.25	8.31	4.99															2018-05-06 07:24:00
06.05.2018	07:30:00	RO_SE_001	3423	254628	186	0	12639	11.30	21.3	8.58	4.94	11225	18.90	33.14	8.3	4.97	12439	12.19	22.9	8.45	4.97	10891	22.32	37.26	8.25	4.99	11413	17.72	31.56	8.54	4.89	10380	29.77	44.23	8.3	4.99															2018-05-06 07:30:00
06.05.2018	07:36:00	RO_SE_001	3423	254629	186	0	12639	11.30	21.3	8.55	4.97	11225	18.90	33.14	8.3	4.97	12439	12.19	22.9	8.46	4.97	10891	22.32	37.26	8.23	4.99	11414	17.71	31.55	8.55	4.89	10380	29.77	44.23	8.3	4.99															2018-05-06 07:36:00
06.05.2018	07:42:00	RO_SE_001	3423	254630	183	0	12639	11.30	21.3	8.59	4.94	11226	18.89	33.13	8.26	4.97	12440	12.19	22.89	8.45	4.97	10892	22.31	37.25	8.23	4.99	11414	17.71	31.55	8.52	4.89	10380	29.77	44.23	8.28	4.99															2018-05-06 07:42:00
06.05.2018	07:48:00	RO_SE_001	3423	254631	183	0	12639	11.30	21.3	8.58	4.97	11226	18.89	33.13	8.25	4.97	12440	12.19	22.89	8.45	4.97	10892	22.31	37.25	8.25	4.99	11414	17.71	31.55	8.5	4.89	10380	29.77	44.23	8.28	4.99															2018-05-06 07:48:00
06.05.2018	07:54:00	RO_SE_001	3423	254632	183	0	12639	11.30	21.3	8.55	4.97	11226	18.89	33.13	8.28	4.97	12440	12.19	22.89	8.45	4.97	10892	22.31	37.25	8.23	4.99	11414	17.71	31.55	8.49	4.89	10380	29.77	44.23	8.27	4.99															2018-05-06 07:54:00
06.05.2018	08:00:00	RO_SE_001	3423	254633	183	0	12639	11.30	21.3	8.57	4.97	11226	18.89	33.13	8.25	4.97	12440	12.19	22.89	8.47	4.97	10892	22.31	37.25	8.23	4.99	11415	17.70	31.54	8.52	4.91	10380	29.77	44.23	8.3	4.99															2018-05-06 08:00:00
06.05.2018	08:06:00	RO_SE_001	3423	254634	183	0	12639	11.30	21.3	8.59	4.97	11226	18.89	33.13	8.27	4.97	12441	12.18	22.88	8.45	4.97	10892	22.31	37.25	8.27	4.99	11415	17.70	31.54	8.48	4.89	10380	29.77	44.23	8.27	4.99															2018-05-06 08:06:00
06.05.2018	08:12:00	RO_SE_001	3423	254635	186	0	12639	11.30	21.3	8.55	4.97	11226	18.89	33.13	8.28	4.94	12441	12.18	22.88	8.45	4.97	10892	22.31	37.25	8.28	4.99	11415	17.70	31.54	8.51	4.89	10380	29.77	44.23	8.29	4.99															2018-05-06 08:12:00
06.05.2018	08:18:00	RO_SE_001	3422	254636	183	0	12639	11.30	21.3	8.56	4.97	11226	18.89	33.13	8.28	4.97	12441	12.18	22.88	8.46	4.97	10893	22.30	37.24	8.23	4.99	11415	17.70	31.54	8.51	4.89	10380	29.77	44.23	8.29	4.99															2018-05-06 08:18:00
06.05.2018	08:24:00	RO_SE_001	3423	254637	183	0	12639	11.30	21.3	8.53	4.97	11226	18.89	33.13	8.29	4.97	12441	12.18	22.88	8.47	4.97	10893	22.30	37.24	8.23	4.99	11416	17.69	31.53	8.49	4.89	10380	29.77	44.23	8.3	4.99															2018-05-06 08:24:00
06.05.2018	08:30:00	RO_SE_001	3422	254638	180	0	12639	11.30	21.3	8.55	4.94	11226	18.89	33.13	8.27	4.97	12442	12.18	22.88	8.45	4.97	10893	22.30	37.24	8.25	4.99	11416	17.69	31.53	8.49	4.91	10380	29.77	44.23	8.29	4.99															2018-05-06 08:30:00
06.05.2018	08:36:00	RO_SE_001	3423	254639	183	0	12639	11.30	21.3	8.52	4.97	11226	18.89	33.13	8.32	4.97	12442	12.18	22.88	8.43	4.97	10893	22.30	37.24	8.23	4.99	11416	17.69	31.53	8.47	4.89	10380	29.77	44.23	8.29	4.99															2018-05-06 08:36:00
06.05.2018	08:42:00	RO_SE_001	3423	254640	183	0	12639	11.30	21.3	8.57	4.94	11227	18.88	33.12	8.25	4.97	12443	12.17	22.87	8.42	4.97	10893	22.30	37.24	8.24	4.99	11416	17.69	31.53	8.46	4.89	10380	29.77	44.23	8.28	4.99															2018-05-06 08:42:00
06.05.2018	08:48:00	RO_SE_001	3423	254641	180	0	12640	11.30	21.29	8.53	4.97	11227	18.88	33.12	8.28	4.94	12442	12.18	22.88	8.46	4.97	10894	22.29	37.23	8.22	4.99	11417	17.69	31.52	8.48	4.89	10380	29.77	44.23	8.3	4.99															2018-05-06 08:48:00
06.05.2018	08:54:00	RO_SE_001	3424	254642	183	0	12640	11.30	21.29	8.55	4.97	11228	18.88	33.11	8.27	4.94	12443	12.17	22.87	8.42	4.97	10894	22.29	37.23	8.24	4.99	11417	17.69	31.52	8.45	4.89	10380	29.77	44.23	8.32	4.99															2018-05-06 08:54:00
06.05.2018	09:00:00	RO_SE_001	3423	254643	183	0	12641	11.30	21.28	8.55	4.97	11228	18.88	33.11	8.28	4.97	12443	12.17	22.87	8.45	4.97	10894	22.29	37.23	8.23	4.99	11417	17.69	31.52	8.48	4.89	10380	29.77	44.23	8.27	4.99															2018-05-06 09:00:00
06.05.2018	09:06:00	RO_SE_001	3423	254644	183	0	12641	11.30	21.28	8.56	4.97	11228	18.88	33.11	8.29	4.97	12443	12.17	22.87	8.44	4.97	10894	22.29	37.23	8.27	4.99	11418	17.68	31.51	8.47	4.89	10380	29.77	44.23	8.3	4.99															2018-05-06 09:06:00
06.05.2018	09:12:00	RO_SE_001	3423	254645	180	0	12641	11.30	21.28	8.55	4.97	11229	18.87	33.1	8.27	4.94	12444	12.17	22.86	8.45	4.97	10894	22.29	37.23	8.25	4.99	11418	17.68	31.51	8.45	4.89	10380	29.77	44.23	8.27	4.99															2018-05-06 09:12:00
06.05.2018	09:18:00	RO_SE_001	3423	254646	180	0	12641	11.30	21.28	8.59	4.97	11229	18.87	33.1	8.25	4.97	12444	12.17	22.86	8.42	4.97	10895	22.28	37.21	8.22	4.99	11418	17.68	31.51	8.47	4.89	10380	29.77	44.23	8.27	4.99															2018-05-06 09:18:00
06.05.2018	09:24:00	RO_SE_001	3423	254647	180	0	12641	11.30	21.28	8.56	4.97	11230	18.86	33.09	8.27	4.97	12444	12.17	22.86	8.42	4.97	10895	22.28	37.21	8.24	4.99	11418	17.68	31.51	8.47	4.89	10380	29.77	44.23	8.27	4.99															2018-05-06 09:24:00
06.05.2018	09:30:00	RO_SE_001	3423	254648	180	0	12641	11.30	21.28	8.55	4.97	11230	18.86	33.09	8.27	4.97	12445	12.16	22.86	8.46	4.97	10895	22.28	37.21	8.24	4.99	11419	17.67	31.5	8.47	4.89	10381	29.76	44.22	8.29	4.99															2018-05-06 09:30:00
06.05.2018	09:36:00	RO_SE_001	3423	254649	183	0	12642	11.29	21.28	8.56	4.97	11230	18.86	33.09	8.27	4.97	12445	12.16	22.86	8.41	4.97	10895	22.28	37.21	8.22	4.99	11419	17.67	31.5	8.47	4.89	10381	29.76	44.22	8.3	4.99															2018-05-06 09:36:00
06.05.2018	09:42:00	RO_SE_001	3423	254650	183	0	12642	11.29	21.28	8.59	4.97	11231	18.85	33.08	8.25	4.97	12445	12.16	22.86	8.45	4.97	10895	22.28	37.21	8.27	4.99	11419	17.67	31.5	8.45	4.89	10381	29.76	44.22	8.28	4.99															2018-05-06 09:42:00
06.05.2018	09:48:00	RO_SE_001	3423	254651	183	0	12642	11.29	21.28	8.59	4.94	11231	18.85	33.08	8.23	4.97	12446	12.16	22.85	8.45	4.97	10895	22.28	37.21	8.18	4.99	11419	17.67	31.5	8.44	4.89	10381	29.76	44.22	8.26	4.99															2018-05-06 09:48:00
06.05.2018	09:54:00	RO_SE_001	3423	254652	183	0	12642	11.29	21.28	8.59	4.97	11232	18.84	33.07	8.28	4.97	12446	12.16	22.85	8.49	4.97	10896	22.27	37.2	8.24	4.99	11420	17.66	31.49	8.46	4.89	10381	29.76	44.22	8.26	4.99															2018-05-06 09:54:00
06.05.2018	10:00:00	RO_SE_001	3422	254653	183	0	12643	11.29	21.27	8.58	4.97	11232	18.84	33.07	8.25	4.97	12447	12.16	22.84	8.46	4.97	10896	22.27	37.2	8.28	4.99	11420	17.66	31.49	8.5	4.89	10381	29.76	44.22	8.28	4.99															2018-05-06 10:00:00
06.05.2018	10:06:00	RO_SE_001	3423	254654	183	0	12643	11.29	21.27	8.6	4.97	11232	18.84	33.07	8.27	4.97	12447	12.16	22.84	8.46	4.97	10896	22.27	37.2	8.21	4.99	11420	17.66	31.49	8.47	4.89	10381	29.76	44.22	8.26	4.99															2018-05-06 10:06:00
06.05.2018	10:12:00	RO_SE_001	3423	254655	183	0	12643	11.29	21.27	8.62	4.97	11233	18.84	33.06	8.23	4.97	12447	12.16	22.84	8.47	4.97	10896	22.27	37.2	8.23	4.99	11421	17.66	31.48	8.49	4.89	10381	29.76	44.22	8.27	4.99															2018-05-06 10:12:00
06.05.2018	10:18:00	RO_SE_001	3422	254656	183	0	12643	11.29	21.27	8.63	4.97	11233	18.84	33.06	8.25	4.97	12448	12.15	22.83	8.45	4.97	10897	22.26	37.19	8.23	4.99	11420	17.66	31.49	8.5	4.89	10381	29.76	44.22	8.23	4.99															2018-05-06 10:18:00
06.05.2018	10:24:00	RO_SE_001	3422	254657	183	0	12643	11.29	21.27	8.62	4.97	11233	18.84	33.06	8.27	4.97	12448	12.15	22.83	8.48	4.97	10897	22.26	37.19	8.24	4.99	11421	17.66	31.48	8.48	4.91	10381	29.76	44.22	8.24	4.99															2018-05-06 10:24:00
06.05.2018	10:30:00	RO_SE_001	3422	254658	177	0	12643	11.29	21.27	8.6	4.97	11234	18.83	33.05	8.25	4.97	12449	12.15	22.83	8.52	4.97	10897	22.26	37.19	8.22	4.99	11421	17.66	31.48	8.48	4.89	10381	29.76	44.22	8.29	4.99															2018-05-06 10:30:00
06.05.2018	10:36:00	RO_SE_001	3422	254659	183	0	12644	11.28	21.26	8.63	4.94	11234	18.83	33.05	8.25	4.97	12449	12.15	22.83	8.52	4.97	10897	22.26	37.19	8.22	4.99	11421	17.66	31.48	8.49	4.91	10381	29.76	44.22	8.25	4.99															2018-05-06 10:36:00
06.05.2018	10:42:00	RO_SE_001	3423	254660	168	0	12644	11.28	21.26	8.63	4.97	11235	18.82	33.04	8.25	4.97	12450	12.14	22.82	8.54	4.97	10897	22.26	37.19	8.23	4.99	11422	17.65	31.47	8.5	4.89	10382	29.74	44.21	8.24	4.99															2018-05-06 10:42:00
06.05.2018	10:48:00	RO_SE_001	3423	254661	183	0	12644	11.28	21.26	8.7	4.97	11235	18.82	33.04	8.25	4.97	12450	12.14	22.82	8.51	4.97	10898	22.25	37.18	8.21	4.99	11422	17.65	31.47	8.49	4.89	10382	29.74	44.21	8.25	4.99															2018-05-06 10:48:00
06.05.2018	10:54:00	RO_SE_001	3423	254662	177	0	12645	11.28	21.26	8.67	4.97	11236	18.81	33.03	8.26	4.97	12450	12.14	22.82	8.51	4.97	10898	22.25	37.18	8.22	4.99	11422	17.65	31.47	8.5	4.91	10382	29.74	44.21	8.26	4.99															2018-05-06 10:54:00
06.05.2018	11:00:00	RO_SE_001	3423	254663	168	0	12645	11.28	21.26	8.68	4.97	11237	18.80	33.02	8.23	4.97	12450	12.14	22.82	8.5	4.97	10898	22.25	37.18	8.23	4.99	11422	17.65	31.47	8.5	4.89	10382	29.74	44.21	8.27	4.99															2018-05-06 11:00:00
06.05.2018	11:06:00	RO_SE_001	3422	254664	168	0	12646	11.28	21.25	8.67	4.97	11238	18.80	33.01	8.25	4.97	12450	12.14	22.82	8.55	4.97	10898	22.25	37.18	8.23	4.99	11423	17.64	31.46	8.48	4.91	10382	29.74	44.21	8.29	4.99															2018-05-06 11:06:00
06.05.2018	11:12:00	RO_SE_001	3423	254665	159	0	12645	11.28	21.26	8.67	4.94	11238	18.80	33.01	8.23	4.97	12451	12.14	22.81	8.5	4.97	10898	22.25	37.18	8.22	4.99	11423	17.64	31.46	8.52	4.91	10382	29.74	44.21	8.23	4.99															2018-05-06 11:12:00
06.05.2018	11:18:00	RO_SE_001	3423	254666	159	0	12646	11.28	21.25	8.7	4.97	11239	18.79	33.0	8.23	4.94	12451	12.14	22.81	8.54	4.97	10898	22.25	37.18	8.21	4.99	11424	17.64	31.45	8.51	4.89	10382	29.74	44.21	8.27	4.99															2018-05-06 11:18:00
06.05.2018	11:24:00	RO_SE_001	3423	254667	183	0	12646	11.28	21.25	8.68	4.94	11239	18.79	33.0	8.21	4.97	12452	12.13	22.8	8.55	4.97	10898	22.25	37.18	8.23	4.99	11424	17.64	31.45	8.52	4.89	10382	29.74	44.21	8.24	4.99															2018-05-06 11:24:00
06.05.2018	11:30:00	RO_SE_001	3423	254668	183	0	12646	11.28	21.25	8.74	4.97	11240	18.78	32.99	8.27	4.97	12452	12.13	22.8	8.58	4.97	10898	22.25	37.18	8.2	4.99	11424	17.64	31.45	8.55	4.89	10382	29.74	44.21	8.24	4.99															2018-05-06 11:30:00
06.05.2018	11:36:00	RO_SE_001	3422	254669	171	0	12646	11.28	21.25	8.72	4.97	11240	18.78	32.99	8.25	4.97	12453	12.13	22.8	8.59	4.97	10899	22.24	37.17	8.22	4.99	11425	17.63	31.44	8.55	4.89	10382	29.74	44.21	8.27	4.99															2018-05-06 11:36:00
06.05.2018	11:42:00	RO_SE_001	3423	254670	183	0	12645	11.28	21.26	8.73	4.97	11240	18.78	32.99	8.23	4.97	12453	12.13	22.8	8.58	4.97	10899	22.24	37.17	8.2	4.99	11425	17.63	31.44	8.54	4.89	10382	29.74	44.21	8.25	4.99															2018-05-06 11:42:00
06.05.2018	11:48:00	RO_SE_001	3423	254671	186	0	12646	11.28	21.25	8.73	4.97	11241	18.77	32.98	8.22	4.97	12454	12.13	22.79	8.59	4.97	10899	22.24	37.17	8.22	4.99	11426	17.62	31.43	8.55	4.89	10382	29.74	44.21	8.29	4.99															2018-05-06 11:48:00
06.05.2018	11:54:00	RO_SE_001	3423	254672	168	0	12646	11.28	21.25	8.77	4.97	11242	18.76	32.97	8.23	4.94	12455	12.12	22.78	8.62	4.97	10899	22.24	37.17	8.19	4.99	11426	17.62	31.43	8.58	4.89	10383	29.72	44.19	8.26	4.99															2018-05-06 11:54:00
06.05.2018	12:00:00	RO_SE_001	3423	254673	168	0	12646	11.28	21.25	8.77	4.97	11242	18.76	32.97	8.22	4.97	12455	12.12	22.78	8.63	4.97	10900	22.23	37.16	8.21	4.99	11427	17.61	31.42	8.6	4.91	10383	29.72	44.19	8.25	4.99															2018-05-06 12:00:00
06.05.2018	12:06:00	RO_SE_001	3423	254674	177	0	12646	11.28	21.25	8.8	4.97	11243	18.76	32.96	8.28	4.97	12456	12.12	22.77	8.64	4.97	10900	22.23	37.16	8.2	4.99	11427	17.61	31.42	8.56	4.91	10383	29.72	44.19	8.23	4.99															2018-05-06 12:06:00
06.05.2018	12:12:00	RO_SE_001	3423	254675	183	0	12646	11.28	21.25	8.79	4.94	11243	18.76	32.96	8.23	4.97	12456	12.12	22.77	8.66	4.97	10900	22.23	37.16	8.19	4.99	11427	17.61	31.42	8.56	4.89	10383	29.72	44.19	8.27	4.99															2018-05-06 12:12:00
06.05.2018	12:18:00	RO_SE_001	3423	254676	180	0	12647	11.27	21.24	8.8	4.97	11244	18.75	32.95	8.25	4.97	12456	12.12	22.77	8.7	4.97	10900	22.23	37.16	8.23	4.99	11427	17.61	31.42	8.54	4.89	10383	29.72	44.19	8.25	4.99															2018-05-06 12:18:00
06.05.2018	12:24:00	RO_SE_001	3423	254677	177	0	12647	11.27	21.24	8.84	4.97	11245	18.74	32.94	8.25	4.97	12457	12.11	22.77	8.66	4.97	10901	22.22	37.15	8.23	4.99	11427	17.61	31.42	8.59	4.89	10383	29.72	44.19	8.28	4.99															2018-05-06 12:24:00
06.05.2018	12:30:00	RO_SE_001	3423	254678	168	0	12649	11.26	21.23	8.85	4.97	11246	18.73	32.93	8.27	4.97	12457	12.11	22.77	8.65	4.97	10901	22.22	37.15	8.18	4.99	11428	17.61	31.41	8.59	4.91	10383	29.72	44.19	8.22	4.99															2018-05-06 12:30:00
06.05.2018	12:36:00	RO_SE_001	3423	254679	180	0	12648	11.27	21.24	8.86	4.97	11247	18.73	32.92	8.22	4.97	12458	12.11	22.76	8.67	4.97	10901	22.22	37.15	8.2	4.99	11428	17.61	31.41	8.58	4.89	10383	29.72	44.19	8.23	4.99															2018-05-06 12:36:00
06.05.2018	12:42:00	RO_SE_001	3424	254680	168	0	12649	11.26	21.23	8.86	4.97	11246	18.73	32.93	8.2	4.97	12459	12.11	22.75	8.7	4.97	10901	22.22	37.15	8.2	4.99	11429	17.60	31.4	8.63	4.89	10383	29.72	44.19	8.27	4.99															2018-05-06 12:42:00
06.05.2018	12:48:00	RO_SE_001	3424	254681	156	0	12649	11.26	21.23	8.89	4.97	11248	18.72	32.91	8.22	4.97	12459	12.11	22.75	8.73	4.97	10902	22.21	37.13	8.2	4.99	11429	17.60	31.4	8.63	4.89	10384	29.70	44.18	8.26	4.99															2018-05-06 12:48:00
06.05.2018	12:54:00	RO_SE_001	3424	254682	168	0	12649	11.26	21.23	8.91	4.97	11247	18.73	32.92	8.22	4.97	12460	12.10	22.74	8.72	4.97	10902	22.21	37.13	8.2	4.99	11429	17.60	31.4	8.64	4.89	10384	29.70	44.18	8.27	4.99															2018-05-06 12:54:00
06.05.2018	13:00:00	RO_SE_001	3424	254683	177	0	12650	11.26	21.22	8.91	4.97	11249	18.71	32.9	8.19	4.97	12460	12.10	22.74	8.73	4.97	10902	22.21	37.13	8.2	4.99	11430	17.59	31.39	8.61	4.89	10384	29.70	44.18	8.26	4.99															2018-05-06 13:00:00
06.05.2018	13:06:00	RO_SE_001	3424	254684	183	0	12650	11.26	21.22	8.92	4.97	11248	18.72	32.91	8.2	4.97	12461	12.10	22.74	8.74	4.97	10902	22.21	37.13	8.23	4.99	11430	17.59	31.39	8.63	4.89	10384	29.70	44.18	8.24	4.99															2018-05-06 13:06:00
06.05.2018	13:12:00	RO_SE_001	3424	254685	174	0	12651	11.26	21.21	8.95	4.97	11250	18.70	32.89	8.2	4.97	12462	12.09	22.73	8.79	4.97	10902	22.21	37.13	8.17	4.99	11431	17.58	31.38	8.66	4.89	10384	29.70	44.18	8.24	4.99															2018-05-06 13:12:00
06.05.2018	13:18:00	RO_SE_001	3424	254686	177	0	12651	11.26	21.21	8.95	4.94	11250	18.70	32.89	8.21	4.97	12462	12.09	22.73	8.77	4.97	10903	22.20	37.12	8.17	4.99	11431	17.58	31.38	8.67	4.89	10384	29.70	44.18	8.25	4.99															2018-05-06 13:18:00
06.05.2018	13:24:00	RO_SE_001	3424	254687	177	0	12652	11.25	21.21	8.95	4.94	11251	18.69	32.87	8.22	4.97	12463	12.09	22.72	8.77	4.97	10903	22.20	37.12	8.2	4.99	11432	17.58	31.37	8.66	4.89	10384	29.70	44.18	8.26	4.99															2018-05-06 13:24:00
06.05.2018	13:30:00	RO_SE_001	3424	254688	177	0	12652	11.25	21.21	8.98	4.97	11252	18.69	32.86	8.22	4.97	12464	12.08	22.71	8.8	4.97	10903	22.20	37.12	8.16	4.99	11432	17.58	31.37	8.7	4.89	10384	29.70	44.18	8.28	4.99															2018-05-06 13:30:00
06.05.2018	13:36:00	RO_SE_001	3424	254689	180	0	12653	11.25	21.2	8.98	4.97	11252	18.69	32.86	8.24	4.97	12463	12.09	22.72	8.8	4.97	10904	22.19	37.11	8.21	4.99	11432	17.58	31.37	8.68	4.89	10384	29.70	44.18	8.23	4.99															2018-05-06 13:36:00
06.05.2018	13:42:00	RO_SE_001	3424	254690	177	0	12653	11.25	21.2	9.02	4.97	11254	18.67	32.84	8.23	4.97	12464	12.08	22.71	8.8	4.97	10904	22.19	37.11	8.22	4.99	11433	17.57	31.36	8.7	4.91	10385	29.69	44.16	8.23	4.99															2018-05-06 13:42:00
06.05.2018	13:48:00	RO_SE_001	3424	254691	171	0	12655	11.24	21.19	9.02	4.94	11255	18.66	32.83	8.2	4.97	12465	12.08	22.71	8.84	4.97	10904	22.19	37.11	8.21	4.99	11433	17.57	31.36	8.71	4.89	10385	29.69	44.16	8.23	4.99															2018-05-06 13:48:00
06.05.2018	13:54:00	RO_SE_001	3424	254692	177	0	12653	11.25	21.2	9.06	4.97	11254	18.67	32.84	8.23	4.97	12466	12.08	22.7	8.87	4.97	10904	22.19	37.11	8.17	4.99	11434	17.56	31.35	8.69	4.91	10385	29.69	44.16	8.23	4.99															2018-05-06 13:54:00
06.05.2018	14:00:00	RO_SE_001	3424	254693	180	0	12653	11.25	21.2	9.04	4.97	11255	18.66	32.83	8.22	4.94	12466	12.08	22.7	8.85	4.97	10905	22.18	37.1	8.21	4.99	11433	17.57	31.36	8.71	4.89	10384	29.70	44.18	8.21	4.99															2018-05-06 14:00:00
06.05.2018	14:06:00	RO_SE_001	3424	254694	180	0	12652	11.25	21.21	9.06	4.97	11256	18.65	32.82	8.2	4.97	12467	12.07	22.69	8.9	4.97	10905	22.18	37.1	8.19	4.99	11434	17.56	31.35	8.74	4.91	10384	29.70	44.18	8.25	4.99															2018-05-06 14:06:00
06.05.2018	14:12:00	RO_SE_001	3424	254695	183	0	12652	11.25	21.21	9.09	4.97	11256	18.65	32.82	8.24	4.97	12468	12.07	22.68	8.88	4.97	10905	22.18	37.1	8.22	4.99	11434	17.56	31.35	8.74	4.89	10384	29.70	44.18	8.23	4.99															2018-05-06 14:12:00
06.05.2018	14:18:00	RO_SE_001	3424	254696	183	0	12653	11.25	21.2	9.11	4.94	11257	18.65	32.81	8.23	4.97	12469	12.06	22.68	8.91	4.97	10905	22.18	37.1	8.18	4.99	11435	17.56	31.34	8.74	4.89	10384	29.70	44.18	8.25	4.99															2018-05-06 14:18:00
06.05.2018	14:24:00	RO_SE_001	3423	254697	177	0	12653	11.25	21.2	9.14	4.97	11257	18.65	32.81	8.22	4.97	12469	12.06	22.68	8.9	4.97	10905	22.18	37.1	8.19	4.99	11436	17.55	31.33	8.78	4.89	10384	29.70	44.18	8.23	4.99															2018-05-06 14:24:00
06.05.2018	14:30:00	RO_SE_001	3424	254698	186	0	12653	11.25	21.2	9.14	4.97	11258	18.64	32.8	8.19	4.97	12471	12.06	22.66	8.93	4.97	10906	22.17	37.09	8.22	4.99	11436	17.55	31.33	8.75	4.89	10385	29.69	44.16	8.25	4.99															2018-05-06 14:30:00
06.05.2018	14:36:00	RO_SE_001	3423	254699	159	0	12654	11.25	21.19	9.14	4.97	11259	18.63	32.79	8.25	4.97	12470	12.06	22.67	8.94	4.97	10905	22.18	37.1	8.19	4.99	11437	17.54	31.32	8.78	4.89	10385	29.69	44.16	8.21	4.99															2018-05-06 14:36:00
06.05.2018	14:42:00	RO_SE_001	3424	254700	168	0	12655	11.24	21.19	9.16	4.97	11259	18.63	32.79	8.2	4.97	12471	12.06	22.66	8.94	4.97	10905	22.18	37.1	8.22	4.99	11437	17.54	31.32	8.77	4.89	10385	29.69	44.16	8.25	4.99															2018-05-06 14:42:00
06.05.2018	14:48:00	RO_SE_001	3423	254701	171	0	12655	11.24	21.19	9.17	4.97	11260	18.62	32.78	8.17	4.94	12472	12.05	22.65	8.93	4.97	10905	22.18	37.1	8.21	4.99	11438	17.53	31.31	8.83	4.89	10385	29.69	44.16	8.22	4.99															2018-05-06 14:48:00
06.05.2018	14:54:00	RO_SE_001	3424	254702	180	0	12655	11.24	21.19	9.24	4.97	11261	18.62	32.77	8.23	4.97	12472	12.05	22.65	8.97	4.97	10905	22.18	37.1	8.19	4.99	11438	17.53	31.31	8.8	4.89	10385	29.69	44.16	8.23	4.99															2018-05-06 14:54:00
06.05.2018	15:00:00	RO_SE_001	3423	254703	180	0	12656	11.24	21.18	9.23	4.97	11261	18.62	32.77	8.2	4.94	12473	12.05	22.65	8.96	4.97	10906	22.17	37.09	8.2	4.99	11439	17.53	31.3	8.8	4.89	10385	29.69	44.16	8.25	4.99															2018-05-06 15:00:00
06.05.2018	15:06:00	RO_SE_001	3423	254704	180	0	12656	11.24	21.18	9.25	4.94	11261	18.62	32.77	8.24	4.97	12474	12.04	22.64	8.98	4.97	10906	22.17	37.09	8.21	4.99	11439	17.53	31.3	8.8	4.91	10385	29.69	44.16	8.26	4.99															2018-05-06 15:06:00
06.05.2018	15:12:00	RO_SE_001	3423	254705	177	0	12657	11.23	21.17	9.21	4.97	11261	18.62	32.77	8.21	4.97	12474	12.04	22.64	8.96	4.97	10906	22.17	37.09	8.19	4.99	11440	17.52	31.29	8.83	4.89	10386	29.67	44.15	8.23	4.99															2018-05-06 15:12:00
06.05.2018	15:18:00	RO_SE_001	3423	254706	177	0	12659	11.23	21.16	9.27	4.97	11263	18.60	32.75	8.22	4.97	12475	12.04	22.63	9.01	4.97	10906	22.17	37.09	8.14	4.99	11440	17.52	31.29	8.83	4.91	10386	29.67	44.15	8.22	4.99															2018-05-06 15:18:00
06.05.2018	15:24:00	RO_SE_001	3423	254707	183	0	12660	11.22	21.15	9.27	4.94	11262	18.61	32.76	8.21	4.97	12476	12.03	22.62	9.05	4.97	10907	22.16	37.08	8.24	4.99	11441	17.51	31.28	8.87	4.89	10386	29.67	44.15	8.23	4.99															2018-05-06 15:24:00
06.05.2018	15:30:00	RO_SE_001	3423	254708	177	0	12660	11.22	21.15	9.27	4.97	11263	18.60	32.75	8.23	4.97	12477	12.03	22.62	9.02	4.97	10907	22.16	37.08	8.21	4.99	11440	17.52	31.29	8.86	4.91	10386	29.67	44.15	8.23	4.99															2018-05-06 15:30:00
06.05.2018	15:36:00	RO_SE_001	3423	254709	168	0	12659	11.23	21.16	9.28	4.97	11264	18.59	32.74	8.21	4.97	12477	12.03	22.62	9.03	4.97	10907	22.16	37.08	8.22	4.99	11441	17.51	31.28	8.86	4.91	10386	29.67	44.15	8.24	4.99															2018-05-06 15:36:00
06.05.2018	15:42:00	RO_SE_001	3424	254710	186	0	12659	11.23	21.16	9.29	4.94	11264	18.59	32.74	8.24	4.94	12477	12.03	22.62	9.05	4.97	10908	22.15	37.07	8.19	4.99	11442	17.51	31.27	8.85	4.89	10386	29.67	44.15	8.23	4.99															2018-05-06 15:42:00
06.05.2018	15:48:00	RO_SE_001	3424	254711	183	0	12660	11.22	21.15	9.3	4.97	11265	18.58	32.73	8.23	4.97	12478	12.03	22.61	9.07	4.97	10908	22.15	37.07	8.22	4.99	11442	17.51	31.27	8.88	4.89	10386	29.67	44.15	8.25	4.99															2018-05-06 15:48:00
06.05.2018	15:54:00	RO_SE_001	3424	254712	177	0	12660	11.22	21.15	9.34	4.97	11265	18.58	32.73	8.2	4.97	12479	12.02	22.6	9.09	4.97	10908	22.15	37.07	8.21	4.99	11443	17.50	31.26	8.91	4.89	10386	29.67	44.15	8.22	4.99															2018-05-06 15:54:00
06.05.2018	16:00:00	RO_SE_001	3424	254713	168	0	12661	11.22	21.14	9.34	4.97	11272	18.53	32.66	8.25	4.97	12479	12.02	22.6	9.06	4.97	10908	22.15	37.07	8.21	4.99	11443	17.50	31.26	8.91	4.89	10387	29.65	44.14	8.26	4.99															2018-05-06 16:00:00
06.05.2018	16:06:00	RO_SE_001	3423	254714	174	0	12662	11.21	21.14	9.36	4.97	11272	18.53	32.66	8.24	4.94	12480	12.02	22.6	9.09	4.97	10909	22.14	37.05	8.23	4.99	11444	17.49	31.25	8.93	4.91	10387	29.65	44.14	8.24	4.99															2018-05-06 16:06:00
06.05.2018	16:12:00	RO_SE_001	3423	254715	174	0	12662	11.21	21.14	9.33	4.97	11272	18.53	32.66	8.19	4.97	12481	12.01	22.59	9.13	4.97	10909	22.14	37.05	8.2	4.99	11444	17.49	31.25	8.91	4.89	10387	29.65	44.14	8.26	4.99															2018-05-06 16:12:00
06.05.2018	16:18:00	RO_SE_001	3423	254716	186	0	12664	11.21	21.12	9.38	4.97	11272	18.53	32.66	8.2	4.97	12481	12.01	22.59	9.13	4.97	10909	22.14	37.05	8.2	4.99	11445	17.48	31.24	8.94	4.89	10387	29.65	44.14	8.22	4.99															2018-05-06 16:18:00
06.05.2018	16:24:00	RO_SE_001	3423	254717	186	0	12664	11.21	21.12	9.36	4.97	11272	18.53	32.66	8.23	4.94	12482	12.01	22.58	9.17	4.97	10909	22.14	37.05	8.2	4.99	11445	17.48	31.24	8.95	4.89	10387	29.65	44.14	8.27	4.99															2018-05-06 16:24:00
06.05.2018	16:30:00	RO_SE_001	3423	254718	168	0	12665	11.20	21.12	9.36	4.97	11272	18.53	32.66	8.22	4.97	12483	12.01	22.57	9.16	4.97	10910	22.13	37.04	8.21	4.99	11446	17.48	31.23	8.95	4.89	10387	29.65	44.14	8.25	4.99															2018-05-06 16:30:00
06.05.2018	16:36:00	RO_SE_001	3423	254719	186	0	12666	11.20	21.11	9.35	4.97	11272	18.53	32.66	8.24	4.97	12483	12.01	22.57	9.13	4.97	10910	22.13	37.04	8.21	4.99	11446	17.48	31.23	8.95	4.89	10387	29.65	44.14	8.28	4.99															2018-05-06 16:36:00
06.05.2018	16:42:00	RO_SE_001	3423	254720	183	0	12664	11.21	21.12	9.41	4.97	11272	18.53	32.66	8.22	4.97	12484	12.00	22.57	9.15	4.97	10910	22.13	37.04	8.21	4.99	11447	17.47	31.22	9.0	4.89	10387	29.65	44.14	8.26	4.99															2018-05-06 16:42:00
06.05.2018	16:48:00	RO_SE_001	3423	254721	180	0	12665	11.20	21.12	9.41	4.97	11272	18.53	32.66	8.21	4.97	12484	12.00	22.57	9.16	4.97	10910	22.13	37.04	8.2	4.99	11447	17.47	31.22	8.95	4.89	10387	29.65	44.14	8.23	4.99															2018-05-06 16:48:00
06.05.2018	16:54:00	RO_SE_001	3423	254722	180	0	12665	11.20	21.12	9.43	4.97	11272	18.53	32.66	8.23	4.97	12485	12.00	22.56	9.18	4.97	10911	22.12	37.03	8.22	4.99	11448	17.46	31.21	8.98	4.89	10388	29.63	44.12	8.27	4.99															2018-05-06 16:54:00
06.05.2018	17:00:00	RO_SE_001	3423	254723	180	0	12666	11.20	21.11	9.43	4.97	11272	18.53	32.66	8.24	4.97	12485	12.00	22.56	9.18	4.97	10911	22.12	37.03	8.19	4.99	11447	17.47	31.22	8.98	4.89	10388	29.63	44.12	8.27	4.99															2018-05-06 17:00:00
06.05.2018	17:06:00	RO_SE_001	3423	254724	174	0	12668	11.19	21.09	9.43	4.97	11272	18.53	32.66	8.22	4.97	12486	11.99	22.55	9.19	4.97	10911	22.12	37.03	8.23	4.99	11448	17.46	31.21	9.01	4.89	10388	29.63	44.12	8.26	4.99															2018-05-06 17:06:00
06.05.2018	17:12:00	RO_SE_001	3423	254725	183	0	12666	11.20	21.11	9.45	4.97	11272	18.53	32.66	8.23	4.97	12487	11.99	22.54	9.2	4.97	10911	22.12	37.03	8.19	4.99	11448	17.46	31.21	9.01	4.89	10388	29.63	44.12	8.28	4.99															2018-05-06 17:12:00
06.05.2018	17:18:00	RO_SE_001	3423	254726	183	0	12667	11.20	21.1	9.44	4.97	11273	18.52	32.65	8.23	4.97	12487	11.99	22.54	9.22	4.97	10911	22.12	37.03	8.23	4.99	11449	17.46	31.2	9.03	4.89	10388	29.63	44.12	8.27	4.99															2018-05-06 17:18:00
06.05.2018	17:24:00	RO_SE_001	3423	254727	183	0	12667	11.20	21.1	9.43	4.97	11273	18.52	32.65	8.2	4.97	12488	11.98	22.54	9.23	4.97	10912	22.11	37.02	8.23	4.99	11449	17.46	31.2	9.01	4.89	10388	29.63	44.12	8.28	4.99															2018-05-06 17:24:00
06.05.2018	17:30:00	RO_SE_001	3423	254728	183	0	12668	11.19	21.09	9.45	4.97	11273	18.52	32.65	8.25	4.97	12489	11.98	22.53	9.27	4.97	10912	22.11	37.02	8.19	4.99	11450	17.45	31.19	9.03	4.89	10388	29.63	44.12	8.31	4.99															2018-05-06 17:30:00
06.05.2018	17:36:00	RO_SE_001	3423	254729	183	0	12669	11.19	21.09	9.5	4.97	11275	18.51	32.63	8.25	4.97	12489	11.98	22.53	9.28	4.97	10912	22.11	37.02	8.19	4.99	11450	17.45	31.19	9.05	4.89	10389	29.62	44.11	8.28	4.99															2018-05-06 17:36:00
06.05.2018	17:42:00	RO_SE_001	3423	254730	183	0	12668	11.19	21.09	9.45	4.94	11274	18.51	32.64	8.24	4.97	12490	11.98	22.52	9.27	4.97	10913	22.10	37.01	8.2	4.99	11451	17.44	31.18	9.05	4.89	10389	29.62	44.11	8.27	4.99															2018-05-06 17:42:00
06.05.2018	17:48:00	RO_SE_001	3422	254731	183	0	12669	11.19	21.09	9.49	4.97	11275	18.51	32.63	8.24	4.97	12490	11.98	22.52	9.24	4.97	10913	22.10	37.01	8.21	4.99	11451	17.44	31.18	9.05	4.89	10389	29.62	44.11	8.3	4.99															2018-05-06 17:48:00
06.05.2018	17:54:00	RO_SE_001	3422	254732	183	0	12669	11.19	21.09	9.48	4.97	11275	18.51	32.63	8.28	4.97	12491	11.97	22.51	9.29	4.97	10912	22.11	37.02	8.21	4.99	11452	17.43	31.17	9.06	4.91	10389	29.62	44.11	8.27	4.99															2018-05-06 17:54:00
06.05.2018	18:00:00	RO_SE_001	3423	254733	183	0	12670	11.18	21.08	9.49	4.97	11276	18.50	32.62	8.25	4.97	12491	11.97	22.51	9.26	4.97	10912	22.11	37.02	8.19	4.99	11452	17.43	31.17	9.05	4.89	10389	29.62	44.11	8.29	4.99															2018-05-06 18:00:00
06.05.2018	18:06:00	RO_SE_001	3422	254734	183	0	12670	11.18	21.08	9.51	4.97	11276	18.50	32.62	8.25	4.97	12492	11.97	22.51	9.3	4.97	10912	22.11	37.02	8.2	4.99	11453	17.43	31.16	9.09	4.91	10389	29.62	44.11	8.3	4.99															2018-05-06 18:06:00
06.05.2018	18:12:00	RO_SE_001	3422	254735	183	0	12671	11.18	21.07	9.52	4.97	11276	18.50	32.62	8.23	4.97	12492	11.97	22.51	9.32	4.97	10913	22.10	37.01	8.23	4.99	11453	17.43	31.16	9.08	4.89	10389	29.62	44.11	8.26	4.99															2018-05-06 18:12:00
06.05.2018	18:18:00	RO_SE_001	3423	254736	183	0	12670	11.18	21.08	9.54	4.97	11277	18.49	32.61	8.25	4.97	12493	11.96	22.5	9.28	4.97	10913	22.10	37.01	8.25	4.99	11454	17.42	31.15	9.08	4.91	10389	29.62	44.11	8.27	4.99															2018-05-06 18:18:00
06.05.2018	18:24:00	RO_SE_001	3423	254737	183	0	12672	11.18	21.07	9.54	4.97	11277	18.49	32.61	8.23	4.97	12493	11.96	22.5	9.3	4.97	10913	22.10	37.01	8.22	4.99	11454	17.42	31.15	9.09	4.89	10390	29.60	44.09	8.27	4.99															2018-05-06 18:24:00
06.05.2018	18:30:00	RO_SE_001	3423	254738	183	0	12672	11.18	21.07	9.55	4.97	11277	18.49	32.61	8.23	4.97	12494	11.96	22.49	9.3	4.97	10913	22.10	37.01	8.23	4.99	11455	17.41	31.14	9.09	4.89	10390	29.60	44.09	8.32	4.99															2018-05-06 18:30:00
06.05.2018	18:36:00	RO_SE_001	3422	254739	183	0	12672	11.18	21.07	9.56	4.97	11278	18.48	32.6	8.23	4.97	12495	11.96	22.48	9.33	4.97	10914	22.09	37.0	8.22	4.99	11455	17.41	31.14	9.08	4.91	10390	29.60	44.09	8.27	4.99															2018-05-06 18:36:00
06.05.2018	18:42:00	RO_SE_001	3422	254740	183	0	12672	11.18	21.07	9.55	4.94	11278	18.48	32.6	8.27	4.97	12494	11.96	22.49	9.34	4.97	10914	22.09	37.0	8.22	4.99	11455	17.41	31.14	9.09	4.91	10390	29.60	44.09	8.27	4.99															2018-05-06 18:42:00
06.05.2018	18:48:00	RO_SE_001	3422	254741	183	0	12672	11.18	21.07	9.57	4.97	11278	18.48	32.6	8.25	4.97	12496	11.95	22.48	9.34	4.97	10914	22.09	37.0	8.25	4.99	11455	17.41	31.14	9.09	4.91	10390	29.60	44.09	8.28	4.99															2018-05-06 18:48:00
06.05.2018	18:54:00	RO_SE_001	3422	254742	183	0	12673	11.17	21.06	9.61	4.97	11279	18.48	32.59	8.26	4.97	12496	11.95	22.48	9.33	4.97	10914	22.09	37.0	8.23	4.99	11455	17.41	31.14	9.13	4.91	10390	29.60	44.09	8.31	4.99															2018-05-06 18:54:00
06.05.2018	19:00:00	RO_SE_001	3423	254743	183	0	12674	11.17	21.05	9.58	4.94	11279	18.48	32.59	8.28	4.97	12497	11.95	22.47	9.36	4.97	10915	22.08	36.99	8.23	4.99	11456	17.41	31.13	9.15	4.89	10390	29.60	44.09	8.31	4.99															2018-05-06 19:00:00
06.05.2018	19:06:00	RO_SE_001	3422	254744	183	0	12674	11.17	21.05	9.56	4.97	11279	18.48	32.59	8.27	4.97	12498	11.94	22.46	9.37	4.97	10915	22.08	36.99	8.23	4.99	11456	17.41	31.13	9.14	4.89	10390	29.60	44.09	8.29	4.99															2018-05-06 19:06:00
06.05.2018	19:12:00	RO_SE_001	3422	254745	183	0	12674	11.17	21.05	9.54	4.94	11280	18.47	32.58	8.27	4.97	12498	11.94	22.46	9.34	4.97	10915	22.08	36.99	8.27	4.99	11457	17.40	31.12	9.14	4.89	10390	29.60	44.09	8.34	4.99															2018-05-06 19:12:00
06.05.2018	19:18:00	RO_SE_001	3422	254746	183	0	12674	11.17	21.05	9.6	4.97	11280	18.47	32.58	8.26	4.97	12498	11.94	22.46	9.38	4.97	10915	22.08	36.99	8.23	4.99	11457	17.40	31.12	9.15	4.89	10390	29.60	44.09	8.29	4.99															2018-05-06 19:18:00
06.05.2018	19:24:00	RO_SE_001	3422	254747	180	0	12674	11.17	21.05	9.56	4.97	11280	18.47	32.58	8.28	4.97	12498	11.94	22.46	9.37	4.97	10916	22.07	36.97	8.23	4.99	11458	17.39	31.11	9.13	4.89	10391	29.58	44.08	8.27	4.99															2018-05-06 19:24:00
06.05.2018	19:30:00	RO_SE_001	3421	254748	180	0	12674	11.17	21.05	9.62	4.97	11280	18.47	32.58	8.26	4.97	12499	11.94	22.45	9.36	4.97	10916	22.07	36.97	8.23	4.99	11458	17.39	31.11	9.14	4.89	10391	29.58	44.08	8.31	4.99															2018-05-06 19:30:00
06.05.2018	19:36:00	RO_SE_001	3422	254749	180	0	12675	11.17	21.05	9.58	4.94	11281	18.46	32.57	8.25	4.97	12499	11.94	22.45	9.37	4.97	10916	22.07	36.97	8.24	4.99	11459	17.39	31.1	9.17	4.91	10391	29.58	44.08	8.33	4.99															2018-05-06 19:36:00
06.05.2018	19:42:00	RO_SE_001	3423	254750	183	0	12677	11.16	21.03	9.6	4.97	11281	18.46	32.57	8.29	4.97	12500	11.94	22.45	9.36	4.97	10916	22.07	36.97	8.23	4.99	11459	17.39	31.1	9.18	4.89	10391	29.58	44.08	8.3	4.99															2018-05-06 19:42:00
06.05.2018	19:48:00	RO_SE_001	3422	254751	177	0	12678	11.15	21.02	9.61	4.97	11281	18.46	32.57	8.28	4.97	12500	11.94	22.45	9.34	4.97	10916	22.07	36.97	8.22	4.99	11459	17.39	31.1	9.22	4.89	10391	29.58	44.08	8.3	4.99															2018-05-06 19:48:00
06.05.2018	19:54:00	RO_SE_001	3422	254752	183	0	12677	11.16	21.03	9.62	4.97	11281	18.46	32.57	8.3	4.97	12501	11.93	22.44	9.41	4.97	10917	22.06	36.96	8.23	4.99	11460	17.38	31.09	9.16	4.91	10391	29.58	44.08	8.31	4.99															2018-05-06 19:54:00
06.05.2018	20:00:00	RO_SE_001	3422	254753	180	0	12678	11.15	21.02	9.63	4.97	11281	18.46	32.57	8.29	4.97	12501	11.93	22.44	9.36	4.97	10917	22.06	36.96	8.23	4.99	11460	17.38	31.09	9.21	4.91	10391	29.58	44.08	8.29	4.99															2018-05-06 20:00:00
06.05.2018	20:06:00	RO_SE_001	3422	254754	183	0	12678	11.15	21.02	9.63	4.97	11282	18.45	32.56	8.28	4.94	12502	11.93	22.43	9.41	4.97	10917	22.06	36.96	8.22	4.99	11461	17.37	31.08	9.21	4.89	10391	29.58	44.08	8.32	4.99															2018-05-06 20:06:00
06.05.2018	20:12:00	RO_SE_001	3422	254755	183	0	12679	11.15	21.02	9.62	4.97	11282	18.45	32.56	8.28	4.97	12502	11.93	22.43	9.38	4.97	10917	22.06	36.96	8.25	4.99	11461	17.37	31.08	9.2	4.89	10391	29.58	44.08	8.31	4.99															2018-05-06 20:12:00
06.05.2018	20:18:00	RO_SE_001	3422	254756	183	0	12679	11.15	21.02	9.64	4.97	11281	18.46	32.57	8.28	4.97	12503	11.92	22.43	9.41	4.97	10918	22.05	36.95	8.23	4.99	11461	17.37	31.08	9.18	4.89	10391	29.58	44.08	8.33	4.99															2018-05-06 20:18:00
06.05.2018	20:24:00	RO_SE_001	3422	254757	183	0	12679	11.15	21.02	9.6	4.97	11282	18.45	32.56	8.31	4.97	12503	11.92	22.43	9.43	4.97	10918	22.05	36.95	8.28	4.99	11462	17.36	31.07	9.22	4.89	10391	29.58	44.08	8.36	4.99															2018-05-06 20:24:00
06.05.2018	20:30:00	RO_SE_001	3421	254758	183	0	12680	11.15	21.01	9.59	4.97	11282	18.45	32.56	8.29	4.94	12504	11.92	22.42	9.42	4.97	10918	22.05	36.95	8.25	4.99	11461	17.37	31.08	9.2	4.91	10391	29.58	44.08	8.32	4.99															2018-05-06 20:30:00
06.05.2018	20:36:00	RO_SE_001	3421	254759	180	0	12680	11.15	21.01	9.62	4.97	11281	18.46	32.57	8.3	4.97	12504	11.92	22.42	9.41	4.97	10918	22.05	36.95	8.23	4.99	11461	17.37	31.08	9.19	4.89	10391	29.58	44.08	8.3	4.99															2018-05-06 20:36:00
06.05.2018	20:42:00	RO_SE_001	3421	254760	180	0	12680	11.15	21.01	9.63	4.94	11281	18.46	32.57	8.3	4.97	12504	11.92	22.42	9.41	4.97	10918	22.05	36.95	8.25	4.99	11462	17.36	31.07	9.2	4.89	10392	29.56	44.07	8.3	4.99															2018-05-06 20:42:00
06.05.2018	20:48:00	RO_SE_001	3421	254761	180	0	12681	11.14	21.0	9.63	4.97	11281	18.46	32.57	8.34	4.97	12505	11.91	22.41	9.41	4.97	10919	22.04	36.94	8.28	4.99	11462	17.36	31.07	9.22	4.91	10392	29.56	44.07	8.34	4.99															2018-05-06 20:48:00
06.05.2018	20:54:00	RO_SE_001	3421	254762	180	0	12680	11.15	21.01	9.63	4.97	11282	18.45	32.56	8.33	4.97	12505	11.91	22.41	9.41	4.97	10919	22.04	36.94	8.27	4.99	11463	17.36	31.06	9.24	4.91	10391	29.58	44.08	8.36	4.99															2018-05-06 20:54:00
06.05.2018	21:00:00	RO_SE_001	3421	254763	183	0	12680	11.15	21.01	9.64	4.97	11282	18.45	32.56	8.32	4.97	12506	11.91	22.4	9.43	4.97	10919	22.04	36.94	8.23	4.99	11463	17.36	31.06	9.24	4.89	10391	29.58	44.08	8.31	4.99															2018-05-06 21:00:00
06.05.2018	21:06:00	RO_SE_001	3421	254764	177	0	12681	11.14	21.0	9.6	4.97	11281	18.46	32.57	8.3	4.97	12505	11.91	22.41	9.42	4.97	10919	22.04	36.94	8.26	4.99	11463	17.36	31.06	9.22	4.91	10391	29.58	44.08	8.32	4.99															2018-05-06 21:06:00
06.05.2018	21:12:00	RO_SE_001	3421	254765	174	0	12681	11.14	21.0	9.64	4.94	11281	18.46	32.57	8.31	4.97	12506	11.91	22.4	9.44	4.97	10919	22.04	36.94	8.26	4.99	11464	17.35	31.05	9.24	4.89	10391	29.58	44.08	8.34	4.99															2018-05-06 21:12:00
06.05.2018	21:18:00	RO_SE_001	3421	254766	174	0	12681	11.14	21.0	9.61	4.97	11281	18.46	32.57	8.32	4.94	12506	11.91	22.4	9.41	4.97	10920	22.03	36.93	8.27	4.99	11464	17.35	31.05	9.2	4.89	10391	29.58	44.08	8.36	4.99															2018-05-06 21:18:00
06.05.2018	21:24:00	RO_SE_001	3421	254767	174	0	12681	11.14	21.0	9.63	4.97	11281	18.46	32.57	8.3	4.97	12506	11.91	22.4	9.42	4.97	10919	22.04	36.94	8.23	4.99	11464	17.35	31.05	9.23	4.89	10391	29.58	44.08	8.32	4.99															2018-05-06 21:24:00
06.05.2018	21:30:00	RO_SE_001	3420	254768	177	0	12681	11.14	21.0	9.65	4.97	11281	18.46	32.57	8.31	4.97	12507	11.91	22.4	9.43	4.97	10920	22.03	36.93	8.26	4.99	11464	17.35	31.05	9.23	4.91	10391	29.58	44.08	8.35	4.99															2018-05-06 21:30:00
06.05.2018	21:36:00	RO_SE_001	3421	254769	174	0	12681	11.14	21.0	9.6	4.97	11281	18.46	32.57	8.31	4.97	12507	11.91	22.4	9.41	4.97	10919	22.04	36.94	8.29	4.99	11465	17.34	31.04	9.22	4.89	10391	29.58	44.08	8.31	4.99															2018-05-06 21:36:00
06.05.2018	21:42:00	RO_SE_001	3420	254770	174	0	12682	11.14	21.0	9.61	4.97	11281	18.46	32.57	8.33	4.97	12507	11.91	22.4	9.39	4.97	10919	22.04	36.94	8.27	4.99	11465	17.34	31.04	9.23	4.89	10391	29.58	44.08	8.37	4.99															2018-05-06 21:42:00
06.05.2018	21:48:00	RO_SE_001	3420	254771	174	0	12682	11.14	21.0	9.61	4.97	11281	18.46	32.57	8.32	4.97	12507	11.91	22.4	9.41	4.97	10919	22.04	36.94	8.29	4.99	11465	17.34	31.04	9.23	4.89	10391	29.58	44.08	8.36	4.99															2018-05-06 21:48:00
06.05.2018	21:54:00	RO_SE_001	3421	254772	174	0	12683	11.14	20.99	9.63	4.97	11281	18.46	32.57	8.32	4.97	12508	11.90	22.39	9.43	4.97	10920	22.03	36.93	8.25	4.99	11466	17.34	31.03	9.23	4.89	10392	29.56	44.07	8.35	4.99															2018-05-06 21:54:00
06.05.2018	22:00:00	RO_SE_001	3421	254773	177	0	12682	11.14	21.0	9.62	4.97	11281	18.46	32.57	8.31	4.97	12508	11.90	22.39	9.4	4.97	10920	22.03	36.93	8.3	4.99	11466	17.34	31.03	9.24	4.91	10392	29.56	44.07	8.36	4.99															2018-05-06 22:00:00
06.05.2018	22:06:00	RO_SE_001	3421	254774	174	0	12682	11.14	21.0	9.63	4.94	11281	18.46	32.57	8.35	4.97	12509	11.90	22.38	9.39	4.97	10920	22.03	36.93	8.28	4.99	11466	17.34	31.03	9.24	4.91	10392	29.56	44.07	8.35	4.99															2018-05-06 22:06:00
06.05.2018	22:12:00	RO_SE_001	3421	254775	174	0	12683	11.14	20.99	9.59	4.97	11281	18.46	32.57	8.36	4.97	12509	11.90	22.38	9.41	4.97	10920	22.03	36.93	8.27	4.99	11464	17.35	31.05	9.25	4.91	10392	29.56	44.07	8.36	4.99															2018-05-06 22:12:00
06.05.2018	22:18:00	RO_SE_001	3420	254776	168	0	12684	11.13	20.98	9.6	4.97	11281	18.46	32.57	8.31	4.97	12509	11.90	22.38	9.41	4.97	10920	22.03	36.93	8.3	4.99	11467	17.33	31.02	9.23	4.89	10392	29.56	44.07	8.35	4.99															2018-05-06 22:18:00
06.05.2018	22:24:00	RO_SE_001	3420	254777	171	0	12683	11.14	20.99	9.59	4.97	11281	18.46	32.57	8.35	4.97	12510	11.89	22.37	9.38	4.97	10920	22.03	36.93	8.29	4.99	11467	17.33	31.02	9.22	4.89	10392	29.56	44.07	8.36	4.99															2018-05-06 22:24:00
06.05.2018	22:30:00	RO_SE_001	3420	254778	171	0	12684	11.13	20.98	9.63	4.97	11281	18.46	32.57	8.33	4.97	12510	11.89	22.37	9.41	4.97	10921	22.02	36.92	8.31	4.99	11467	17.33	31.02	9.27	4.89	10392	29.56	44.07	8.38	4.99															2018-05-06 22:30:00
06.05.2018	22:36:00	RO_SE_001	3420	254779	174	0	12684	11.13	20.98	9.61	4.97	11281	18.46	32.57	8.35	4.97	12510	11.89	22.37	9.39	4.97	10921	22.02	36.92	8.29	4.99	11468	17.32	31.01	9.23	4.89	10392	29.56	44.07	8.39	4.99															2018-05-06 22:36:00
06.05.2018	22:42:00	RO_SE_001	3420	254780	174	0	12684	11.13	20.98	9.56	4.97	11281	18.46	32.57	8.36	4.97	12510	11.89	22.37	9.39	4.97	10921	22.02	36.92	8.3	4.99	11468	17.32	31.01	9.25	4.89	10392	29.56	44.07	8.36	4.99															2018-05-06 22:42:00
06.05.2018	22:48:00	RO_SE_001	3419	254781	177	0	12685	11.13	20.98	9.59	4.94	11281	18.46	32.57	8.37	4.97	12511	11.89	22.37	9.38	4.97	10921	22.02	36.92	8.26	4.99	11468	17.32	31.01	9.22	4.89	10392	29.56	44.07	8.36	4.99															2018-05-06 22:48:00
06.05.2018	22:54:00	RO_SE_001	3419	254782	177	0	12684	11.13	20.98	9.61	4.97	11281	18.46	32.57	8.33	4.97	12511	11.89	22.37	9.41	4.97	10921	22.02	36.92	8.31	4.99	11468	17.32	31.01	9.27	4.89	10392	29.56	44.07	8.33	4.99															2018-05-06 22:54:00
06.05.2018	23:00:00	RO_SE_001	3419	254783	177	0	12685	11.13	20.98	9.58	4.97	11281	18.46	32.57	8.36	4.97	12511	11.89	22.37	9.37	4.97	10921	22.02	36.92	8.27	4.99	11468	17.32	31.01	9.23	4.91	10392	29.56	44.07	8.39	4.99															2018-05-06 23:00:00
06.05.2018	23:06:00	RO_SE_001	3418	254784	177	0	12685	11.13	20.98	9.57	4.97	11281	18.46	32.57	8.35	4.97	12511	11.89	22.37	9.37	4.97	10921	22.02	36.92	8.3	4.99	11469	17.31	31.0	9.24	4.89	10393	29.55	44.05	8.4	4.99															2018-05-06 23:06:00
06.05.2018	23:12:00	RO_SE_001	3418	254785	177	0	12685	11.13	20.98	9.58	4.97	11281	18.46	32.57	8.36	4.97	12512	11.89	22.36	9.39	4.97	10921	22.02	36.92	8.34	4.99	11469	17.31	31.0	9.25	4.89	10393	29.55	44.05	8.39	4.99															2018-05-06 23:12:00
06.05.2018	23:18:00	RO_SE_001	3418	254786	177	0	12686	11.12	20.97	9.58	4.97	11281	18.46	32.57	8.35	4.94	12512	11.89	22.36	9.37	4.97	10922	22.01	36.91	8.3	4.99	11468	17.32	31.01	9.23	4.89	10393	29.55	44.05	8.42	4.99															2018-05-06 23:18:00
06.05.2018	23:24:00	RO_SE_001	3418	254787	177	0	12686	11.12	20.97	9.56	4.97	11280	18.47	32.58	8.35	4.94	12512	11.89	22.36	9.33	4.97	10922	22.01	36.91	8.33	4.99	11469	17.31	31.0	9.22	4.89	10393	29.55	44.05	8.38	4.99															2018-05-06 23:24:00
06.05.2018	23:30:00	RO_SE_001	3418	254788	174	0	12685	11.13	20.98	9.55	4.94	11280	18.47	32.58	8.35	4.97	12512	11.89	22.36	9.37	4.97	10922	22.01	36.91	8.3	4.99	11469	17.31	31.0	9.2	4.89	10393	29.55	44.05	8.38	4.99															2018-05-06 23:30:00
06.05.2018	23:36:00	RO_SE_001	3418	254789	174	0	12686	11.12	20.97	9.55	4.94	11280	18.47	32.58	8.34	4.97	12513	11.88	22.35	9.37	4.97	10922	22.01	36.91	8.29	4.99	11469	17.31	31.0	9.24	4.91	10393	29.55	44.05	8.38	4.99															2018-05-06 23:36:00
06.05.2018	23:42:00	RO_SE_001	3418	254790	174	0	12686	11.12	20.97	9.54	4.97	11280	18.47	32.58	8.34	4.97	12513	11.88	22.35	9.37	4.97	10922	22.01	36.91	8.3	4.99	11469	17.31	31.0	9.23	4.89	10393	29.55	44.05	8.38	4.99															2018-05-06 23:42:00
06.05.2018	23:48:00	RO_SE_001	3417	254791	174	0	12686	11.12	20.97	9.55	4.97	11280	18.47	32.58	8.36	4.97	12512	11.89	22.36	9.34	4.97	10922	22.01	36.91	8.31	4.99	11469	17.31	31.0	9.22	4.89	10393	29.55	44.05	8.41	4.99															2018-05-06 23:48:00
06.05.2018	23:54:00	RO_SE_001	3417	254792	174	0	12686	11.12	20.97	9.53	4.94	11280	18.47	32.58	8.38	4.97	12513	11.88	22.35	9.35	4.97	10922	22.01	36.91	8.34	4.99	11470	17.31	30.99	9.23	4.89	10393	29.55	44.05	8.41	4.99															2018-05-06 23:54:00
