04.05.2018	00:00:00	RO_SE_001	3454	254073	180	0	12561	11.61	21.86	8.92	4.97	11111	19.84	34.35	8.27	4.94	12228	13.13	24.52	8.8	4.97	10812	23.16	38.17	8.23	4.99	11249	18.97	33.24	8.77	4.91	10341	30.48	44.78	8.28	4.99															2018-05-04 00:00:00
04.05.2018	00:06:00	RO_SE_001	3454	254074	180	0	12561	11.61	21.86	8.94	4.94	11111	19.84	34.35	8.23	4.97	12228	13.13	24.52	8.8	4.97	10812	23.16	38.17	8.23	4.99	11249	18.97	33.24	8.77	4.89	10341	30.48	44.78	8.28	4.99															2018-05-04 00:06:00
04.05.2018	00:12:00	RO_SE_001	3454	254075	180	0	12560	11.61	21.86	8.88	4.97	11111	19.84	34.35	8.23	4.97	12228	13.13	24.52	8.8	4.97	10812	23.16	38.17	8.2	4.99	11250	18.96	33.23	8.74	4.89	10341	30.48	44.78	8.29	4.99															2018-05-04 00:12:00
04.05.2018	00:18:00	RO_SE_001	3454	254076	174	0	12561	11.61	21.86	8.89	4.97	11111	19.84	34.35	8.27	4.94	12228	13.13	24.52	8.78	4.97	10812	23.16	38.17	8.23	4.99	11250	18.96	33.23	8.73	4.89	10341	30.48	44.78	8.26	4.99															2018-05-04 00:18:00
04.05.2018	00:24:00	RO_SE_001	3297	254077	174	0	12561	11.61	21.86	8.87	4.97	11111	19.84	34.35	8.25	4.97	12229	13.12	24.52	8.78	4.97	10812	23.16	38.17	8.22	4.99	11250	18.96	33.23	8.74	4.89	10341	30.48	44.78	8.24	4.99															2018-05-04 00:24:00
04.05.2018	00:30:00	RO_SE_001	3457	254078	183	0	12561	11.61	21.86	8.88	4.97	11111	19.84	34.35	8.27	4.97	12229	13.12	24.52	8.8	4.97	10812	23.16	38.17	8.21	4.99	11250	18.96	33.23	8.79	4.89	10341	30.48	44.78	8.27	4.99															2018-05-04 00:30:00
04.05.2018	00:36:00	RO_SE_001	3457	254079	180	0	12562	11.60	21.85	8.91	4.97	11111	19.84	34.35	8.25	4.97	12229	13.12	24.52	8.81	4.97	10812	23.16	38.17	8.22	4.99	11251	18.96	33.22	8.75	4.89	10341	30.48	44.78	8.26	4.99															2018-05-04 00:36:00
04.05.2018	00:42:00	RO_SE_001	3456	254080	180	0	12561	11.61	21.86	8.88	4.97	11111	19.84	34.35	8.27	4.97	12230	13.12	24.51	8.77	4.97	10812	23.16	38.17	8.22	4.99	11251	18.96	33.22	8.74	4.91	10341	30.48	44.78	8.25	4.99															2018-05-04 00:42:00
04.05.2018	00:48:00	RO_SE_001	3456	254081	180	0	12561	11.61	21.86	8.88	4.97	11111	19.84	34.35	8.29	4.94	12230	13.12	24.51	8.76	4.97	10812	23.16	38.17	8.2	4.99	11251	18.96	33.22	8.75	4.91	10341	30.48	44.78	8.27	4.99															2018-05-04 00:48:00
04.05.2018	00:54:00	RO_SE_001	3455	254082	183	0	12561	11.61	21.86	8.88	4.97	11111	19.84	34.35	8.27	4.97	12230	13.12	24.51	8.77	4.97	10812	23.16	38.17	8.21	4.99	11251	18.96	33.22	8.74	4.89	10341	30.48	44.78	8.27	4.99															2018-05-04 00:54:00
04.05.2018	01:00:00	RO_SE_001	3455	254083	183	0	12562	11.60	21.85	8.87	4.97	11111	19.84	34.35	8.27	4.94	12231	13.11	24.5	8.73	4.97	10812	23.16	38.17	8.2	4.99	11251	18.96	33.22	8.73	4.89	10341	30.48	44.78	8.3	4.99															2018-05-04 01:00:00
04.05.2018	01:06:00	RO_SE_001	3455	254084	180	0	12562	11.60	21.85	8.87	4.97	11111	19.84	34.35	8.24	4.97	12231	13.11	24.5	8.77	4.97	10813	23.15	38.16	8.22	4.99	11252	18.95	33.21	8.74	4.89	10341	30.48	44.78	8.27	4.99															2018-05-04 01:06:00
04.05.2018	01:12:00	RO_SE_001	3455	254085	180	0	12562	11.60	21.85	8.84	4.97	11111	19.84	34.35	8.26	4.97	12231	13.11	24.5	8.74	4.97	10813	23.15	38.16	8.23	4.99	11251	18.96	33.22	8.73	4.89	10341	30.48	44.78	8.28	4.99															2018-05-04 01:12:00
04.05.2018	01:18:00	RO_SE_001	3455	254086	183	0	12562	11.60	21.85	8.85	4.97	11111	19.84	34.35	8.23	4.97	12232	13.11	24.49	8.72	4.97	10813	23.15	38.16	8.21	4.99	11251	18.96	33.22	8.71	4.89	10341	30.48	44.78	8.27	4.99															2018-05-04 01:18:00
04.05.2018	01:24:00	RO_SE_001	3455	254087	183	0	12562	11.60	21.85	8.88	4.94	11111	19.84	34.35	8.25	4.97	12232	13.11	24.49	8.74	4.97	10813	23.15	38.16	8.21	4.99	11252	18.95	33.21	8.69	4.89	10341	30.48	44.78	8.25	4.99															2018-05-04 01:24:00
04.05.2018	01:30:00	RO_SE_001	3455	254088	183	0	12563	11.60	21.84	8.83	4.97	11111	19.84	34.35	8.23	4.94	12232	13.11	24.49	8.72	4.97	10813	23.15	38.16	8.22	4.99	11252	18.95	33.21	8.72	4.89	10341	30.48	44.78	8.27	4.99															2018-05-04 01:30:00
04.05.2018	01:36:00	RO_SE_001	3455	254089	180	0	12563	11.60	21.84	8.84	4.97	11111	19.84	34.35	8.27	4.97	12232	13.11	24.49	8.7	4.97	10813	23.15	38.16	8.23	4.99	11252	18.95	33.21	8.7	4.89	10341	30.48	44.78	8.3	4.99															2018-05-04 01:36:00
04.05.2018	01:42:00	RO_SE_001	3455	254090	183	0	12563	11.60	21.84	8.84	4.97	11111	19.84	34.35	8.27	4.94	12232	13.11	24.49	8.7	4.97	10813	23.15	38.16	8.26	4.99	11252	18.95	33.21	8.7	4.89	10341	30.48	44.78	8.27	4.99															2018-05-04 01:42:00
04.05.2018	01:48:00	RO_SE_001	3455	254091	177	0	12563	11.60	21.84	8.81	4.97	11111	19.84	34.35	8.27	4.97	12232	13.11	24.49	8.73	4.97	10813	23.15	38.16	8.23	4.99	11253	18.94	33.2	8.7	4.89	10342	30.46	44.77	8.3	4.99															2018-05-04 01:48:00
04.05.2018	01:54:00	RO_SE_001	3455	254092	180	0	12563	11.60	21.84	8.81	4.97	11111	19.84	34.35	8.28	4.97	12233	13.10	24.49	8.69	4.97	10813	23.15	38.16	8.22	4.99	11253	18.94	33.2	8.69	4.89	10342	30.46	44.77	8.29	4.99															2018-05-04 01:54:00
04.05.2018	02:00:00	RO_SE_001	3454	254093	180	0	12563	11.60	21.84	8.8	4.97	11111	19.84	34.35	8.26	4.97	12233	13.10	24.49	8.7	4.97	10813	23.15	38.16	8.24	4.99	11253	18.94	33.2	8.7	4.89	10342	30.46	44.77	8.28	4.99															2018-05-04 02:00:00
04.05.2018	02:06:00	RO_SE_001	3454	254094	183	0	12563	11.60	21.84	8.79	4.97	11111	19.84	34.35	8.27	4.97	12233	13.10	24.49	8.66	4.97	10813	23.15	38.16	8.21	4.99	11253	18.94	33.2	8.68	4.89	10342	30.46	44.77	8.29	4.99															2018-05-04 02:06:00
04.05.2018	02:12:00	RO_SE_001	3454	254095	180	0	12563	11.60	21.84	8.76	4.97	11111	19.84	34.35	8.25	4.97	12234	13.10	24.48	8.67	4.97	10814	23.14	38.15	8.19	4.99	11254	18.93	33.19	8.67	4.89	10342	30.46	44.77	8.27	4.99															2018-05-04 02:12:00
04.05.2018	02:18:00	RO_SE_001	3454	254096	183	0	12564	11.60	21.84	8.77	4.97	11111	19.84	34.35	8.27	4.97	12234	13.10	24.48	8.67	4.97	10814	23.14	38.15	8.23	4.99	11254	18.93	33.19	8.7	4.89	10343	30.44	44.75	8.27	4.99															2018-05-04 02:18:00
04.05.2018	02:24:00	RO_SE_001	3454	254097	180	0	12564	11.60	21.84	8.8	4.94	11111	19.84	34.35	8.28	4.97	12234	13.10	24.48	8.63	4.97	10814	23.14	38.15	8.22	4.99	11254	18.93	33.19	8.7	4.91	10342	30.46	44.77	8.28	4.99															2018-05-04 02:24:00
04.05.2018	02:30:00	RO_SE_001	3453	254098	180	0	12561	11.61	21.86	8.77	4.97	11111	19.84	34.35	8.27	4.97	12235	13.09	24.47	8.66	4.97	10814	23.14	38.15	8.23	4.99	11254	18.93	33.19	8.66	4.89	10342	30.46	44.77	8.31	4.99															2018-05-04 02:30:00
04.05.2018	02:36:00	RO_SE_001	3453	254099	180	0	12562	11.60	21.85	8.75	4.97	11111	19.84	34.35	8.27	4.97	12235	13.09	24.47	8.67	4.97	10814	23.14	38.15	8.25	4.99	11254	18.93	33.19	8.66	4.91	10342	30.46	44.77	8.28	4.99															2018-05-04 02:36:00
04.05.2018	02:42:00	RO_SE_001	3453	254100	180	0	12562	11.60	21.85	8.76	4.94	11111	19.84	34.35	8.28	4.97	12235	13.09	24.47	8.66	4.97	10814	23.14	38.15	8.23	4.99	11254	18.93	33.19	8.67	4.89	10342	30.46	44.77	8.29	4.99															2018-05-04 02:42:00
04.05.2018	02:48:00	RO_SE_001	3453	254101	180	0	12562	11.60	21.85	8.75	4.97	11111	19.84	34.35	8.3	4.94	12236	13.09	24.46	8.64	4.97	10814	23.14	38.15	8.28	4.99	11255	18.92	33.18	8.66	4.91	10343	30.44	44.75	8.27	4.99															2018-05-04 02:48:00
04.05.2018	02:54:00	RO_SE_001	3453	254102	180	0	12562	11.60	21.85	8.75	4.97	11111	19.84	34.35	8.25	4.97	12236	13.09	24.46	8.65	4.97	10814	23.14	38.15	8.22	4.99	11255	18.92	33.18	8.66	4.89	10343	30.44	44.75	8.3	4.99															2018-05-04 02:54:00
04.05.2018	03:00:00	RO_SE_001	3453	254103	180	0	12562	11.60	21.85	8.74	4.97	11111	19.84	34.35	8.26	4.97	12236	13.09	24.46	8.65	4.97	10814	23.14	38.15	8.21	4.99	11255	18.92	33.18	8.66	4.91	10343	30.44	44.75	8.27	4.99															2018-05-04 03:00:00
04.05.2018	03:06:00	RO_SE_001	3453	254104	180	0	12562	11.60	21.85	8.72	4.97	11111	19.84	34.35	8.25	4.97	12237	13.08	24.45	8.64	4.97	10814	23.14	38.15	8.19	4.99	11256	18.92	33.17	8.59	4.89	10343	30.44	44.75	8.28	4.99															2018-05-04 03:06:00
04.05.2018	03:12:00	RO_SE_001	3452	254105	177	0	12562	11.60	21.85	8.74	4.97	11111	19.84	34.35	8.28	4.97	12237	13.08	24.45	8.65	4.97	10813	23.15	38.16	8.23	4.99	11256	18.92	33.17	8.64	4.89	10343	30.44	44.75	8.29	4.99															2018-05-04 03:12:00
04.05.2018	03:18:00	RO_SE_001	3452	254106	183	0	12562	11.60	21.85	8.72	4.97	11111	19.84	34.35	8.25	4.97	12237	13.08	24.45	8.6	4.97	10814	23.14	38.15	8.24	4.99	11256	18.92	33.17	8.64	4.89	10343	30.44	44.75	8.28	4.99															2018-05-04 03:18:00
04.05.2018	03:24:00	RO_SE_001	3452	254107	183	0	12563	11.60	21.84	8.72	4.97	11111	19.84	34.35	8.27	4.97	12237	13.08	24.45	8.59	4.97	10814	23.14	38.15	8.26	4.99	11257	18.91	33.15	8.61	4.89	10343	30.44	44.75	8.29	4.99															2018-05-04 03:24:00
04.05.2018	03:30:00	RO_SE_001	3452	254108	180	0	12564	11.60	21.84	8.68	4.97	11111	19.84	34.35	8.27	4.97	12238	13.08	24.45	8.59	4.97	10814	23.14	38.15	8.27	4.99	11257	18.91	33.15	8.61	4.89	10344	30.43	44.74	8.29	4.99															2018-05-04 03:30:00
04.05.2018	03:36:00	RO_SE_001	3452	254109	180	0	12566	11.59	21.82	8.7	4.97	11111	19.84	34.35	8.26	4.97	12238	13.08	24.45	8.56	4.97	10814	23.14	38.15	8.23	4.99	11257	18.91	33.15	8.6	4.89	10344	30.43	44.74	8.28	4.99															2018-05-04 03:36:00
04.05.2018	03:42:00	RO_SE_001	3452	254110	183	0	12565	11.59	21.83	8.7	4.94	11111	19.84	34.35	8.25	4.97	12239	13.08	24.44	8.59	4.97	10814	23.14	38.15	8.22	4.99	11257	18.91	33.15	8.61	4.91	10344	30.43	44.74	8.3	4.99															2018-05-04 03:42:00
04.05.2018	03:48:00	RO_SE_001	3452	254111	183	0	12564	11.60	21.84	8.68	4.97	11111	19.84	34.35	8.3	4.97	12239	13.08	24.44	8.56	4.97	10814	23.14	38.15	8.23	4.99	11257	18.91	33.15	8.61	4.89	10344	30.43	44.74	8.28	4.99															2018-05-04 03:48:00
04.05.2018	03:54:00	RO_SE_001	3450	254112	180	0	12565	11.59	21.83	8.66	4.97	11111	19.84	34.35	8.26	4.97	12239	13.08	24.44	8.55	4.97	10814	23.14	38.15	8.23	4.99	11258	18.90	33.14	8.59	4.91	10344	30.43	44.74	8.28	4.99															2018-05-04 03:54:00
04.05.2018	04:00:00	RO_SE_001	3451	254113	177	0	12565	11.59	21.83	8.68	4.97	11111	19.84	34.35	8.25	4.97	12238	13.08	24.45	8.58	4.97	10814	23.14	38.15	8.21	4.99	11258	18.90	33.14	8.58	4.89	10344	30.43	44.74	8.29	4.99															2018-05-04 04:00:00
04.05.2018	04:06:00	RO_SE_001	3451	254114	177	0	12565	11.59	21.83	8.65	4.97	11111	19.84	34.35	8.28	4.94	12239	13.08	24.44	8.57	4.97	10814	23.14	38.15	8.23	4.99	11258	18.90	33.14	8.63	4.89	10344	30.43	44.74	8.28	4.99															2018-05-04 04:06:00
04.05.2018	04:12:00	RO_SE_001	3451	254115	177	0	12566	11.59	21.82	8.67	4.94	11111	19.84	34.35	8.29	4.94	12240	13.07	24.43	8.55	4.97	10814	23.14	38.15	8.24	4.99	11258	18.90	33.14	8.57	4.89	10344	30.43	44.74	8.24	4.99															2018-05-04 04:12:00
04.05.2018	04:18:00	RO_SE_001	3451	254116	177	0	12566	11.59	21.82	8.67	4.94	11111	19.84	34.35	8.25	4.97	12239	13.08	24.44	8.53	4.97	10815	23.13	38.14	8.23	4.99	11258	18.90	33.14	8.57	4.89	10344	30.43	44.74	8.25	4.99															2018-05-04 04:18:00
04.05.2018	04:24:00	RO_SE_001	3451	254117	177	0	12567	11.58	21.81	8.64	4.97	11111	19.84	34.35	8.25	4.94	12239	13.08	24.44	8.52	4.97	10815	23.13	38.14	8.25	4.99	11258	18.90	33.14	8.59	4.91	10344	30.43	44.74	8.29	4.99															2018-05-04 04:24:00
04.05.2018	04:30:00	RO_SE_001	3450	254118	177	0	12567	11.58	21.81	8.65	4.97	11111	19.84	34.35	8.23	4.97	12240	13.07	24.43	8.56	4.97	10815	23.13	38.14	8.25	4.99	11259	18.89	33.13	8.58	4.89	10344	30.43	44.74	8.28	4.99															2018-05-04 04:30:00
04.05.2018	04:36:00	RO_SE_001	3450	254119	180	0	12567	11.58	21.81	8.63	4.97	11111	19.84	34.35	8.28	4.97	12240	13.07	24.43	8.57	4.97	10815	23.13	38.14	8.25	4.99	11258	18.90	33.14	8.56	4.89	10345	30.41	44.73	8.31	4.99															2018-05-04 04:36:00
04.05.2018	04:42:00	RO_SE_001	3450	254120	180	0	12567	11.58	21.81	8.63	4.94	11111	19.84	34.35	8.27	4.97	12240	13.07	24.43	8.55	4.97	10815	23.13	38.14	8.25	4.99	11258	18.90	33.14	8.57	4.91	10345	30.41	44.73	8.27	4.99															2018-05-04 04:42:00
04.05.2018	04:48:00	RO_SE_001	3451	254121	180	0	12568	11.58	21.81	8.64	4.94	11111	19.84	34.35	8.28	4.97	12241	13.07	24.42	8.52	4.97	10815	23.13	38.14	8.23	4.99	11259	18.89	33.13	8.56	4.91	10345	30.41	44.73	8.3	4.99															2018-05-04 04:48:00
04.05.2018	04:54:00	RO_SE_001	3450	254122	186	0	12568	11.58	21.81	8.61	4.97	11111	19.84	34.35	8.23	4.97	12241	13.07	24.42	8.52	4.97	10815	23.13	38.14	8.23	4.99	11259	18.89	33.13	8.54	4.89	10345	30.41	44.73	8.27	4.99															2018-05-04 04:54:00
04.05.2018	05:00:00	RO_SE_001	3450	254123	180	0	12568	11.58	21.81	8.61	4.97	11111	19.84	34.35	8.25	4.97	12241	13.07	24.42	8.48	4.97	10815	23.13	38.14	8.25	4.99	11259	18.89	33.13	8.57	4.89	10345	30.41	44.73	8.31	4.99															2018-05-04 05:00:00
04.05.2018	05:06:00	RO_SE_001	3450	254124	180	0	12568	11.58	21.81	8.57	4.94	11111	19.84	34.35	8.27	4.97	12241	13.07	24.42	8.53	4.97	10815	23.13	38.14	8.23	4.99	11259	18.89	33.13	8.56	4.89	10345	30.41	44.73	8.31	4.99															2018-05-04 05:06:00
04.05.2018	05:12:00	RO_SE_001	3450	254125	177	0	12565	11.59	21.83	8.56	4.94	11111	19.84	34.35	8.28	4.97	12241	13.07	24.42	8.48	4.97	10815	23.13	38.14	8.23	4.99	11260	18.88	33.12	8.54	4.89	10345	30.41	44.73	8.29	4.99															2018-05-04 05:12:00
04.05.2018	05:18:00	RO_SE_001	3450	254126	177	0	12565	11.59	21.83	8.59	4.97	11111	19.84	34.35	8.24	4.97	12241	13.07	24.42	8.48	4.97	10815	23.13	38.14	8.2	4.99	11260	18.88	33.12	8.54	4.89	10345	30.41	44.73	8.29	4.99															2018-05-04 05:18:00
04.05.2018	05:24:00	RO_SE_001	3450	254127	180	0	12566	11.59	21.82	8.59	4.97	11111	19.84	34.35	8.3	4.97	12242	13.06	24.41	8.48	4.97	10816	23.12	38.13	8.21	4.99	11260	18.88	33.12	8.54	4.89	10345	30.41	44.73	8.28	4.99															2018-05-04 05:24:00
04.05.2018	05:30:00	RO_SE_001	3450	254128	180	0	12566	11.59	21.82	8.56	4.94	11111	19.84	34.35	8.26	4.97	12243	13.06	24.41	8.48	4.97	10816	23.12	38.13	8.22	4.99	11260	18.88	33.12	8.54	4.89	10345	30.41	44.73	8.28	4.99															2018-05-04 05:30:00
04.05.2018	05:36:00	RO_SE_001	3450	254129	180	0	12566	11.59	21.82	8.56	4.97	11111	19.84	34.35	8.25	4.97	12243	13.06	24.41	8.45	4.97	10816	23.12	38.13	8.23	4.99	11260	18.88	33.12	8.53	4.89	10345	30.41	44.73	8.3	4.99															2018-05-04 05:36:00
04.05.2018	05:42:00	RO_SE_001	3450	254130	177	0	12566	11.59	21.82	8.55	4.97	11111	19.84	34.35	8.27	4.97	12243	13.06	24.41	8.48	4.97	10816	23.12	38.13	8.24	4.99	11261	18.88	33.11	8.53	4.89	10345	30.41	44.73	8.29	4.99															2018-05-04 05:42:00
04.05.2018	05:48:00	RO_SE_001	3450	254131	180	0	12567	11.58	21.81	8.55	4.97	11111	19.84	34.35	8.29	4.97	12243	13.06	24.41	8.48	4.97	10816	23.12	38.13	8.22	4.99	11261	18.88	33.11	8.52	4.89	10345	30.41	44.73	8.27	4.99															2018-05-04 05:48:00
04.05.2018	05:54:00	RO_SE_001	3450	254132	177	0	12566	11.59	21.82	8.53	4.97	11111	19.84	34.35	8.27	4.97	12244	13.05	24.4	8.45	4.97	10816	23.12	38.13	8.26	4.99	11261	18.88	33.11	8.5	4.89	10345	30.41	44.73	8.31	4.99															2018-05-04 05:54:00
04.05.2018	06:00:00	RO_SE_001	3450	254133	177	0	12566	11.59	21.82	8.54	4.97	11111	19.84	34.35	8.28	4.97	12244	13.05	24.4	8.45	4.97	10817	23.11	38.11	8.24	4.99	11261	18.88	33.11	8.49	4.89	10345	30.41	44.73	8.27	4.99															2018-05-04 06:00:00
04.05.2018	06:06:00	RO_SE_001	3450	254134	180	0	12559	11.62	21.87	8.56	4.97	11111	19.84	34.35	8.27	4.97	12244	13.05	24.4	8.43	4.97	10817	23.11	38.11	8.23	4.99	11261	18.88	33.11	8.51	4.89	10345	30.41	44.73	8.29	4.99															2018-05-04 06:06:00
04.05.2018	06:12:00	RO_SE_001	3450	254135	180	0	12562	11.60	21.85	8.52	4.94	11111	19.84	34.35	8.23	4.97	12245	13.05	24.39	8.43	4.97	10817	23.11	38.11	8.22	4.99	11262	18.87	33.1	8.48	4.89	10345	30.41	44.73	8.3	4.99															2018-05-04 06:12:00
04.05.2018	06:18:00	RO_SE_001	3450	254136	180	0	12566	11.59	21.82	8.53	4.97	11111	19.84	34.35	8.26	4.97	12245	13.05	24.39	8.42	4.97	10817	23.11	38.11	8.24	4.99	11262	18.87	33.1	8.48	4.91	10345	30.41	44.73	8.3	4.99															2018-05-04 06:18:00
04.05.2018	06:24:00	RO_SE_001	3450	254137	180	0	12566	11.59	21.82	8.5	4.94	11111	19.84	34.35	8.28	4.97	12245	13.05	24.39	8.43	4.97	10817	23.11	38.11	8.23	4.99	11262	18.87	33.1	8.48	4.89	10345	30.41	44.73	8.32	4.99															2018-05-04 06:24:00
04.05.2018	06:30:00	RO_SE_001	3450	254138	180	0	12565	11.59	21.83	8.5	4.94	11111	19.84	34.35	8.25	4.97	12245	13.05	24.39	8.42	4.97	10817	23.11	38.11	8.27	4.99	11261	18.88	33.11	8.47	4.89	10345	30.41	44.73	8.27	4.99															2018-05-04 06:30:00
04.05.2018	06:36:00	RO_SE_001	3450	254139	180	0	12553	11.64	21.91	8.52	4.97	11111	19.84	34.35	8.24	4.97	12246	13.04	24.38	8.4	4.97	10817	23.11	38.11	8.22	4.99	11262	18.87	33.1	8.46	4.91	10346	30.39	44.71	8.25	4.99															2018-05-04 06:36:00
04.05.2018	06:42:00	RO_SE_001	3450	254140	180	0	12552	11.64	21.92	8.48	4.97	11111	19.84	34.35	8.27	4.97	12246	13.04	24.38	8.41	4.97	10818	23.10	38.1	8.25	4.99	11263	18.86	33.09	8.47	4.89	10346	30.39	44.71	8.3	4.99															2018-05-04 06:42:00
04.05.2018	06:48:00	RO_SE_001	3449	254141	180	0	12552	11.64	21.92	8.49	4.97	11111	19.84	34.35	8.27	4.97	12245	13.05	24.39	8.39	4.97	10818	23.10	38.1	8.21	4.99	11263	18.86	33.09	8.45	4.89	10346	30.39	44.71	8.26	4.99															2018-05-04 06:48:00
04.05.2018	06:54:00	RO_SE_001	3448	254142	177	0	12557	11.62	21.89	8.48	4.97	11111	19.84	34.35	8.23	4.97	12245	13.05	24.39	8.4	4.97	10818	23.10	38.1	8.25	4.99	11263	18.86	33.09	8.47	4.91	10346	30.39	44.71	8.29	4.99															2018-05-04 06:54:00
04.05.2018	07:00:00	RO_SE_001	3449	254143	180	0	12565	11.59	21.83	8.48	4.94	11111	19.84	34.35	8.27	4.97	12247	13.04	24.37	8.36	4.97	10818	23.10	38.1	8.23	4.99	11264	18.85	33.08	8.44	4.89	10346	30.39	44.71	8.27	4.99															2018-05-04 07:00:00
04.05.2018	07:06:00	RO_SE_001	3449	254144	180	0	12566	11.59	21.82	8.45	4.97	11111	19.84	34.35	8.26	4.97	12246	13.04	24.38	8.4	4.97	10818	23.10	38.1	8.24	4.99	11264	18.85	33.08	8.45	4.91	10346	30.39	44.71	8.27	4.99															2018-05-04 07:06:00
04.05.2018	07:12:00	RO_SE_001	3449	254145	180	0	12566	11.59	21.82	8.46	4.97	11111	19.84	34.35	8.27	4.97	12246	13.04	24.38	8.39	4.97	10818	23.10	38.1	8.21	4.99	11264	18.85	33.08	8.45	4.91	10346	30.39	44.71	8.27	4.99															2018-05-04 07:12:00
04.05.2018	07:18:00	RO_SE_001	3449	254146	180	0	12566	11.59	21.82	8.47	4.97	11111	19.84	34.35	8.23	4.97	12246	13.04	24.38	8.39	4.97	10818	23.10	38.1	8.23	4.99	11264	18.85	33.08	8.41	4.91	10346	30.39	44.71	8.29	4.99															2018-05-04 07:18:00
04.05.2018	07:24:00	RO_SE_001	3449	254147	183	0	12567	11.58	21.81	8.45	4.97	11111	19.84	34.35	8.26	4.97	12247	13.04	24.37	8.37	4.97	10818	23.10	38.1	8.24	4.99	11265	18.84	33.07	8.45	4.89	10346	30.39	44.71	8.27	4.99															2018-05-04 07:24:00
04.05.2018	07:30:00	RO_SE_001	3450	254148	180	0	12564	11.60	21.84	8.43	4.97	11111	19.84	34.35	8.22	4.97	12247	13.04	24.37	8.37	4.97	10818	23.10	38.1	8.23	4.99	11265	18.84	33.07	8.43	4.89	10346	30.39	44.71	8.27	4.99															2018-05-04 07:30:00
04.05.2018	07:36:00	RO_SE_001	3450	254149	177	0	12568	11.58	21.81	8.42	4.97	11111	19.84	34.35	8.23	4.97	12247	13.04	24.37	8.34	4.97	10819	23.09	38.09	8.22	4.99	11265	18.84	33.07	8.38	4.89	10346	30.39	44.71	8.26	4.99															2018-05-04 07:36:00
04.05.2018	07:42:00	RO_SE_001	3450	254150	183	0	12569	11.58	21.8	8.4	4.97	11111	19.84	34.35	8.26	4.97	12247	13.04	24.37	8.34	4.97	10819	23.09	38.09	8.23	4.99	11266	18.84	33.06	8.41	4.91	10346	30.39	44.71	8.27	4.99															2018-05-04 07:42:00
04.05.2018	07:48:00	RO_SE_001	3450	254151	177	0	12569	11.58	21.8	8.39	4.97	11112	19.84	34.34	8.26	4.97	12247	13.04	24.37	8.31	4.97	10819	23.09	38.09	8.2	4.99	11266	18.84	33.06	8.4	4.91	10346	30.39	44.71	8.26	4.99															2018-05-04 07:48:00
04.05.2018	07:54:00	RO_SE_001	3450	254152	183	0	12569	11.58	21.8	8.41	4.97	11112	19.84	34.34	8.27	4.97	12247	13.04	24.37	8.3	4.97	10819	23.09	38.09	8.24	4.99	11271	18.80	33.01	8.38	4.89	10346	30.39	44.71	8.29	4.99															2018-05-04 07:54:00
04.05.2018	08:00:00	RO_SE_001	3450	254153	180	0	12569	11.58	21.8	8.41	4.97	11112	19.84	34.34	8.25	4.97	12248	13.03	24.37	8.32	4.97	10819	23.09	38.09	8.23	4.99	11266	18.84	33.06	8.39	4.89	10346	30.39	44.71	8.28	4.99															2018-05-04 08:00:00
04.05.2018	08:12:00	RO_SE_001	3449	254155	183	0	12570	11.57	21.79	8.38	4.94	11112	19.84	34.34	8.23	4.97	12249	13.03	24.36	8.33	4.97	10820	23.08	38.08	8.2	4.99	11266	18.84	33.06	8.39	4.89	10347	30.37	44.7	8.29	4.99															2018-05-04 08:12:00
04.05.2018	08:18:00	RO_SE_001	3448	254156	180	0	12570	11.57	21.79	8.41	4.97	11112	19.84	34.34	8.23	4.97	12249	13.03	24.36	8.34	4.97	10820	23.08	38.08	8.24	4.99	11272	18.79	33.0	8.41	4.89	10347	30.37	44.7	8.26	4.99															2018-05-04 08:18:00
04.05.2018	08:24:00	RO_SE_001	3449	254157	177	0	12570	11.57	21.79	8.41	4.97	11113	19.83	34.33	8.24	4.97	12250	13.02	24.35	8.3	4.97	10820	23.08	38.08	8.22	4.99	11272	18.79	33.0	8.38	4.89	10347	30.37	44.7	8.26	4.99															2018-05-04 08:24:00
04.05.2018	08:30:00	RO_SE_001	3449	254158	186	0	12571	11.57	21.78	8.39	4.97	11113	19.83	34.33	8.23	4.97	12250	13.02	24.35	8.28	4.97	10820	23.08	38.08	8.2	4.99	11272	18.79	33.0	8.37	4.89	10347	30.37	44.7	8.23	4.99															2018-05-04 08:30:00
04.05.2018	08:36:00	RO_SE_001	3449	254159	186	0	12571	11.57	21.78	8.37	4.97	11113	19.83	34.33	8.23	4.94	12251	13.02	24.34	8.33	4.97	10820	23.08	38.08	8.2	4.99	11272	18.79	33.0	8.37	4.91	10347	30.37	44.7	8.29	4.99															2018-05-04 08:36:00
04.05.2018	08:42:00	RO_SE_001	3449	254160	186	0	12571	11.57	21.78	8.37	4.94	11113	19.83	34.33	8.27	4.97	12251	13.02	24.34	8.3	4.97	10820	23.08	38.08	8.2	4.99	11272	18.79	33.0	8.38	4.89	10347	30.37	44.7	8.29	4.99															2018-05-04 08:42:00
04.05.2018	08:48:00	RO_SE_001	3449	254161	183	0	12571	11.57	21.78	8.39	4.97	11114	19.82	34.31	8.25	4.97	12251	13.02	24.34	8.3	4.97	10821	23.07	38.07	8.21	4.99	11272	18.79	33.0	8.37	4.89	10347	30.37	44.7	8.3	4.99															2018-05-04 08:48:00
04.05.2018	08:54:00	RO_SE_001	3450	254162	180	0	12571	11.57	21.78	8.4	4.97	11114	19.82	34.31	8.26	4.97	12252	13.01	24.34	8.29	4.97	10821	23.07	38.07	8.19	4.99	11272	18.79	33.0	8.33	4.91	10347	30.37	44.7	8.24	4.99															2018-05-04 08:54:00
04.05.2018	09:00:00	RO_SE_001	3449	254163	168	0	12570	11.57	21.79	8.38	4.94	11113	19.83	34.33	8.24	4.97	12252	13.01	24.34	8.31	4.97	10821	23.07	38.07	8.18	4.99	11272	18.79	33.0	8.32	4.89	10347	30.37	44.7	8.27	4.99															2018-05-04 09:00:00
04.05.2018	09:06:00	RO_SE_001	3449	254164	180	0	12554	11.64	21.91	8.38	4.97	11115	19.81	34.3	8.23	4.97	12252	13.01	24.34	8.28	4.97	10821	23.07	38.07	8.18	4.99	11272	18.79	33.0	8.34	4.89	10347	30.37	44.7	8.27	4.99															2018-05-04 09:06:00
04.05.2018	09:12:00	RO_SE_001	3449	254165	183	0	12554	11.64	21.91	8.35	4.94	11115	19.81	34.3	8.23	4.97	12253	13.01	24.33	8.29	4.97	10821	23.07	38.07	8.23	4.99	11272	18.79	33.0	8.37	4.89	10347	30.37	44.7	8.24	4.99															2018-05-04 09:12:00
04.05.2018	09:18:00	RO_SE_001	3449	254166	180	0	12552	11.64	21.92	8.38	4.97	11115	19.81	34.3	8.23	4.97	12252	13.01	24.34	8.3	4.97	10821	23.07	38.07	8.22	4.99	11272	18.79	33.0	8.37	4.89	10347	30.37	44.7	8.23	4.99															2018-05-04 09:18:00
04.05.2018	09:24:00	RO_SE_001	3448	254167	189	0	12556	11.63	21.89	8.4	4.94	11115	19.81	34.3	8.26	4.97	12252	13.01	24.34	8.3	4.97	10821	23.07	38.07	8.2	4.99	11272	18.79	33.0	8.36	4.89	10347	30.37	44.7	8.27	4.99															2018-05-04 09:24:00
04.05.2018	09:30:00	RO_SE_001	3448	254168	171	0	12553	11.64	21.91	8.38	4.97	11116	19.80	34.29	8.24	4.97	12253	13.01	24.33	8.29	4.97	10821	23.07	38.07	8.2	4.99	11272	18.79	33.0	8.36	4.91	10347	30.37	44.7	8.23	4.99															2018-05-04 09:30:00
04.05.2018	09:36:00	RO_SE_001	3449	254169	180	0	12565	11.59	21.83	8.4	4.97	11117	19.79	34.28	8.21	4.97	12253	13.01	24.33	8.32	4.97	10821	23.07	38.07	8.2	4.99	11272	18.79	33.0	8.34	4.89	10347	30.37	44.7	8.25	4.99															2018-05-04 09:36:00
04.05.2018	09:42:00	RO_SE_001	3448	254170	180	0	12565	11.59	21.83	8.39	4.97	11117	19.79	34.28	8.22	4.97	12254	13.01	24.32	8.31	4.97	10821	23.07	38.07	8.17	4.99	11272	18.79	33.0	8.37	4.91	10347	30.37	44.7	8.23	4.99															2018-05-04 09:42:00
04.05.2018	09:48:00	RO_SE_001	3448	254171	177	0	12567	11.58	21.81	8.37	4.97	11118	19.78	34.27	8.22	4.94	12254	13.01	24.32	8.32	4.97	10821	23.07	38.07	8.18	4.99	11272	18.79	33.0	8.34	4.89	10348	30.35	44.68	8.25	4.99															2018-05-04 09:48:00
04.05.2018	09:54:00	RO_SE_001	3449	254172	171	0	12567	11.58	21.81	8.35	4.97	11118	19.78	34.27	8.23	4.97	12255	13.00	24.31	8.33	4.97	10821	23.07	38.07	8.2	4.99	11272	18.79	33.0	8.34	4.89	10348	30.35	44.68	8.22	4.99															2018-05-04 09:54:00
04.05.2018	10:00:00	RO_SE_001	3448	254173	180	0	12567	11.58	21.81	8.41	4.97	11119	19.78	34.26	8.2	4.97	12255	13.00	24.31	8.3	4.97	10822	23.05	38.06	8.2	4.99	11272	18.79	33.0	8.34	4.89	10348	30.35	44.68	8.24	4.99															2018-05-04 10:00:00
04.05.2018	10:06:00	RO_SE_001	3448	254174	183	0	12568	11.58	21.81	8.41	4.94	11119	19.78	34.26	8.22	4.97	12256	13.00	24.3	8.3	4.97	10822	23.05	38.06	8.19	4.99	11272	18.79	33.0	8.34	4.89	10348	30.35	44.68	8.25	4.99															2018-05-04 10:06:00
04.05.2018	10:12:00	RO_SE_001	3448	254175	183	0	12567	11.58	21.81	8.39	4.97	11120	19.77	34.25	8.21	4.97	12256	13.00	24.3	8.34	4.97	10822	23.05	38.06	8.19	4.99	11272	18.79	33.0	8.38	4.91	10348	30.35	44.68	8.21	4.99															2018-05-04 10:12:00
04.05.2018	10:18:00	RO_SE_001	3448	254176	186	0	12567	11.58	21.81	8.4	4.97	11121	19.76	34.24	8.21	4.97	12256	13.00	24.3	8.33	4.97	10822	23.05	38.06	8.2	4.99	11273	18.78	32.99	8.33	4.91	10348	30.35	44.68	8.23	4.99															2018-05-04 10:18:00
04.05.2018	10:24:00	RO_SE_001	3448	254177	177	0	12568	11.58	21.81	8.42	4.97	11121	19.76	34.24	8.22	4.97	12257	12.99	24.3	8.34	4.97	10823	23.04	38.04	8.19	4.99	11273	18.78	32.99	8.35	4.89	10348	30.35	44.68	8.23	4.99															2018-05-04 10:24:00
04.05.2018	10:30:00	RO_SE_001	3448	254178	177	0	12568	11.58	21.81	8.44	4.97	11121	19.76	34.24	8.23	4.97	12257	12.99	24.3	8.32	4.97	10823	23.04	38.04	8.2	4.99	11272	18.79	33.0	8.36	4.89	10348	30.35	44.68	8.23	4.99															2018-05-04 10:30:00
04.05.2018	10:36:00	RO_SE_001	3448	254179	183	0	12568	11.58	21.81	8.45	4.97	11122	19.75	34.23	8.2	4.97	12258	12.99	24.29	8.32	4.97	10823	23.04	38.04	8.17	4.99	11273	18.78	32.99	8.35	4.89	10348	30.35	44.68	8.23	4.99															2018-05-04 10:36:00
04.05.2018	10:42:00	RO_SE_001	3448	254180	186	0	12566	11.59	21.82	8.42	4.97	11122	19.75	34.23	8.2	4.97	12258	12.99	24.29	8.35	4.97	10823	23.04	38.04	8.2	4.99	11273	18.78	32.99	8.34	4.89	10348	30.35	44.68	8.23	4.99															2018-05-04 10:42:00
04.05.2018	10:48:00	RO_SE_001	3448	254181	180	0	12554	11.64	21.91	8.44	4.97	11123	19.74	34.22	8.19	4.97	12259	12.98	24.28	8.33	4.97	10824	23.03	38.03	8.2	4.99	11274	18.77	32.98	8.4	4.89	10348	30.35	44.68	8.23	4.99															2018-05-04 10:48:00
04.05.2018	10:54:00	RO_SE_001	3448	254182	171	0	12552	11.64	21.92	8.43	4.97	11124	19.73	34.21	8.23	4.97	12259	12.98	24.28	8.34	4.97	10824	23.03	38.03	8.2	4.99	11274	18.77	32.98	8.35	4.89	10348	30.35	44.68	8.25	4.99															2018-05-04 10:54:00
04.05.2018	11:00:00	RO_SE_001	3448	254183	183	0	12557	11.62	21.89	8.45	4.97	11124	19.73	34.21	8.18	4.97	12260	12.98	24.27	8.35	4.97	10824	23.03	38.03	8.2	4.99	11274	18.77	32.98	8.36	4.89	10349	30.33	44.67	8.23	4.99															2018-05-04 11:00:00
04.05.2018	11:06:00	RO_SE_001	3447	254184	183	0	12565	11.59	21.83	8.45	4.97	11125	19.72	34.2	8.21	4.97	12260	12.98	24.27	8.34	4.97	10824	23.03	38.03	8.18	4.99	11274	18.77	32.98	8.38	4.91	10349	30.33	44.67	8.26	4.99															2018-05-04 11:06:00
04.05.2018	11:12:00	RO_SE_001	3448	254185	186	0	12565	11.59	21.83	8.45	4.97	11126	19.72	34.19	8.19	4.94	12260	12.98	24.27	8.36	4.97	10824	23.03	38.03	8.2	4.99	11275	18.76	32.97	8.37	4.89	10349	30.33	44.67	8.24	4.99															2018-05-04 11:12:00
04.05.2018	11:18:00	RO_SE_001	3448	254186	177	0	12565	11.59	21.83	8.48	4.97	11127	19.71	34.18	8.18	4.94	12261	12.97	24.26	8.36	4.97	10825	23.02	38.02	8.2	4.99	11275	18.76	32.97	8.38	4.89	10349	30.33	44.67	8.23	4.99															2018-05-04 11:18:00
04.05.2018	11:24:00	RO_SE_001	3448	254187	171	0	12566	11.59	21.82	8.46	4.97	11128	19.70	34.17	8.16	4.97	12261	12.97	24.26	8.36	4.97	10825	23.02	38.02	8.2	4.99	11276	18.76	32.96	8.38	4.89	10349	30.33	44.67	8.24	4.99															2018-05-04 11:24:00
04.05.2018	11:30:00	RO_SE_001	3448	254188	180	0	12562	11.60	21.85	8.46	4.94	11129	19.69	34.15	8.21	4.97	12262	12.97	24.26	8.34	4.97	10825	23.02	38.02	8.2	4.99	11276	18.76	32.96	8.38	4.89	10349	30.33	44.67	8.23	4.99															2018-05-04 11:30:00
04.05.2018	11:36:00	RO_SE_001	3448	254189	174	0	12570	11.57	21.79	8.47	4.94	11128	19.70	34.17	8.2	4.97	12262	12.97	24.26	8.37	4.97	10825	23.02	38.02	8.18	4.99	11277	18.75	32.95	8.36	4.89	10349	30.33	44.67	8.24	4.99															2018-05-04 11:36:00
04.05.2018	11:42:00	RO_SE_001	3448	254190	168	0	12571	11.57	21.78	8.45	4.97	11129	19.69	34.15	8.21	4.97	12263	12.96	24.25	8.37	4.97	10826	23.01	38.01	8.2	4.99	11277	18.75	32.95	8.38	4.89	10349	30.33	44.67	8.24	4.99															2018-05-04 11:42:00
04.05.2018	11:48:00	RO_SE_001	3448	254191	171	0	12574	11.56	21.76	8.46	4.97	11130	19.68	34.14	8.2	4.97	12263	12.96	24.25	8.39	4.97	10826	23.01	38.01	8.2	4.99	11277	18.75	32.95	8.38	4.89	10349	30.33	44.67	8.2	4.99															2018-05-04 11:48:00
04.05.2018	11:54:00	RO_SE_001	3448	254192	183	0	12571	11.57	21.78	8.51	4.97	11130	19.68	34.14	8.19	4.97	12264	12.96	24.24	8.37	4.97	10826	23.01	38.01	8.16	4.99	11278	18.74	32.94	8.38	4.89	10349	30.33	44.67	8.18	4.99															2018-05-04 11:54:00
04.05.2018	12:00:00	RO_SE_001	3448	254193	177	0	12573	11.56	21.77	8.53	4.94	11131	19.67	34.13	8.17	4.94	12265	12.96	24.23	8.38	4.97	10826	23.01	38.01	8.2	4.99	11278	18.74	32.94	8.39	4.89	10350	30.32	44.65	8.23	4.99															2018-05-04 12:00:00
04.05.2018	12:06:00	RO_SE_001	3448	254194	177	0	12573	11.56	21.77	8.48	4.97	11131	19.67	34.13	8.19	4.97	12265	12.96	24.23	8.38	4.97	10826	23.01	38.01	8.2	4.99	11278	18.74	32.94	8.38	4.89	10349	30.33	44.67	8.2	4.99															2018-05-04 12:06:00
04.05.2018	12:12:00	RO_SE_001	3448	254195	183	0	12573	11.56	21.77	8.52	4.94	11132	19.66	34.12	8.18	4.94	12266	12.95	24.23	8.38	4.97	10827	23.00	38.0	8.19	4.99	11279	18.73	32.93	8.41	4.89	10350	30.32	44.65	8.23	4.99															2018-05-04 12:12:00
04.05.2018	12:18:00	RO_SE_001	3447	254196	174	0	12574	11.56	21.76	8.48	4.97	11133	19.66	34.11	8.2	4.94	12267	12.95	24.22	8.41	4.97	10827	23.00	38.0	8.21	4.99	11279	18.73	32.93	8.4	4.89	10349	30.33	44.67	8.23	4.99															2018-05-04 12:18:00
04.05.2018	12:24:00	RO_SE_001	3447	254197	180	0	12574	11.56	21.76	8.49	4.94	11134	19.65	34.1	8.16	4.97	12266	12.95	24.23	8.43	4.97	10827	23.00	38.0	8.16	4.99	11279	18.73	32.93	8.4	4.91	10349	30.33	44.67	8.22	4.99															2018-05-04 12:24:00
04.05.2018	12:30:00	RO_SE_001	3448	254198	180	0	12574	11.56	21.76	8.51	4.97	11135	19.64	34.09	8.18	4.94	12267	12.95	24.22	8.44	4.97	10827	23.00	38.0	8.2	4.99	11280	18.72	32.92	8.43	4.89	10349	30.33	44.67	8.21	4.99															2018-05-04 12:30:00
04.05.2018	12:36:00	RO_SE_001	3447	254199	171	0	12572	11.56	21.78	8.53	4.97	11134	19.65	34.1	8.17	4.97	12268	12.94	24.21	8.38	4.97	10828	22.99	37.99	8.16	4.99	11279	18.73	32.93	8.43	4.89	10349	30.33	44.67	8.22	4.99															2018-05-04 12:36:00
04.05.2018	12:42:00	RO_SE_001	3447	254200	171	0	12574	11.56	21.76	8.55	4.97	11135	19.64	34.09	8.19	4.97	12269	12.94	24.2	8.44	4.97	10828	22.99	37.99	8.19	4.99	11280	18.72	32.92	8.44	4.89	10349	30.33	44.67	8.18	4.99															2018-05-04 12:42:00
04.05.2018	12:48:00	RO_SE_001	3448	254201	171	0	12574	11.56	21.76	8.54	4.97	11135	19.64	34.09	8.16	4.97	12269	12.94	24.2	8.41	4.97	10828	22.99	37.99	8.17	4.99	11280	18.72	32.92	8.42	4.89	10349	30.33	44.67	8.2	4.99															2018-05-04 12:48:00
04.05.2018	12:54:00	RO_SE_001	3447	254202	171	0	12575	11.55	21.76	8.55	4.97	11136	19.63	34.08	8.2	4.97	12270	12.93	24.19	8.4	4.97	10828	22.99	37.99	8.17	4.99	11281	18.72	32.9	8.42	4.91	10349	30.33	44.67	8.2	4.99															2018-05-04 12:54:00
04.05.2018	13:00:00	RO_SE_001	3448	254203	180	0	12575	11.55	21.76	8.55	4.97	11138	19.61	34.06	8.16	4.97	12271	12.93	24.19	8.4	4.97	10829	22.98	37.97	8.16	4.99	11281	18.72	32.9	8.4	4.89	10350	30.32	44.65	8.2	4.99															2018-05-04 13:00:00
04.05.2018	13:06:00	RO_SE_001	3448	254204	183	0	12575	11.55	21.76	8.56	4.97	11139	19.61	34.05	8.17	4.97	12272	12.92	24.18	8.46	4.97	10828	22.99	37.99	8.2	4.99	11281	18.72	32.9	8.39	4.89	10350	30.32	44.65	8.2	4.99															2018-05-04 13:06:00
04.05.2018	13:12:00	RO_SE_001	3448	254205	162	0	12575	11.55	21.76	8.59	4.97	11139	19.61	34.05	8.16	4.97	12272	12.92	24.18	8.41	4.97	10828	22.99	37.99	8.12	4.99	11282	18.71	32.89	8.42	4.89	10350	30.32	44.65	8.19	4.99															2018-05-04 13:12:00
04.05.2018	13:18:00	RO_SE_001	3448	254206	180	0	12578	11.54	21.73	8.58	4.97	11140	19.60	34.04	8.16	4.97	12273	12.92	24.17	8.43	4.97	10828	22.99	37.99	8.18	4.99	11282	18.71	32.89	8.45	4.89	10350	30.32	44.65	8.16	4.99															2018-05-04 13:18:00
04.05.2018	13:24:00	RO_SE_001	3448	254207	180	0	12577	11.54	21.74	8.58	4.94	11140	19.60	34.04	8.18	4.97	12274	12.91	24.16	8.44	4.97	10829	22.98	37.97	8.15	4.99	11283	18.70	32.88	8.45	4.89	10350	30.32	44.65	8.22	4.99															2018-05-04 13:24:00
04.05.2018	13:30:00	RO_SE_001	3447	254208	180	0	12576	11.55	21.75	8.57	4.97	11141	19.59	34.03	8.2	4.97	12274	12.91	24.16	8.48	4.97	10829	22.98	37.97	8.16	4.99	11283	18.70	32.88	8.44	4.89	10350	30.32	44.65	8.2	4.99															2018-05-04 13:30:00
04.05.2018	13:36:00	RO_SE_001	3448	254209	180	0	12573	11.56	21.77	8.64	4.97	11142	19.58	34.02	8.16	4.97	12274	12.91	24.16	8.49	4.97	10829	22.98	37.97	8.18	4.99	11284	18.69	32.87	8.43	4.89	10350	30.32	44.65	8.18	4.99															2018-05-04 13:36:00
04.05.2018	13:42:00	RO_SE_001	3447	254210	186	0	12572	11.56	21.78	8.64	4.97	11142	19.58	34.02	8.16	4.97	12275	12.91	24.15	8.51	4.97	10829	22.98	37.97	8.16	4.99	11284	18.69	32.87	8.43	4.89	10351	30.30	44.64	8.21	4.99															2018-05-04 13:42:00
04.05.2018	13:48:00	RO_SE_001	3448	254211	186	0	12573	11.56	21.77	8.64	4.97	11143	19.57	34.01	8.17	4.97	12276	12.90	24.15	8.48	4.97	10830	22.97	37.96	8.13	4.99	11285	18.69	32.86	8.48	4.89	10351	30.30	44.64	8.2	4.99															2018-05-04 13:48:00
04.05.2018	13:54:00	RO_SE_001	3447	254212	168	0	12574	11.56	21.76	8.61	4.97	11143	19.57	34.01	8.19	4.97	12277	12.90	24.14	8.5	4.97	10830	22.97	37.96	8.14	4.99	11285	18.69	32.86	8.45	4.89	10351	30.30	44.64	8.17	4.99															2018-05-04 13:54:00
04.05.2018	14:00:00	RO_SE_001	3447	254213	168	0	12566	11.59	21.82	8.67	4.94	11145	19.56	33.98	8.16	4.97	12277	12.90	24.14	8.49	4.97	10830	22.97	37.96	8.16	4.99	11286	18.68	32.85	8.48	4.89	10351	30.30	44.64	8.22	4.99															2018-05-04 14:00:00
04.05.2018	14:06:00	RO_SE_001	3447	254214	177	0	12572	11.56	21.78	8.67	4.94	11146	19.55	33.97	8.17	4.97	12278	12.90	24.13	8.5	4.97	10830	22.97	37.96	8.17	4.99	11286	18.68	32.85	8.44	4.89	10351	30.30	44.64	8.2	4.99															2018-05-04 14:06:00
04.05.2018	14:12:00	RO_SE_001	3448	254215	168	0	12574	11.56	21.76	8.69	4.97	11146	19.55	33.97	8.16	4.97	12279	12.89	24.12	8.5	4.97	10830	22.97	37.96	8.16	4.99	11286	18.68	32.85	8.47	4.91	10351	30.30	44.64	8.2	4.99															2018-05-04 14:12:00
04.05.2018	14:18:00	RO_SE_001	3448	254216	180	0	12575	11.55	21.76	8.71	4.97	11148	19.53	33.95	8.17	4.97	12280	12.89	24.12	8.53	4.97	10831	22.96	37.95	8.16	4.99	11287	18.67	32.84	8.48	4.89	10351	30.30	44.64	8.19	4.99															2018-05-04 14:18:00
04.05.2018	14:24:00	RO_SE_001	3448	254217	168	0	12575	11.55	21.76	8.75	4.94	11148	19.53	33.95	8.18	4.94	12281	12.88	24.11	8.54	4.97	10831	22.96	37.95	8.16	4.99	11287	18.67	32.84	8.49	4.89	10351	30.30	44.64	8.18	4.99															2018-05-04 14:24:00
04.05.2018	14:30:00	RO_SE_001	3447	254218	171	0	12575	11.55	21.76	8.73	4.97	11148	19.53	33.95	8.18	4.97	12282	12.88	24.1	8.55	4.97	10831	22.96	37.95	8.16	4.99	11287	18.67	32.84	8.49	4.89	10352	30.28	44.63	8.2	4.99															2018-05-04 14:30:00
04.05.2018	14:36:00	RO_SE_001	3448	254219	168	0	12576	11.55	21.75	8.77	4.97	11149	19.52	33.94	8.2	4.97	12282	12.88	24.1	8.52	4.97	10832	22.95	37.94	8.14	4.99	11288	18.66	32.83	8.49	4.89	10352	30.28	44.63	8.16	4.99															2018-05-04 14:36:00
04.05.2018	14:42:00	RO_SE_001	3448	254220	168	0	12575	11.55	21.76	8.78	4.97	11150	19.51	33.93	8.14	4.97	12283	12.87	24.09	8.56	4.97	10832	22.95	37.94	8.15	4.99	11288	18.66	32.83	8.52	4.89	10352	30.28	44.63	8.19	4.99															2018-05-04 14:42:00
04.05.2018	14:48:00	RO_SE_001	3447	254221	168	0	12576	11.55	21.75	8.79	4.97	11151	19.50	33.92	8.17	4.97	12283	12.87	24.09	8.6	4.97	10832	22.95	37.94	8.15	4.99	11289	18.65	32.82	8.47	4.89	10352	30.28	44.63	8.2	4.99															2018-05-04 14:48:00
04.05.2018	14:54:00	RO_SE_001	3446	254222	174	0	12576	11.55	21.75	8.77	4.94	11152	19.50	33.91	8.13	4.97	12284	12.87	24.08	8.59	4.97	10833	22.94	37.93	8.16	4.99	11289	18.65	32.82	8.49	4.91	10352	30.28	44.63	8.17	4.99															2018-05-04 14:54:00
04.05.2018	15:00:00	RO_SE_001	3447	254223	174	0	12576	11.55	21.75	8.81	4.94	11152	19.50	33.91	8.16	4.97	12285	12.86	24.08	8.57	4.97	10833	22.94	37.93	8.15	4.99	11290	18.65	32.81	8.52	4.91	10352	30.28	44.63	8.2	4.99															2018-05-04 15:00:00
04.05.2018	15:06:00	RO_SE_001	3447	254224	171	0	12577	11.54	21.74	8.83	4.97	11153	19.49	33.9	8.16	4.97	12286	12.86	24.07	8.59	4.97	10833	22.94	37.93	8.17	4.99	11290	18.65	32.81	8.52	4.91	10352	30.28	44.63	8.16	4.99															2018-05-04 15:06:00
04.05.2018	15:18:00	RO_SE_001	3448	254226	177	0	12576	11.55	21.75	8.81	4.97	11154	19.48	33.89	8.14	4.97	12288	12.85	24.05	8.59	4.97	10833	22.94	37.93	8.2	4.99	11291	18.64	32.8	8.57	4.89	10353	30.26	44.61	8.18	4.99															2018-05-04 15:18:00
04.05.2018	15:24:00	RO_SE_001	3447	254227	162	0	12577	11.54	21.74	8.83	4.97	11155	19.47	33.88	8.16	4.97	12288	12.85	24.05	8.63	4.97	10834	22.92	37.92	8.16	4.99	11292	18.63	32.79	8.55	4.89	10353	30.26	44.61	8.21	4.99															2018-05-04 15:24:00
04.05.2018	15:30:00	RO_SE_001	3447	254228	162	0	12577	11.54	21.74	8.87	4.97	11156	19.46	33.87	8.15	4.94	12288	12.85	24.05	8.63	4.97	10834	22.92	37.92	8.16	4.99	11292	18.63	32.79	8.57	4.89	10353	30.26	44.61	8.2	4.99															2018-05-04 15:30:00
04.05.2018	15:36:00	RO_SE_001	3448	254229	162	0	12577	11.54	21.74	8.84	4.97	11156	19.46	33.87	8.13	4.97	12289	12.85	24.05	8.65	4.97	10834	22.92	37.92	8.13	4.99	11293	18.62	32.78	8.55	4.89	10353	30.26	44.61	8.19	4.99															2018-05-04 15:36:00
04.05.2018	15:42:00	RO_SE_001	3447	254230	162	0	12577	11.54	21.74	8.87	4.94	11156	19.46	33.87	8.16	4.97	12290	12.84	24.04	8.65	4.97	10834	22.92	37.92	8.16	4.99	11293	18.62	32.78	8.56	4.89	10353	30.26	44.61	8.2	4.99															2018-05-04 15:42:00
04.05.2018	15:48:00	RO_SE_001	3447	254231	162	0	12578	11.54	21.73	8.87	4.94	11157	19.45	33.86	8.15	4.97	12296	12.81	23.99	8.63	4.97	10835	22.91	37.9	8.13	4.99	11294	18.61	32.77	8.56	4.89	10353	30.26	44.61	8.19	4.99															2018-05-04 15:48:00
04.05.2018	15:54:00	RO_SE_001	3448	254232	183	0	12578	11.54	21.73	8.91	4.94	11158	19.45	33.85	8.14	4.97	12296	12.81	23.99	8.69	4.97	10835	22.91	37.9	8.14	4.99	11293	18.62	32.78	8.59	4.89	10353	30.26	44.61	8.19	4.99															2018-05-04 15:54:00
04.05.2018	16:00:00	RO_SE_001	3447	254233	180	0	12579	11.54	21.73	8.92	4.97	11158	19.45	33.85	8.16	4.97	12296	12.81	23.99	8.67	4.97	10835	22.91	37.9	8.15	4.99	11294	18.61	32.77	8.57	4.89	10353	30.26	44.61	8.2	4.99															2018-05-04 16:00:00
04.05.2018	16:06:00	RO_SE_001	3447	254234	180	0	12581	11.53	21.71	8.88	4.97	11160	19.43	33.83	8.16	4.94	12296	12.81	23.99	8.66	4.97	10835	22.91	37.9	8.13	4.99	11294	18.61	32.77	8.56	4.91	10354	30.24	44.6	8.19	4.99															2018-05-04 16:06:00
04.05.2018	16:12:00	RO_SE_001	3448	254235	180	0	12581	11.53	21.71	8.92	4.94	11160	19.43	33.83	8.16	4.97	12296	12.81	23.99	8.7	4.97	10835	22.91	37.9	8.16	4.99	11295	18.61	32.76	8.6	4.89	10354	30.24	44.6	8.17	4.99															2018-05-04 16:12:00
04.05.2018	16:18:00	RO_SE_001	3448	254236	168	0	12580	11.53	21.72	8.9	4.97	11160	19.43	33.83	8.16	4.97	12296	12.81	23.99	8.69	4.97	10835	22.91	37.9	8.14	4.99	11295	18.61	32.76	8.57	4.91	10354	30.24	44.6	8.2	4.99															2018-05-04 16:18:00
04.05.2018	16:24:00	RO_SE_001	3448	254237	168	0	12581	11.53	21.71	8.9	4.94	11161	19.42	33.81	8.17	4.97	12296	12.81	23.99	8.65	4.97	10835	22.91	37.9	8.16	4.99	11295	18.61	32.76	8.6	4.89	10354	30.24	44.6	8.16	4.99															2018-05-04 16:24:00
04.05.2018	16:30:00	RO_SE_001	3448	254238	168	0	12581	11.53	21.71	8.92	4.97	11161	19.42	33.81	8.16	4.94	12296	12.81	23.99	8.71	4.97	10835	22.91	37.9	8.14	4.99	11296	18.60	32.75	8.6	4.89	10354	30.24	44.6	8.15	4.99															2018-05-04 16:30:00
04.05.2018	16:36:00	RO_SE_001	3447	254239	180	0	12580	11.53	21.72	8.93	4.94	11161	19.42	33.81	8.17	4.97	12296	12.81	23.99	8.7	4.97	10836	22.90	37.89	8.16	4.99	11296	18.60	32.75	8.59	4.89	10354	30.24	44.6	8.2	4.99															2018-05-04 16:36:00
04.05.2018	16:42:00	RO_SE_001	3288	254240	177	0	12581	11.53	21.71	8.92	4.94	11162	19.41	33.8	8.17	4.97	12297	12.81	23.98	8.66	4.97	10836	22.90	37.89	8.14	4.99	11297	18.59	32.74	8.59	4.89	10354	30.24	44.6	8.16	4.99															2018-05-04 16:42:00
04.05.2018	16:48:00	RO_SE_001	3450	254241	180	0	12579	11.54	21.73	8.97	4.97	11163	19.40	33.79	8.17	4.97	12298	12.81	23.98	8.7	4.97	10836	22.90	37.89	8.14	4.99	11298	18.58	32.73	8.61	4.89	10354	30.24	44.6	8.23	4.99															2018-05-04 16:48:00
04.05.2018	16:54:00	RO_SE_001	3450	254242	180	0	12579	11.54	21.73	8.95	4.97	11163	19.40	33.79	8.2	4.97	12299	12.80	23.97	8.73	4.97	10836	22.90	37.89	8.16	4.99	11298	18.58	32.73	8.6	4.89	10355	30.22	44.58	8.19	4.99															2018-05-04 16:54:00
04.05.2018	17:00:00	RO_SE_001	3450	254243	183	0	12579	11.54	21.73	8.95	4.97	11163	19.40	33.79	8.16	4.97	12300	12.80	23.96	8.73	4.97	10837	22.89	37.88	8.19	4.99	11299	18.58	32.72	8.63	4.91	10355	30.22	44.58	8.19	4.99															2018-05-04 17:00:00
04.05.2018	17:06:00	RO_SE_001	3450	254244	180	0	12579	11.54	21.73	8.98	4.94	11164	19.40	33.78	8.16	4.97	12300	12.80	23.96	8.76	4.97	10837	22.89	37.88	8.15	4.99	11299	18.58	32.72	8.64	4.89	10355	30.22	44.58	8.19	4.99															2018-05-04 17:06:00
04.05.2018	17:12:00	RO_SE_001	3450	254245	174	0	12584	11.52	21.69	8.96	4.97	11164	19.40	33.78	8.15	4.97	12301	12.79	23.95	8.75	4.97	10837	22.89	37.88	8.16	4.99	11300	18.57	32.71	8.63	4.91	10355	30.22	44.58	8.2	4.99															2018-05-04 17:12:00
04.05.2018	17:18:00	RO_SE_001	3450	254246	180	0	12584	11.52	21.69	8.95	4.94	11165	19.39	33.77	8.18	4.97	12302	12.79	23.94	8.72	4.97	10837	22.89	37.88	8.16	4.99	11300	18.57	32.71	8.64	4.89	10355	30.22	44.58	8.18	4.99															2018-05-04 17:18:00
04.05.2018	17:24:00	RO_SE_001	3450	254247	180	0	12585	11.51	21.68	8.98	4.97	11165	19.39	33.77	8.16	4.97	12303	12.78	23.94	8.73	4.97	10837	22.89	37.88	8.16	4.99	11301	18.56	32.7	8.66	4.91	10355	30.22	44.58	8.2	4.99															2018-05-04 17:24:00
04.05.2018	17:30:00	RO_SE_001	3450	254248	174	0	12586	11.51	21.68	8.99	4.97	11166	19.38	33.76	8.17	4.97	12302	12.79	23.94	8.77	4.97	10838	22.88	37.87	8.16	4.99	11300	18.57	32.71	8.63	4.91	10355	30.22	44.58	8.19	4.99															2018-05-04 17:30:00
04.05.2018	17:36:00	RO_SE_001	3450	254249	180	0	12586	11.51	21.68	8.98	4.97	11166	19.38	33.76	8.17	4.97	12303	12.78	23.94	8.76	4.97	10838	22.88	37.87	8.13	4.99	11301	18.56	32.7	8.68	4.89	10355	30.22	44.58	8.2	4.99															2018-05-04 17:36:00
04.05.2018	17:42:00	RO_SE_001	3449	254250	177	0	12586	11.51	21.68	8.98	4.97	11166	19.38	33.76	8.15	4.97	12304	12.78	23.93	8.79	4.97	10838	22.88	37.87	8.19	4.99	11301	18.56	32.7	8.64	4.89	10356	30.21	44.57	8.21	4.99															2018-05-04 17:42:00
04.05.2018	17:48:00	RO_SE_001	3449	254251	183	0	12586	11.51	21.68	8.98	4.97	11167	19.37	33.75	8.16	4.97	12305	12.77	23.92	8.8	4.97	10838	22.88	37.87	8.14	4.99	11302	18.55	32.69	8.68	4.89	10356	30.21	44.57	8.18	4.99															2018-05-04 17:48:00
04.05.2018	17:54:00	RO_SE_001	3449	254252	180	0	12587	11.51	21.67	8.98	4.97	11167	19.37	33.75	8.15	4.94	12306	12.77	23.91	8.8	4.97	10839	22.87	37.86	8.13	4.99	11302	18.55	32.69	8.68	4.89	10356	30.21	44.57	8.19	4.99															2018-05-04 17:54:00
04.05.2018	18:00:00	RO_SE_001	3448	254253	177	0	12587	11.51	21.67	9.02	4.94	11167	19.37	33.75	8.14	4.97	12306	12.77	23.91	8.8	4.97	10839	22.87	37.86	8.13	4.99	11303	18.54	32.68	8.7	4.91	10356	30.21	44.57	8.18	4.99															2018-05-04 18:00:00
04.05.2018	18:06:00	RO_SE_001	3448	254254	174	0	12588	11.50	21.66	8.99	4.97	11168	19.36	33.74	8.16	4.97	12307	12.76	23.91	8.78	4.97	10839	22.87	37.86	8.15	4.99	11303	18.54	32.68	8.7	4.89	10356	30.21	44.57	8.16	4.99															2018-05-04 18:06:00
04.05.2018	18:12:00	RO_SE_001	3449	254255	180	0	12582	11.52	21.71	9.02	4.94	11168	19.36	33.74	8.14	4.97	12308	12.76	23.9	8.79	4.97	10839	22.87	37.86	8.13	4.99	11304	18.54	32.67	8.68	4.89	10356	30.21	44.57	8.18	4.99															2018-05-04 18:12:00
04.05.2018	18:18:00	RO_SE_001	3448	254256	180	0	12585	11.51	21.68	9.01	4.94	11169	19.35	33.73	8.19	4.97	12308	12.76	23.9	8.82	4.97	10840	22.86	37.85	8.19	4.99	11304	18.54	32.67	8.68	4.89	10356	30.21	44.57	8.18	4.99															2018-05-04 18:18:00
04.05.2018	18:24:00	RO_SE_001	3448	254257	180	0	12584	11.52	21.69	9.05	4.97	11169	19.35	33.73	8.17	4.97	12309	12.76	23.89	8.8	4.97	10840	22.86	37.85	8.13	4.99	11305	18.53	32.66	8.71	4.91	10356	30.21	44.57	8.2	4.99															2018-05-04 18:24:00
04.05.2018	18:30:00	RO_SE_001	3447	254258	183	0	12587	11.51	21.67	9.04	4.94	11170	19.35	33.72	8.14	4.97	12310	12.75	23.88	8.84	4.97	10840	22.86	37.85	8.14	4.99	11305	18.53	32.66	8.71	4.89	10356	30.21	44.57	8.2	4.99															2018-05-04 18:30:00
04.05.2018	18:36:00	RO_SE_001	3447	254259	180	0	12585	11.51	21.68	9.03	4.97	11170	19.35	33.72	8.18	4.97	12309	12.76	23.89	8.81	4.97	10840	22.86	37.85	8.14	4.99	11306	18.52	32.65	8.71	4.89	10356	30.21	44.57	8.19	4.99															2018-05-04 18:36:00
04.05.2018	18:42:00	RO_SE_001	3448	254260	174	0	12586	11.51	21.68	9.04	4.97	11170	19.35	33.72	8.18	4.94	12310	12.75	23.88	8.82	4.97	10841	22.85	37.83	8.15	4.99	11306	18.52	32.65	8.72	4.89	10357	30.19	44.56	8.2	4.99															2018-05-04 18:42:00
04.05.2018	18:48:00	RO_SE_001	3447	254261	174	0	12586	11.51	21.68	9.07	4.97	11170	19.35	33.72	8.15	4.97	12311	12.75	23.87	8.83	4.97	10841	22.85	37.83	8.16	4.99	11306	18.52	32.65	8.74	4.89	10357	30.19	44.56	8.24	4.99															2018-05-04 18:48:00
04.05.2018	18:54:00	RO_SE_001	3447	254262	183	0	12585	11.51	21.68	9.03	4.97	11170	19.35	33.72	8.17	4.97	12312	12.74	23.87	8.83	4.97	10841	22.85	37.83	8.16	4.99	11307	18.51	32.64	8.72	4.89	10356	30.21	44.57	8.19	4.99															2018-05-04 18:54:00
04.05.2018	19:00:00	RO_SE_001	3447	254263	183	0	12586	11.51	21.68	9.05	4.97	11170	19.35	33.72	8.16	4.97	12312	12.74	23.87	8.87	4.97	10841	22.85	37.83	8.16	4.99	11307	18.51	32.64	8.71	4.89	10356	30.21	44.57	8.16	4.99															2018-05-04 19:00:00
04.05.2018	19:06:00	RO_SE_001	3447	254264	177	0	12586	11.51	21.68	9.06	4.97	11171	19.34	33.71	8.16	4.97	12313	12.74	23.86	8.84	4.97	10841	22.85	37.83	8.13	4.99	11307	18.51	32.64	8.72	4.89	10356	30.21	44.57	8.23	4.99															2018-05-04 19:06:00
04.05.2018	19:12:00	RO_SE_001	3448	254265	177	0	12587	11.51	21.67	9.05	4.97	11171	19.34	33.71	8.16	4.97	12314	12.73	23.85	8.88	4.97	10842	22.84	37.82	8.14	4.99	11308	18.50	32.63	8.71	4.91	10356	30.21	44.57	8.15	4.99															2018-05-04 19:12:00
04.05.2018	19:18:00	RO_SE_001	3447	254266	180	0	12585	11.51	21.68	9.04	4.97	11171	19.34	33.71	8.18	4.94	12314	12.73	23.85	8.88	4.97	10842	22.84	37.82	8.15	4.99	11308	18.50	32.63	8.75	4.89	10356	30.21	44.57	8.2	4.99															2018-05-04 19:18:00
04.05.2018	19:24:00	RO_SE_001	3447	254267	177	0	12584	11.52	21.69	9.05	4.97	11171	19.34	33.71	8.18	4.97	12315	12.73	23.84	8.88	4.97	10842	22.84	37.82	8.14	4.99	11308	18.50	32.63	8.74	4.89	10356	30.21	44.57	8.23	4.99															2018-05-04 19:24:00
04.05.2018	19:30:00	RO_SE_001	3447	254268	183	0	12584	11.52	21.69	9.05	4.97	11172	19.33	33.7	8.18	4.94	12315	12.73	23.84	8.87	4.97	10842	22.84	37.82	8.15	4.99	11308	18.50	32.63	8.76	4.89	10356	30.21	44.57	8.2	4.99															2018-05-04 19:30:00
04.05.2018	19:36:00	RO_SE_001	3447	254269	180	0	12847	10.54	19.87	9.06	4.97	11172	19.33	33.7	8.17	4.97	12316	12.72	23.84	8.89	4.97	10842	22.84	37.82	8.12	4.99	11309	18.50	32.62	8.73	4.89	10357	30.19	44.56	8.22	4.99															2018-05-04 19:36:00
04.05.2018	19:42:00	RO_SE_001	3447	254270	177	0	12846	10.54	19.87	9.05	4.97	11172	19.33	33.7	8.18	4.97	12315	12.73	23.84	8.84	4.97	10842	22.84	37.82	8.13	4.99	11309	18.50	32.62	8.77	4.91	10357	30.19	44.56	8.24	4.99															2018-05-04 19:42:00
04.05.2018	19:48:00	RO_SE_001	3447	254271	177	0	12591	11.49	21.64	9.06	4.97	11172	19.33	33.7	8.2	4.97	12316	12.72	23.84	8.84	4.97	10842	22.84	37.82	8.18	4.99	11310	18.49	32.6	8.73	4.89	10357	30.19	44.56	8.2	4.99															2018-05-04 19:48:00
04.05.2018	19:54:00	RO_SE_001	3447	254272	174	0	12847	10.54	19.87	9.06	4.94	11172	19.33	33.7	8.2	4.97	12317	12.72	23.83	8.88	4.97	10842	22.84	37.82	8.18	4.99	11310	18.49	32.6	8.76	4.91	10357	30.19	44.56	8.19	4.99															2018-05-04 19:54:00
04.05.2018	20:00:00	RO_SE_001	3446	254273	174	0	12592	11.49	21.63	9.05	4.97	11172	19.33	33.7	8.18	4.97	12317	12.72	23.83	8.89	4.97	10842	22.84	37.82	8.18	4.99	11310	18.49	32.6	8.78	4.89	10357	30.19	44.56	8.23	4.99															2018-05-04 20:00:00
04.05.2018	20:06:00	RO_SE_001	3446	254274	180	0	12592	11.49	21.63	9.09	4.94	11173	19.32	33.69	8.17	4.97	12318	12.72	23.82	8.86	4.97	10842	22.84	37.82	8.16	4.99	11311	18.48	32.59	8.72	4.89	10357	30.19	44.56	8.2	4.99															2018-05-04 20:06:00
04.05.2018	20:12:00	RO_SE_001	3446	254275	180	0	12592	11.49	21.63	9.09	4.97	11172	19.33	33.7	8.19	4.97	12318	12.72	23.82	8.85	4.97	10842	22.84	37.82	8.16	4.99	11311	18.48	32.59	8.77	4.91	10357	30.19	44.56	8.2	4.99															2018-05-04 20:12:00
04.05.2018	20:18:00	RO_SE_001	3447	254276	177	0	12592	11.49	21.63	9.08	4.97	11173	19.32	33.69	8.17	4.97	12319	12.71	23.81	8.88	4.97	10843	22.83	37.81	8.16	4.99	11312	18.47	32.58	8.74	4.91	10357	30.19	44.56	8.19	4.99															2018-05-04 20:18:00
04.05.2018	20:24:00	RO_SE_001	3446	254277	180	0	12592	11.49	21.63	9.07	4.97	11172	19.33	33.7	8.16	4.97	12319	12.71	23.81	8.87	4.97	10843	22.83	37.81	8.15	4.99	11312	18.47	32.58	8.8	4.89	10357	30.19	44.56	8.2	4.99															2018-05-04 20:24:00
04.05.2018	20:30:00	RO_SE_001	3445	254278	177	0	12592	11.49	21.63	9.09	4.97	11172	19.33	33.7	8.21	4.97	12320	12.71	23.8	8.9	4.97	10843	22.83	37.81	8.16	4.99	11312	18.47	32.58	8.77	4.89	10358	30.17	44.54	8.22	4.99															2018-05-04 20:30:00
04.05.2018	20:36:00	RO_SE_001	3446	254279	180	0	12848	10.53	19.86	9.08	4.97	11172	19.33	33.7	8.18	4.97	12320	12.71	23.8	8.9	4.97	10843	22.83	37.81	8.16	4.99	11313	18.47	32.57	8.8	4.89	10358	30.17	44.54	8.21	4.99															2018-05-04 20:36:00
04.05.2018	20:42:00	RO_SE_001	3446	254280	177	0	12584	11.52	21.69	9.1	4.94	11173	19.32	33.69	8.19	4.97	12321	12.70	23.8	8.86	4.97	10843	22.83	37.81	8.21	4.99	11313	18.47	32.57	8.77	4.89	10358	30.17	44.54	8.23	4.99															2018-05-04 20:42:00
04.05.2018	20:48:00	RO_SE_001	3446	254281	180	0	12591	11.49	21.64	9.04	4.97	11172	19.33	33.7	8.2	4.94	12321	12.70	23.8	8.9	4.97	10843	22.83	37.81	8.14	4.99	11313	18.47	32.57	8.8	4.91	10358	30.17	44.54	8.22	4.99															2018-05-04 20:48:00
04.05.2018	20:54:00	RO_SE_001	3446	254282	177	0	12851	10.52	19.84	9.06	4.97	11172	19.33	33.7	8.21	4.94	12321	12.70	23.8	8.88	4.97	10844	22.82	37.8	8.15	4.99	11314	18.46	32.56	8.77	4.89	10358	30.17	44.54	8.23	4.99															2018-05-04 20:54:00
04.05.2018	21:00:00	RO_SE_001	3445	254283	177	0	12584	11.52	21.69	9.04	4.97	11172	19.33	33.7	8.17	4.97	12322	12.70	23.79	8.85	4.97	10844	22.82	37.8	8.18	4.99	11314	18.46	32.56	8.74	4.89	10358	30.17	44.54	8.17	4.99															2018-05-04 21:00:00
04.05.2018	21:06:00	RO_SE_001	3444	254284	177	0	12582	11.52	21.71	9.06	4.97	11172	19.33	33.7	8.19	4.97	12322	12.70	23.79	8.86	4.97	10844	22.82	37.8	8.17	4.99	11315	18.45	32.55	8.77	4.89	10358	30.17	44.54	8.2	4.99															2018-05-04 21:06:00
04.05.2018	21:12:00	RO_SE_001	3445	254285	177	0	12582	11.52	21.71	9.08	4.97	11172	19.33	33.7	8.22	4.97	12323	12.69	23.78	8.88	4.97	10844	22.82	37.8	8.18	4.99	11314	18.46	32.56	8.78	4.89	10358	30.17	44.54	8.2	4.99															2018-05-04 21:12:00
04.05.2018	21:18:00	RO_SE_001	3445	254286	177	0	12583	11.52	21.7	9.07	4.97	11172	19.33	33.7	8.2	4.94	12322	12.70	23.79	8.87	4.97	10844	22.82	37.8	8.17	4.99	11314	18.46	32.56	8.79	4.89	10358	30.17	44.54	8.2	4.99															2018-05-04 21:18:00
04.05.2018	21:24:00	RO_SE_001	3445	254287	177	0	12582	11.52	21.71	9.04	4.97	11172	19.33	33.7	8.19	4.97	12323	12.69	23.78	8.89	4.97	10845	22.81	37.79	8.2	4.99	11315	18.45	32.55	8.78	4.89	10358	30.17	44.54	8.21	4.99															2018-05-04 21:24:00
04.05.2018	21:30:00	RO_SE_001	3445	254288	177	0	12589	11.50	21.66	9.05	4.97	11172	19.33	33.7	8.21	4.97	12323	12.69	23.78	8.84	4.97	10845	22.81	37.79	8.17	4.99	11315	18.45	32.55	8.78	4.89	10358	30.17	44.54	8.24	4.99															2018-05-04 21:30:00
04.05.2018	21:36:00	RO_SE_001	3445	254289	177	0	12588	11.50	21.66	9.03	4.94	11172	19.33	33.7	8.19	4.94	12323	12.69	23.78	8.88	4.97	10845	22.81	37.79	8.18	4.99	11316	18.44	32.54	8.81	4.89	10358	30.17	44.54	8.17	4.99															2018-05-04 21:36:00
04.05.2018	21:42:00	RO_SE_001	3445	254290	177	0	12589	11.50	21.66	9.05	4.97	11172	19.33	33.7	8.23	4.94	12324	12.69	23.77	8.85	4.97	10845	22.81	37.79	8.17	4.99	11316	18.44	32.54	8.77	4.89	10359	30.15	44.53	8.2	4.99															2018-05-04 21:42:00
04.05.2018	21:48:00	RO_SE_001	3445	254291	174	0	12588	11.50	21.66	9.06	4.97	11172	19.33	33.7	8.17	4.97	12324	12.69	23.77	8.9	4.97	10845	22.81	37.79	8.17	4.99	11316	18.44	32.54	8.77	4.89	10359	30.15	44.53	8.22	4.99															2018-05-04 21:48:00
04.05.2018	21:54:00	RO_SE_001	3444	254292	174	0	12587	11.51	21.67	9.05	4.94	11172	19.33	33.7	8.17	4.97	12324	12.69	23.77	8.88	4.97	10845	22.81	37.79	8.17	4.99	11317	18.44	32.53	8.79	4.91	10359	30.15	44.53	8.2	4.99															2018-05-04 21:54:00
04.05.2018	22:00:00	RO_SE_001	3445	254293	174	0	12587	11.51	21.67	9.04	4.94	11172	19.33	33.7	8.22	4.97	12325	12.68	23.77	8.84	4.97	10846	22.80	37.78	8.16	4.99	11317	18.44	32.53	8.78	4.89	10359	30.15	44.53	8.23	4.99															2018-05-04 22:00:00
04.05.2018	22:06:00	RO_SE_001	3444	254294	174	0	12589	11.50	21.66	9.05	4.97	11172	19.33	33.7	8.22	4.97	12325	12.68	23.77	8.84	4.97	10846	22.80	37.78	8.17	4.99	11317	18.44	32.53	8.75	4.89	10359	30.15	44.53	8.23	4.99															2018-05-04 22:06:00
04.05.2018	22:12:00	RO_SE_001	3444	254295	171	0	12845	10.55	19.88	9.02	4.97	11172	19.33	33.7	8.21	4.97	12325	12.68	23.77	8.84	4.97	10846	22.80	37.78	8.2	4.99	11318	18.43	32.52	8.74	4.89	10359	30.15	44.53	8.24	4.99															2018-05-04 22:12:00
04.05.2018	22:18:00	RO_SE_001	3444	254296	174	0	12589	11.50	21.66	9.03	4.94	11172	19.33	33.7	8.2	4.97	12326	12.68	23.76	8.84	4.97	10846	22.80	37.78	8.18	4.99	11318	18.43	32.52	8.77	4.89	10359	30.15	44.53	8.2	4.99															2018-05-04 22:18:00
04.05.2018	22:24:00	RO_SE_001	3444	254297	171	0	12589	11.50	21.66	9.01	4.94	11172	19.33	33.7	8.23	4.97	12326	12.68	23.76	8.84	4.97	10846	22.80	37.78	8.18	4.99	11318	18.43	32.52	8.78	4.89	10359	30.15	44.53	8.23	4.99															2018-05-04 22:24:00
04.05.2018	22:30:00	RO_SE_001	3444	254298	171	0	12589	11.50	21.66	9.02	4.97	11172	19.33	33.7	8.23	4.97	12327	12.68	23.75	8.83	4.97	10846	22.80	37.78	8.2	4.99	11319	18.42	32.51	8.77	4.89	10359	30.15	44.53	8.25	4.99															2018-05-04 22:30:00
04.05.2018	22:36:00	RO_SE_001	3444	254299	174	0	12850	10.53	19.85	8.98	4.97	11172	19.33	33.7	8.24	4.97	12327	12.68	23.75	8.84	4.97	10847	22.79	37.77	8.18	4.99	11319	18.42	32.51	8.77	4.89	10359	30.15	44.53	8.23	4.99															2018-05-04 22:36:00
04.05.2018	22:42:00	RO_SE_001	3444	254300	174	0	12589	11.50	21.66	8.99	4.97	11172	19.33	33.7	8.2	4.97	12327	12.68	23.75	8.86	4.97	10847	22.79	37.77	8.17	4.99	11319	18.42	32.51	8.76	4.89	10359	30.15	44.53	8.26	4.99															2018-05-04 22:42:00
04.05.2018	22:48:00	RO_SE_001	3444	254301	174	0	12588	11.50	21.66	8.96	4.94	11172	19.33	33.7	8.2	4.97	12328	12.67	23.74	8.83	4.97	10847	22.79	37.77	8.2	4.99	11320	18.41	32.5	8.77	4.89	10359	30.15	44.53	8.23	4.99															2018-05-04 22:48:00
04.05.2018	22:54:00	RO_SE_001	3444	254302	177	0	12588	11.50	21.66	9.02	4.97	11172	19.33	33.7	8.2	4.97	12328	12.67	23.74	8.84	4.97	10847	22.79	37.77	8.16	4.99	11320	18.41	32.5	8.75	4.89	10359	30.15	44.53	8.23	4.99															2018-05-04 22:54:00
04.05.2018	23:00:00	RO_SE_001	3443	254303	177	0	12846	10.54	19.87	8.98	4.97	11172	19.33	33.7	8.23	4.97	12329	12.67	23.74	8.83	4.97	10847	22.79	37.77	8.18	4.99	11320	18.41	32.5	8.75	4.89	10359	30.15	44.53	8.24	4.99															2018-05-04 23:00:00
04.05.2018	23:06:00	RO_SE_001	3444	254304	177	0	12845	10.55	19.88	8.99	4.94	11172	19.33	33.7	8.23	4.97	12329	12.67	23.74	8.81	4.97	10847	22.79	37.77	8.2	4.99	11321	18.40	32.49	8.73	4.89	10359	30.15	44.53	8.22	4.99															2018-05-04 23:06:00
04.05.2018	23:12:00	RO_SE_001	3443	254305	177	0	12589	11.50	21.66	8.99	4.97	11172	19.33	33.7	8.23	4.97	12323	12.69	23.78	8.82	4.97	10847	22.79	37.77	8.18	4.99	11321	18.40	32.49	8.76	4.89	10359	30.15	44.53	8.23	4.99															2018-05-04 23:12:00
04.05.2018	23:18:00	RO_SE_001	3443	254306	177	0	12588	11.50	21.66	8.97	4.97	11172	19.33	33.7	8.2	4.94	12324	12.69	23.77	8.82	4.97	10847	22.79	37.77	8.16	4.99	11321	18.40	32.49	8.76	4.89	10359	30.15	44.53	8.23	4.99															2018-05-04 23:18:00
04.05.2018	23:24:00	RO_SE_001	3443	254307	177	0	12588	11.50	21.66	8.95	4.97	11172	19.33	33.7	8.22	4.97	12329	12.67	23.74	8.8	4.97	10848	22.77	37.75	8.18	4.99	11321	18.40	32.49	8.77	4.91	10359	30.15	44.53	8.22	4.99															2018-05-04 23:24:00
04.05.2018	23:30:00	RO_SE_001	3443	254308	177	0	12587	11.51	21.67	8.96	4.94	11172	19.33	33.7	8.21	4.97	12330	12.66	23.73	8.82	4.97	10848	22.77	37.75	8.2	4.99	11322	18.40	32.48	8.73	4.89	10360	30.13	44.51	8.21	4.99															2018-05-04 23:30:00
04.05.2018	23:36:00	RO_SE_001	3443	254309	174	0	12851	10.52	19.84	8.95	4.94	11172	19.33	33.7	8.27	4.97	12331	12.66	23.72	8.84	4.97	10848	22.77	37.75	8.22	4.99	11321	18.40	32.49	8.73	4.89	10360	30.13	44.51	8.22	4.99															2018-05-04 23:36:00
04.05.2018	23:42:00	RO_SE_001	3443	254310	177	0	12587	11.51	21.67	8.94	4.94	11171	19.34	33.71	8.21	4.97	12330	12.66	23.73	8.77	4.97	10848	22.77	37.75	8.17	4.99	11321	18.40	32.49	8.77	4.91	10360	30.13	44.51	8.21	4.99															2018-05-04 23:42:00
04.05.2018	23:48:00	RO_SE_001	3443	254311	177	0	12587	11.51	21.67	8.95	4.97	11172	19.33	33.7	8.21	4.97	12331	12.66	23.72	8.79	4.97	10848	22.77	37.75	8.2	4.99	11322	18.40	32.48	8.77	4.89	10360	30.13	44.51	8.27	4.99															2018-05-04 23:48:00
04.05.2018	23:54:00	RO_SE_001	3443	254312	177	0	12587	11.51	21.67	8.94	4.97	11171	19.34	33.71	8.2	4.97	12331	12.66	23.72	8.77	4.97	10848	22.77	37.75	8.15	4.99	11322	18.40	32.48	8.73	4.91	10360	30.13	44.51	8.22	4.99															2018-05-04 23:54:00
