01.05.2018	00:00:00	RO_SE_001	3494	253353	168	0	12370	12.40	23.28	9.92	4.97	10959	21.22	36.01	8.94	4.97	11917	14.70	27.1	9.67	4.97	10723	24.17	39.22	8.8	4.99	11062	20.58	35.25	9.64	4.91	10299	31.27	45.38	8.88	4.99															2018-05-01 00:00:00
01.05.2018	00:06:00	RO_SE_001	3494	253354	168	0	12370	12.40	23.28	9.92	4.97	10959	21.22	36.01	8.9	4.97	11918	14.69	27.09	9.66	4.97	10724	24.16	39.21	8.8	4.99	11062	20.58	35.25	9.6	4.89	10300	31.25	45.36	8.88	4.99															2018-05-01 00:06:00
01.05.2018	00:12:00	RO_SE_001	3494	253355	171	0	12370	12.40	23.28	9.91	4.97	10960	21.21	35.99	8.9	4.97	11919	14.69	27.08	9.67	4.97	10723	24.17	39.22	8.8	4.99	11062	20.58	35.25	9.6	4.91	10299	31.27	45.38	8.93	4.99															2018-05-01 00:12:00
01.05.2018	00:18:00	RO_SE_001	3494	253356	177	0	12371	12.40	23.27	9.88	4.97	10960	21.21	35.99	8.92	4.97	11920	14.68	27.08	9.67	4.97	10723	24.17	39.22	8.81	4.99	11063	20.57	35.23	9.59	4.89	10299	31.27	45.38	8.88	4.99															2018-05-01 00:18:00
01.05.2018	00:24:00	RO_SE_001	3494	253357	171	0	12371	12.40	23.27	9.88	4.94	10960	21.21	35.99	8.9	4.97	11920	14.68	27.08	9.64	4.97	10723	24.17	39.22	8.79	4.99	11063	20.57	35.23	9.61	4.91	10300	31.25	45.36	8.91	4.99															2018-05-01 00:24:00
01.05.2018	00:30:00	RO_SE_001	3494	253358	171	0	12371	12.40	23.27	9.92	4.97	10960	21.21	35.99	8.95	4.97	11921	14.68	27.07	9.66	4.97	10723	24.17	39.22	8.77	4.99	11063	20.57	35.23	9.6	4.89	10300	31.25	45.36	8.93	4.99															2018-05-01 00:30:00
01.05.2018	00:36:00	RO_SE_001	3493	253359	180	0	12371	12.40	23.27	9.89	4.97	10960	21.21	35.99	8.92	4.97	11921	14.68	27.07	9.6	4.97	10723	24.17	39.22	8.81	4.99	11063	20.57	35.23	9.63	4.89	10300	31.25	45.36	8.89	4.99															2018-05-01 00:36:00
01.05.2018	00:42:00	RO_SE_001	3494	253360	168	0	12371	12.40	23.27	9.87	4.97	10960	21.21	35.99	8.91	4.97	11921	14.68	27.07	9.67	4.97	10724	24.16	39.21	8.84	4.99	11064	20.56	35.22	9.58	4.91	10300	31.25	45.36	8.88	4.99															2018-05-01 00:42:00
01.05.2018	00:48:00	RO_SE_001	3493	253361	168	0	12372	12.39	23.26	9.86	4.97	10960	21.21	35.99	8.88	4.97	11922	14.67	27.06	9.66	4.97	10724	24.16	39.21	8.79	4.99	11064	20.56	35.22	9.57	4.91	10300	31.25	45.36	8.93	4.99															2018-05-01 00:48:00
01.05.2018	00:54:00	RO_SE_001	3493	253362	174	0	12372	12.39	23.26	9.88	4.97	10959	21.22	36.01	8.88	4.97	11922	14.67	27.06	9.6	4.97	10724	24.16	39.21	8.79	4.99	11064	20.56	35.22	9.59	4.89	10300	31.25	45.36	8.88	4.99															2018-05-01 00:54:00
01.05.2018	01:00:00	RO_SE_001	3493	253363	180	0	12372	12.39	23.26	9.84	4.97	10959	21.22	36.01	8.91	4.97	11922	14.67	27.06	9.61	4.97	10724	24.16	39.21	8.77	4.99	11064	20.56	35.22	9.6	4.89	10300	31.25	45.36	8.91	4.99															2018-05-01 01:00:00
01.05.2018	01:06:00	RO_SE_001	3493	253364	174	0	12372	12.39	23.26	9.83	4.97	10960	21.21	35.99	8.9	4.97	11923	14.67	27.05	9.59	4.97	10724	24.16	39.21	8.8	4.99	11065	20.55	35.21	9.57	4.89	10300	31.25	45.36	8.89	4.99															2018-05-01 01:06:00
01.05.2018	01:12:00	RO_SE_001	3493	253365	186	0	12373	12.39	23.25	9.82	4.97	10961	21.20	35.98	8.9	4.97	11922	14.67	27.06	9.56	4.97	10724	24.16	39.21	8.76	4.99	11065	20.55	35.21	9.59	4.89	10300	31.25	45.36	8.89	4.99															2018-05-01 01:12:00
01.05.2018	01:18:00	RO_SE_001	3493	253366	171	0	12373	12.39	23.25	9.81	4.97	10960	21.21	35.99	8.9	4.94	11922	14.67	27.06	9.56	4.97	10724	24.16	39.21	8.81	4.99	11065	20.55	35.21	9.55	4.89	10300	31.25	45.36	8.91	4.99															2018-05-01 01:18:00
01.05.2018	01:24:00	RO_SE_001	3493	253367	177	0	12373	12.39	23.25	9.8	4.97	10961	21.20	35.98	8.92	4.94	11923	14.67	27.05	9.6	4.97	10724	24.16	39.21	8.78	4.99	11065	20.55	35.21	9.55	4.91	10300	31.25	45.36	8.9	4.99															2018-05-01 01:24:00
01.05.2018	01:30:00	RO_SE_001	3493	253368	183	0	12373	12.39	23.25	9.81	4.97	10960	21.21	35.99	8.89	4.97	11923	14.67	27.05	9.55	4.97	10724	24.16	39.21	8.78	4.99	11066	20.54	35.2	9.56	4.89	10300	31.25	45.36	8.89	4.99															2018-05-01 01:30:00
01.05.2018	01:36:00	RO_SE_001	3492	253369	174	0	12373	12.39	23.25	9.79	4.97	10960	21.21	35.99	8.91	4.97	11924	14.66	27.04	9.56	4.97	10724	24.16	39.21	8.8	4.99	11066	20.54	35.2	9.56	4.89	10300	31.25	45.36	8.89	4.99															2018-05-01 01:36:00
01.05.2018	01:42:00	RO_SE_001	3493	253370	174	0	12374	12.39	23.25	9.79	4.97	10961	21.20	35.98	8.91	4.97	11925	14.65	27.03	9.56	4.97	10725	24.15	39.2	8.79	4.99	11066	20.54	35.2	9.56	4.91	10300	31.25	45.36	8.91	4.99															2018-05-01 01:42:00
01.05.2018	01:48:00	RO_SE_001	3493	253371	180	0	12374	12.39	23.25	9.81	4.97	10961	21.20	35.98	8.89	4.97	11926	14.65	27.02	9.55	4.97	10725	24.15	39.2	8.79	4.99	11067	20.53	35.19	9.55	4.89	10300	31.25	45.36	8.91	4.99															2018-05-01 01:48:00
01.05.2018	01:54:00	RO_SE_001	3493	253372	180	0	12374	12.39	23.25	9.77	4.97	10960	21.21	35.99	8.94	4.97	11926	14.65	27.02	9.57	4.97	10725	24.15	39.2	8.81	4.99	11067	20.53	35.19	9.54	4.89	10300	31.25	45.36	8.89	4.99															2018-05-01 01:54:00
01.05.2018	02:00:00	RO_SE_001	3493	253373	171	0	12374	12.39	23.25	9.77	4.97	10959	21.22	36.01	8.93	4.97	11926	14.65	27.02	9.53	4.97	10725	24.15	39.2	8.78	4.99	11067	20.53	35.19	9.52	4.89	10300	31.25	45.36	8.88	4.99															2018-05-01 02:00:00
01.05.2018	02:06:00	RO_SE_001	3492	253374	171	0	12375	12.38	23.24	9.77	4.97	10961	21.20	35.98	8.92	4.97	11927	14.64	27.02	9.53	4.97	10725	24.15	39.2	8.81	4.99	11067	20.53	35.19	9.55	4.89	10300	31.25	45.36	8.89	4.99															2018-05-01 02:06:00
01.05.2018	02:12:00	RO_SE_001	3493	253375	171	0	12375	12.38	23.24	9.73	4.97	10961	21.20	35.98	8.91	4.97	11927	14.64	27.02	9.57	4.97	10725	24.15	39.2	8.8	4.99	11068	20.52	35.18	9.53	4.91	10300	31.25	45.36	8.91	4.99															2018-05-01 02:12:00
01.05.2018	02:18:00	RO_SE_001	3492	253376	168	0	12375	12.38	23.24	9.73	4.97	10962	21.19	35.97	8.89	4.97	11927	14.64	27.02	9.53	4.97	10725	24.15	39.2	8.79	4.99	11068	20.52	35.18	9.48	4.91	10300	31.25	45.36	8.94	4.99															2018-05-01 02:18:00
01.05.2018	02:24:00	RO_SE_001	3491	253377	180	0	12376	12.38	23.23	9.71	4.97	10961	21.20	35.98	8.91	4.97	11928	14.64	27.01	9.5	4.97	10725	24.15	39.2	8.81	4.99	11068	20.52	35.18	9.52	4.89	10300	31.25	45.36	8.91	4.99															2018-05-01 02:24:00
01.05.2018	02:30:00	RO_SE_001	3492	253378	171	0	12376	12.38	23.23	9.73	4.97	10961	21.20	35.98	8.9	4.97	11929	14.63	27.0	9.52	4.97	10726	24.14	39.18	8.8	4.99	11068	20.52	35.18	9.52	4.89	10300	31.25	45.36	8.9	4.99															2018-05-01 02:30:00
01.05.2018	02:36:00	RO_SE_001	3492	253379	168	0	12376	12.38	23.23	9.68	4.97	10961	21.20	35.98	8.89	4.97	11929	14.63	27.0	9.5	4.97	10726	24.14	39.18	8.8	4.99	11068	20.52	35.18	9.48	4.89	10300	31.25	45.36	8.88	4.99															2018-05-01 02:36:00
01.05.2018	02:42:00	RO_SE_001	3492	253380	174	0	12376	12.38	23.23	9.69	4.97	10962	21.19	35.97	8.9	4.97	11930	14.63	26.99	9.45	4.97	10726	24.14	39.18	8.78	4.99	11068	20.52	35.18	9.49	4.91	10300	31.25	45.36	8.91	4.99															2018-05-01 02:42:00
01.05.2018	02:48:00	RO_SE_001	3492	253381	177	0	12376	12.38	23.23	9.67	4.97	10962	21.19	35.97	8.89	4.97	11929	14.63	27.0	9.45	4.97	10726	24.14	39.18	8.8	4.99	11068	20.52	35.18	9.46	4.89	10300	31.25	45.36	8.92	5.02															2018-05-01 02:48:00
01.05.2018	02:54:00	RO_SE_001	3492	253382	120	0	12377	12.37	23.22	9.7	4.97	10963	21.18	35.96	8.93	4.97	11929	14.63	27.0	9.5	4.97	10726	24.14	39.18	8.79	4.99	11069	20.51	35.17	9.52	4.89	10300	31.25	45.36	8.91	4.99															2018-05-01 02:54:00
01.05.2018	03:00:00	RO_SE_001	3492	253383	177	0	12377	12.37	23.22	9.73	4.97	10963	21.18	35.96	8.92	4.97	11930	14.63	26.99	9.48	4.97	10726	24.14	39.18	8.77	4.99	11069	20.51	35.17	9.49	4.89	10300	31.25	45.36	8.89	4.99															2018-05-01 03:00:00
01.05.2018	03:06:00	RO_SE_001	3492	253384	168	0	12377	12.37	23.22	9.68	4.97	10963	21.18	35.96	8.91	4.97	11930	14.63	26.99	9.45	4.97	10726	24.14	39.18	8.81	4.99	11069	20.51	35.17	9.44	4.89	10300	31.25	45.36	8.9	4.99															2018-05-01 03:06:00
01.05.2018	03:12:00	RO_SE_001	3492	253385	177	0	12377	12.37	23.22	9.66	4.97	10963	21.18	35.96	8.91	4.97	11931	14.62	26.98	9.45	4.97	10726	24.14	39.18	8.79	4.99	11070	20.51	35.16	9.47	4.89	10300	31.25	45.36	8.92	4.99															2018-05-01 03:12:00
01.05.2018	03:18:00	RO_SE_001	3491	253386	168	0	12377	12.37	23.22	9.66	4.97	10963	21.18	35.96	8.93	4.97	11931	14.62	26.98	9.45	4.97	10726	24.14	39.18	8.78	4.99	11070	20.51	35.16	9.44	4.91	10300	31.25	45.36	8.92	4.99															2018-05-01 03:18:00
01.05.2018	03:30:00	RO_SE_001	3491	253388	177	0	12377	12.37	23.22	9.64	4.97	10964	21.17	35.95	8.9	4.97	11932	14.62	26.97	9.41	4.97	10727	24.13	39.17	8.79	4.99	11071	20.50	35.15	9.43	4.89	10301	31.23	45.35	8.91	4.99															2018-05-01 03:30:00
01.05.2018	03:36:00	RO_SE_001	3491	253389	177	0	12377	12.37	23.22	9.59	4.97	10964	21.17	35.95	8.89	4.97	11932	14.62	26.97	9.44	4.97	10727	24.13	39.17	8.8	4.99	11071	20.50	35.15	9.45	4.89	10301	31.23	45.35	8.91	4.99															2018-05-01 03:36:00
01.05.2018	03:48:00	RO_SE_001	3490	253391	168	0	12378	12.37	23.21	9.63	4.97	10965	21.16	35.94	8.91	4.97	11933	14.61	26.96	9.42	4.97	10727	24.13	39.17	8.83	4.99	11072	20.49	35.14	9.43	4.89	10301	31.23	45.35	8.91	4.99															2018-05-01 03:48:00
01.05.2018	03:54:00	RO_SE_001	3490	253392	180	0	12378	12.37	23.21	9.59	4.97	10965	21.16	35.94	8.9	4.97	11933	14.61	26.96	9.41	4.97	10727	24.13	39.17	8.8	4.99	11072	20.49	35.14	9.45	4.89	10301	31.23	45.35	8.95	4.99															2018-05-01 03:54:00
01.05.2018	04:00:00	RO_SE_001	3490	253393	180	0	12378	12.37	23.21	9.58	4.94	10965	21.16	35.94	8.91	4.97	11934	14.61	26.96	9.4	4.97	10727	24.13	39.17	8.78	4.99	11072	20.49	35.14	9.42	4.91	10301	31.23	45.35	8.91	4.99															2018-05-01 04:00:00
01.05.2018	04:06:00	RO_SE_001	3490	253394	180	0	12379	12.36	23.21	9.57	4.97	10965	21.16	35.94	8.91	4.97	11935	14.60	26.95	9.38	4.97	10727	24.13	39.17	8.78	4.99	11073	20.48	35.12	9.41	4.91	10301	31.23	45.35	8.91	4.99															2018-05-01 04:06:00
01.05.2018	04:12:00	RO_SE_001	3490	253395	180	0	12379	12.36	23.21	9.55	4.97	10965	21.16	35.94	8.9	4.97	11935	14.60	26.95	9.39	4.97	10728	24.11	39.16	8.8	4.99	11073	20.48	35.12	9.41	4.89	10301	31.23	45.35	8.92	4.99															2018-05-01 04:12:00
01.05.2018	04:18:00	RO_SE_001	3490	253396	180	0	12379	12.36	23.21	9.54	4.97	10965	21.16	35.94	8.91	4.97	11936	14.59	26.94	9.4	4.97	10728	24.11	39.16	8.8	4.99	11073	20.48	35.12	9.4	4.91	10301	31.23	45.35	8.9	4.99															2018-05-01 04:18:00
01.05.2018	04:24:00	RO_SE_001	3490	253397	180	0	12379	12.36	23.21	9.58	4.97	10965	21.16	35.94	8.91	4.97	11936	14.59	26.94	9.4	4.97	10728	24.11	39.16	8.81	4.99	11073	20.48	35.12	9.38	4.91	10301	31.23	45.35	8.91	4.99															2018-05-01 04:24:00
01.05.2018	04:30:00	RO_SE_001	3419	253398	0	0	12380	12.36	23.2	9.55	4.97	10965	21.16	35.94	8.88	4.94	11936	14.59	26.94	9.36	4.97	10728	24.11	39.16	8.81	4.99	11074	20.47	35.11	9.42	4.89	10301	31.23	45.35	8.89	4.99															2018-05-01 04:30:00
01.05.2018	04:36:00	RO_SE_001	3488	253399	177	0	12380	12.36	23.2	9.55	4.97	10965	21.16	35.94	8.92	4.97	11936	14.59	26.94	9.38	4.97	10728	24.11	39.16	8.79	4.99	11074	20.47	35.11	9.37	4.91	10301	31.23	45.35	8.88	4.99															2018-05-01 04:36:00
01.05.2018	04:42:00	RO_SE_001	3488	253400	153	0	12380	12.36	23.2	9.57	4.97	10965	21.16	35.94	8.9	4.97	11937	14.59	26.93	9.35	4.97	10728	24.11	39.16	8.79	4.99	11074	20.47	35.11	9.35	4.89	10301	31.23	45.35	8.87	4.99															2018-05-01 04:42:00
01.05.2018	04:48:00	RO_SE_001	3489	253401	168	0	12380	12.36	23.2	9.51	4.97	10966	21.15	35.93	8.88	4.97	11937	14.59	26.93	9.31	4.97	10728	24.11	39.16	8.8	4.99	11074	20.47	35.11	9.38	4.89	10301	31.23	45.35	8.89	4.99															2018-05-01 04:48:00
01.05.2018	04:54:00	RO_SE_001	3490	253402	177	0	12381	12.35	23.19	9.52	4.97	10966	21.15	35.93	8.9	4.97	11937	14.59	26.93	9.34	4.97	10728	24.11	39.16	8.77	4.99	11075	20.46	35.1	9.38	4.91	10301	31.23	45.35	8.85	4.99															2018-05-01 04:54:00
01.05.2018	05:00:00	RO_SE_001	3490	253403	183	0	12381	12.35	23.19	9.53	4.97	10965	21.16	35.94	8.88	4.97	11938	14.58	26.92	9.34	4.97	10728	24.11	39.16	8.84	4.99	11075	20.46	35.1	9.34	4.89	10301	31.23	45.35	8.89	4.99															2018-05-01 05:00:00
01.05.2018	05:06:00	RO_SE_001	3490	253404	177	0	12381	12.35	23.19	9.46	4.97	10966	21.15	35.93	8.91	4.97	11938	14.58	26.92	9.34	4.97	10729	24.10	39.15	8.8	4.99	11075	20.46	35.1	9.39	4.91	10301	31.23	45.35	8.87	4.99															2018-05-01 05:06:00
01.05.2018	05:12:00	RO_SE_001	3490	253405	177	0	12381	12.35	23.19	9.48	4.97	10964	21.17	35.95	8.88	4.97	11938	14.58	26.92	9.33	4.97	10729	24.10	39.15	8.78	4.99	11075	20.46	35.1	9.34	4.89	10301	31.23	45.35	8.87	4.99															2018-05-01 05:12:00
01.05.2018	05:18:00	RO_SE_001	3489	253406	168	0	12381	12.35	23.19	9.45	4.97	10966	21.15	35.93	8.88	4.94	11939	14.58	26.91	9.3	4.97	10729	24.10	39.15	8.79	4.99	11076	20.45	35.09	9.34	4.91	10301	31.23	45.35	8.87	4.99															2018-05-01 05:18:00
01.05.2018	05:24:00	RO_SE_001	3490	253407	177	0	12382	12.35	23.18	9.46	4.97	10966	21.15	35.93	8.88	4.97	11939	14.58	26.91	9.28	4.97	10729	24.10	39.15	8.78	4.99	11075	20.46	35.1	9.34	4.89	10301	31.23	45.35	8.91	4.99															2018-05-01 05:24:00
01.05.2018	05:30:00	RO_SE_001	3490	253408	174	0	12382	12.35	23.18	9.48	4.97	10966	21.15	35.93	8.9	4.97	11940	14.57	26.9	9.32	4.97	10729	24.10	39.15	8.79	4.99	11075	20.46	35.1	9.32	4.89	10301	31.23	45.35	8.88	4.99															2018-05-01 05:30:00
01.05.2018	05:36:00	RO_SE_001	3489	253409	168	0	12382	12.35	23.18	9.45	4.94	10966	21.15	35.93	8.91	4.97	11940	14.57	26.9	9.27	4.97	10729	24.10	39.15	8.77	4.99	11075	20.46	35.1	9.31	4.89	10301	31.23	45.35	8.86	4.99															2018-05-01 05:36:00
01.05.2018	05:42:00	RO_SE_001	3489	253410	168	0	12382	12.35	23.18	9.47	4.97	10966	21.15	35.93	8.91	4.97	11941	14.57	26.89	9.26	4.97	10729	24.10	39.15	8.8	4.99	11076	20.45	35.09	9.3	4.89	10301	31.23	45.35	8.88	4.99															2018-05-01 05:42:00
01.05.2018	05:48:00	RO_SE_001	3489	253411	168	0	12383	12.35	23.18	9.45	4.94	10966	21.15	35.93	8.88	4.97	11940	14.57	26.9	9.27	4.97	10729	24.10	39.15	8.81	4.99	11076	20.45	35.09	9.3	4.89	10301	31.23	45.35	8.89	4.99															2018-05-01 05:48:00
01.05.2018	05:54:00	RO_SE_001	3489	253412	165	0	12383	12.35	23.18	9.41	4.97	10966	21.15	35.93	8.92	4.97	11941	14.57	26.89	9.23	4.97	10729	24.10	39.15	8.81	4.99	11076	20.45	35.09	9.31	4.89	10301	31.23	45.35	8.9	4.99															2018-05-01 05:54:00
01.05.2018	06:00:00	RO_SE_001	3489	253413	177	0	12383	12.35	23.18	9.4	4.97	10966	21.15	35.93	8.88	4.97	11942	14.56	26.89	9.24	4.97	10729	24.10	39.15	8.8	4.99	11076	20.45	35.09	9.27	4.89	10301	31.23	45.35	8.83	4.99															2018-05-01 06:00:00
01.05.2018	06:06:00	RO_SE_001	3489	253414	168	0	12383	12.35	23.18	9.45	4.97	10966	21.15	35.93	8.88	4.97	11942	14.56	26.89	9.25	4.97	10730	24.09	39.14	8.77	4.99	11077	20.44	35.08	9.27	4.89	10301	31.23	45.35	8.88	4.99															2018-05-01 06:06:00
01.05.2018	06:12:00	RO_SE_001	3489	253415	186	0	12384	12.34	23.17	9.41	4.97	10967	21.14	35.92	8.89	4.97	11943	14.56	26.88	9.22	4.97	10730	24.09	39.14	8.77	4.99	11076	20.45	35.09	9.28	4.89	10301	31.23	45.35	8.88	4.99															2018-05-01 06:12:00
01.05.2018	06:18:00	RO_SE_001	3489	253416	174	0	12384	12.34	23.17	9.36	4.97	10967	21.14	35.92	8.91	4.97	11943	14.56	26.88	9.22	4.97	10730	24.09	39.14	8.77	4.99	11076	20.45	35.09	9.27	4.89	10301	31.23	45.35	8.9	4.99															2018-05-01 06:18:00
01.05.2018	06:24:00	RO_SE_001	3488	253417	168	0	12384	12.34	23.17	9.35	4.97	10966	21.15	35.93	8.9	4.97	11943	14.56	26.88	9.25	4.97	10730	24.09	39.14	8.79	4.99	11075	20.46	35.1	9.26	4.91	10301	31.23	45.35	8.88	4.99															2018-05-01 06:24:00
01.05.2018	06:30:00	RO_SE_001	3488	253418	168	0	12384	12.34	23.17	9.34	4.97	10967	21.14	35.92	8.88	4.97	11943	14.56	26.88	9.18	4.97	10730	24.09	39.14	8.77	4.99	11075	20.46	35.1	9.23	4.89	10301	31.23	45.35	8.88	4.99															2018-05-01 06:30:00
01.05.2018	06:36:00	RO_SE_001	3488	253419	171	0	12385	12.34	23.16	9.34	4.97	10967	21.14	35.92	8.87	4.97	11944	14.55	26.87	9.2	4.97	10730	24.09	39.14	8.77	4.99	11076	20.45	35.09	9.27	4.89	10301	31.23	45.35	8.87	4.99															2018-05-01 06:36:00
01.05.2018	06:42:00	RO_SE_001	3488	253420	177	0	12385	12.34	23.16	9.31	4.97	10966	21.15	35.93	8.91	4.97	11944	14.55	26.87	9.17	4.97	10730	24.09	39.14	8.77	4.99	11076	20.45	35.09	9.26	4.91	10301	31.23	45.35	8.85	4.99															2018-05-01 06:42:00
01.05.2018	06:48:00	RO_SE_001	3488	253421	168	0	12385	12.34	23.16	9.32	4.97	10966	21.15	35.93	8.86	4.97	11944	14.55	26.87	9.16	4.97	10730	24.09	39.14	8.76	4.99	11076	20.45	35.09	9.25	4.89	10301	31.23	45.35	8.9	4.99															2018-05-01 06:48:00
01.05.2018	06:54:00	RO_SE_001	3488	253422	168	0	12385	12.34	23.16	9.31	4.97	10967	21.14	35.92	8.87	4.97	11945	14.55	26.86	9.17	4.97	10729	24.10	39.15	8.78	4.99	11076	20.45	35.09	9.22	4.89	10301	31.23	45.35	8.86	4.99															2018-05-01 06:54:00
01.05.2018	07:00:00	RO_SE_001	3488	253423	168	0	12384	12.34	23.17	9.29	4.97	10967	21.14	35.92	8.89	4.97	11945	14.55	26.86	9.15	4.97	10730	24.09	39.14	8.76	4.99	11076	20.45	35.09	9.22	4.89	10301	31.23	45.35	8.88	4.99															2018-05-01 07:00:00
01.05.2018	07:06:00	RO_SE_001	3488	253424	174	0	12385	12.34	23.16	9.29	4.97	10966	21.15	35.93	8.87	4.97	11946	14.54	26.85	9.13	4.97	10730	24.09	39.14	8.79	4.99	11077	20.44	35.08	9.21	4.89	10302	31.22	45.34	8.87	4.99															2018-05-01 07:06:00
01.05.2018	07:12:00	RO_SE_001	3486	253425	171	0	12385	12.34	23.16	9.32	4.97	10967	21.14	35.92	8.89	4.97	11946	14.54	26.85	9.14	4.97	10730	24.09	39.14	8.77	4.99	11077	20.44	35.08	9.19	4.89	10302	31.22	45.34	8.88	4.99															2018-05-01 07:12:00
01.05.2018	07:18:00	RO_SE_001	3487	253426	171	0	12385	12.34	23.16	9.29	4.97	10967	21.14	35.92	8.85	4.97	11946	14.54	26.85	9.13	4.97	10730	24.09	39.14	8.77	4.99	11077	20.44	35.08	9.2	4.89	10302	31.22	45.34	8.88	4.99															2018-05-01 07:18:00
01.05.2018	07:24:00	RO_SE_001	3487	253427	177	0	12385	12.34	23.16	9.25	4.97	10967	21.14	35.92	8.84	4.97	11947	14.54	26.84	9.1	4.97	10731	24.08	39.12	8.77	4.99	11078	20.43	35.07	9.2	4.89	10302	31.22	45.34	8.87	4.99															2018-05-01 07:24:00
01.05.2018	07:30:00	RO_SE_001	3486	253428	171	0	12386	12.33	23.15	9.28	4.97	10966	21.15	35.93	8.88	4.97	11947	14.54	26.84	9.1	4.97	10730	24.09	39.14	8.76	4.99	11078	20.43	35.07	9.18	4.89	10302	31.22	45.34	8.85	4.99															2018-05-01 07:30:00
01.05.2018	07:36:00	RO_SE_001	3486	253429	177	0	12386	12.33	23.15	9.26	4.97	10967	21.14	35.92	8.88	4.97	11948	14.53	26.83	9.09	4.97	10730	24.09	39.14	8.77	4.99	11078	20.43	35.07	9.2	4.91	10302	31.22	45.34	8.84	4.99															2018-05-01 07:36:00
01.05.2018	07:42:00	RO_SE_001	3486	253430	177	0	12386	12.33	23.15	9.21	4.97	10967	21.14	35.92	8.87	4.97	11948	14.53	26.83	9.09	4.97	10730	24.09	39.14	8.77	4.99	11078	20.43	35.07	9.14	4.91	10302	31.22	45.34	8.89	4.99															2018-05-01 07:42:00
01.05.2018	07:48:00	RO_SE_001	3486	253431	180	0	12387	12.33	23.15	9.2	4.97	10967	21.14	35.92	8.88	4.97	11948	14.53	26.83	9.09	4.97	10730	24.09	39.14	8.77	4.99	11078	20.43	35.07	9.15	4.91	10302	31.22	45.34	8.86	4.99															2018-05-01 07:48:00
01.05.2018	07:54:00	RO_SE_001	3486	253432	180	0	12387	12.33	23.15	9.21	4.97	10968	21.13	35.91	8.86	4.97	11949	14.52	26.83	9.05	4.97	10730	24.09	39.14	8.78	4.99	11079	20.42	35.06	9.16	4.89	10302	31.22	45.34	8.84	4.99															2018-05-01 07:54:00
01.05.2018	08:00:00	RO_SE_001	3486	253433	168	0	12387	12.33	23.15	9.21	4.97	10968	21.13	35.91	8.87	4.97	11949	14.52	26.83	9.09	4.97	10731	24.08	39.12	8.77	4.99	11079	20.42	35.06	9.13	4.89	10302	31.22	45.34	8.86	4.99															2018-05-01 08:00:00
01.05.2018	08:06:00	RO_SE_001	3486	253434	177	0	12387	12.33	23.15	9.14	4.97	10968	21.13	35.91	8.84	4.94	11950	14.52	26.82	9.09	4.97	10731	24.08	39.12	8.77	4.99	11080	20.41	35.05	9.15	4.89	10302	31.22	45.34	8.85	4.99															2018-05-01 08:06:00
01.05.2018	08:12:00	RO_SE_001	3486	253435	180	0	12388	12.32	23.14	9.21	4.97	10968	21.13	35.91	8.84	4.94	11950	14.52	26.82	9.04	4.97	10731	24.08	39.12	8.73	4.99	11080	20.41	35.05	9.14	4.89	10302	31.22	45.34	8.87	4.99															2018-05-01 08:12:00
01.05.2018	08:18:00	RO_SE_001	3486	253436	165	0	12388	12.32	23.14	9.16	4.94	10968	21.13	35.91	8.86	4.97	11951	14.51	26.81	9.03	4.97	10731	24.08	39.12	8.77	4.99	11080	20.41	35.05	9.09	4.89	10302	31.22	45.34	8.88	4.99															2018-05-01 08:18:00
01.05.2018	08:24:00	RO_SE_001	3486	253437	168	0	12388	12.32	23.14	9.18	4.97	10969	21.13	35.89	8.84	4.97	11951	14.51	26.81	9.03	4.97	10731	24.08	39.12	8.77	4.99	11080	20.41	35.05	9.08	4.91	10302	31.22	45.34	8.85	4.99															2018-05-01 08:24:00
01.05.2018	08:30:00	RO_SE_001	3486	253438	177	0	12389	12.32	23.13	9.15	4.94	10969	21.13	35.89	8.87	4.97	11950	14.52	26.82	9.06	4.97	10731	24.08	39.12	8.73	4.99	11081	20.41	35.04	9.1	4.89	10302	31.22	45.34	8.87	4.99															2018-05-01 08:30:00
01.05.2018	08:36:00	RO_SE_001	3486	253439	177	0	12389	12.32	23.13	9.16	4.97	10969	21.13	35.89	8.84	4.97	11951	14.51	26.81	9.02	4.97	10731	24.08	39.12	8.77	4.99	11081	20.41	35.04	9.11	4.89	10302	31.22	45.34	8.83	4.99															2018-05-01 08:36:00
01.05.2018	08:42:00	RO_SE_001	3486	253440	177	0	12389	12.32	23.13	9.11	4.97	10969	21.13	35.89	8.84	4.97	11951	14.51	26.81	8.98	4.97	10731	24.08	39.12	8.74	4.99	11081	20.41	35.04	9.1	4.89	10302	31.22	45.34	8.84	4.99															2018-05-01 08:42:00
01.05.2018	08:48:00	RO_SE_001	3485	253441	177	0	12390	12.32	23.12	9.09	4.97	10969	21.13	35.89	8.83	4.97	11952	14.51	26.8	8.99	4.97	10732	24.07	39.11	8.75	4.99	11081	20.41	35.04	9.1	4.89	10302	31.22	45.34	8.85	4.99															2018-05-01 08:48:00
01.05.2018	08:54:00	RO_SE_001	3485	253442	180	0	12390	12.32	23.12	9.13	4.94	10969	21.13	35.89	8.85	4.97	11952	14.51	26.8	8.99	4.97	10732	24.07	39.11	8.74	4.99	11082	20.40	35.03	9.09	4.89	10302	31.22	45.34	8.85	4.99															2018-05-01 08:54:00
01.05.2018	09:00:00	RO_SE_001	3486	253443	168	0	12391	12.31	23.12	9.09	4.97	10970	21.12	35.88	8.87	4.97	11953	14.50	26.79	9.01	4.97	10732	24.07	39.11	8.75	4.99	11082	20.40	35.03	9.07	4.89	10302	31.22	45.34	8.83	4.99															2018-05-01 09:00:00
01.05.2018	09:06:00	RO_SE_001	3485	253444	168	0	12391	12.31	23.12	9.11	4.97	10970	21.12	35.88	8.84	4.97	11953	14.50	26.79	8.95	4.97	10732	24.07	39.11	8.73	4.99	11082	20.40	35.03	9.08	4.89	10303	31.20	45.32	8.82	4.99															2018-05-01 09:06:00
01.05.2018	09:12:00	RO_SE_001	3486	253445	180	0	12391	12.31	23.12	9.09	4.97	10971	21.11	35.87	8.86	4.97	11954	14.50	26.78	8.98	4.97	10732	24.07	39.11	8.74	4.99	11082	20.40	35.03	9.05	4.89	10303	31.20	45.32	8.84	4.99															2018-05-01 09:12:00
01.05.2018	09:18:00	RO_SE_001	3485	253446	177	0	12391	12.31	23.12	9.11	4.97	10971	21.11	35.87	8.83	4.97	11955	14.49	26.77	8.96	4.97	10732	24.07	39.11	8.77	4.99	11082	20.40	35.03	9.05	4.89	10303	31.20	45.32	8.84	4.99															2018-05-01 09:18:00
01.05.2018	09:24:00	RO_SE_001	3486	253447	177	0	12392	12.31	23.11	9.1	4.97	10971	21.11	35.87	8.84	4.97	11955	14.49	26.77	8.96	4.97	10732	24.07	39.11	8.73	4.99	11083	20.39	35.02	9.06	4.89	10303	31.20	45.32	8.82	4.99															2018-05-01 09:24:00
01.05.2018	09:30:00	RO_SE_001	3486	253448	159	0	12391	12.31	23.12	9.11	4.97	10971	21.11	35.87	8.82	4.97	11956	14.49	26.77	8.95	4.97	10732	24.07	39.11	8.7	4.99	11083	20.39	35.02	9.02	4.91	10303	31.20	45.32	8.84	4.99															2018-05-01 09:30:00
01.05.2018	09:36:00	RO_SE_001	3485	253449	180	0	12391	12.31	23.12	9.08	4.97	10972	21.10	35.86	8.82	4.97	11956	14.49	26.77	8.98	4.97	10733	24.06	39.1	8.76	4.99	11081	20.41	35.04	9.05	4.89	10303	31.20	45.32	8.8	4.99															2018-05-01 09:36:00
01.05.2018	09:42:00	RO_SE_001	3486	253450	162	0	12391	12.31	23.12	9.09	4.94	10972	21.10	35.86	8.84	4.97	11957	14.48	26.76	8.98	4.97	10733	24.06	39.1	8.76	4.99	11082	20.40	35.03	9.04	4.89	10303	31.20	45.32	8.82	4.99															2018-05-01 09:42:00
01.05.2018	09:48:00	RO_SE_001	3486	253451	180	0	12393	12.30	23.1	9.09	4.97	10972	21.10	35.86	8.81	4.97	11958	14.48	26.75	8.97	4.97	10733	24.06	39.1	8.73	4.99	11083	20.39	35.02	9.04	4.89	10303	31.20	45.32	8.79	4.99															2018-05-01 09:48:00
01.05.2018	09:54:00	RO_SE_001	3485	253452	174	0	12392	12.31	23.11	9.09	4.94	10973	21.09	35.85	8.8	4.97	11958	14.48	26.75	8.92	4.97	10733	24.06	39.1	8.73	4.99	11083	20.39	35.02	9.03	4.89	10303	31.20	45.32	8.84	4.99															2018-05-01 09:54:00
01.05.2018	10:00:00	RO_SE_001	3486	253453	177	0	12393	12.30	23.1	9.08	4.94	10973	21.09	35.85	8.82	4.97	11957	14.48	26.76	8.94	4.97	10733	24.06	39.1	8.75	4.99	11084	20.38	35.0	9.03	4.89	10303	31.20	45.32	8.79	4.99															2018-05-01 10:00:00
01.05.2018	10:06:00	RO_SE_001	3485	253454	177	0	12393	12.30	23.1	9.08	4.97	10973	21.09	35.85	8.81	4.97	11958	14.48	26.75	8.94	4.97	10733	24.06	39.1	8.73	4.99	11084	20.38	35.0	8.97	4.89	10303	31.20	45.32	8.8	4.99															2018-05-01 10:06:00
01.05.2018	10:12:00	RO_SE_001	3485	253455	171	0	12393	12.30	23.1	9.09	4.97	10973	21.09	35.85	8.81	4.97	11959	14.47	26.74	8.93	4.97	10733	24.06	39.1	8.7	4.99	11085	20.37	34.99	9.02	4.91	10303	31.20	45.32	8.8	4.99															2018-05-01 10:12:00
01.05.2018	10:18:00	RO_SE_001	3485	253456	177	0	12394	12.30	23.09	9.05	4.97	10974	21.08	35.84	8.82	4.97	11959	14.47	26.74	8.91	4.97	10734	24.04	39.09	8.73	4.99	11085	20.37	34.99	8.98	4.89	10303	31.20	45.32	8.8	4.99															2018-05-01 10:18:00
01.05.2018	10:24:00	RO_SE_001	3485	253457	165	0	12394	12.30	23.09	9.09	4.97	10974	21.08	35.84	8.8	4.97	11960	14.47	26.73	8.91	4.97	10734	24.04	39.09	8.73	4.99	11086	20.36	34.98	9.03	4.89	10303	31.20	45.32	8.8	4.99															2018-05-01 10:24:00
01.05.2018	10:30:00	RO_SE_001	3485	253458	168	0	12394	12.30	23.09	9.05	4.97	10974	21.08	35.84	8.8	4.97	11960	14.47	26.73	8.93	4.97	10734	24.04	39.09	8.68	4.99	11087	20.35	34.97	8.99	4.89	10303	31.20	45.32	8.78	4.99															2018-05-01 10:30:00
01.05.2018	10:36:00	RO_SE_001	3484	253459	177	0	12395	12.29	23.09	9.01	4.97	10974	21.08	35.84	8.8	4.97	11961	14.46	26.72	8.93	4.97	10734	24.04	39.09	8.73	4.99	11087	20.35	34.97	9.01	4.89	10303	31.20	45.32	8.82	4.99															2018-05-01 10:36:00
01.05.2018	10:42:00	RO_SE_001	3484	253460	168	0	12395	12.29	23.09	9.05	4.94	10973	21.09	35.85	8.84	4.97	11961	14.46	26.72	8.94	4.97	10734	24.04	39.09	8.72	4.99	11087	20.35	34.97	8.97	4.89	10303	31.20	45.32	8.82	4.99															2018-05-01 10:42:00
01.05.2018	10:48:00	RO_SE_001	3484	253461	180	0	12395	12.29	23.09	9.05	4.94	10974	21.08	35.84	8.81	4.97	11962	14.45	26.71	8.91	4.94	10734	24.04	39.09	8.73	4.99	11088	20.34	34.96	9.01	4.89	10303	31.20	45.32	8.79	5.02															2018-05-01 10:48:00
01.05.2018	10:54:00	RO_SE_001	3485	253462	168	0	12395	12.29	23.09	9.03	4.97	10974	21.08	35.84	8.81	4.97	11962	14.45	26.71	8.91	4.97	10735	24.03	39.08	8.71	4.99	11088	20.34	34.96	8.98	4.91	10303	31.20	45.32	8.8	5.02															2018-05-01 10:54:00
01.05.2018	11:00:00	RO_SE_001	3485	253463	171	0	12396	12.29	23.08	9.03	4.94	10975	21.07	35.83	8.8	4.97	11963	14.45	26.71	8.92	4.97	10735	24.03	39.08	8.73	4.99	11088	20.34	34.96	8.95	4.89	10303	31.20	45.32	8.8	4.99															2018-05-01 11:00:00
01.05.2018	11:06:00	RO_SE_001	3485	253464	180	0	12396	12.29	23.08	9.02	4.94	10975	21.07	35.83	8.78	4.97	11963	14.45	26.71	8.88	4.97	10735	24.03	39.08	8.71	4.99	11088	20.34	34.96	8.98	4.91	10303	31.20	45.32	8.79	4.99															2018-05-01 11:06:00
01.05.2018	11:12:00	RO_SE_001	3485	253465	171	0	12397	12.29	23.07	9.02	4.97	10975	21.07	35.83	8.79	4.97	11964	14.44	26.7	8.85	4.97	10735	24.03	39.08	8.7	4.99	11089	20.33	34.95	8.98	4.91	10303	31.20	45.32	8.8	4.99															2018-05-01 11:12:00
01.05.2018	11:18:00	RO_SE_001	3484	253466	171	0	12397	12.29	23.07	8.99	4.97	10975	21.07	35.83	8.78	4.97	11964	14.44	26.7	8.88	4.97	10735	24.03	39.08	8.74	4.99	11089	20.33	34.95	8.95	4.89	10303	31.20	45.32	8.8	4.99															2018-05-01 11:18:00
01.05.2018	11:24:00	RO_SE_001	3485	253467	171	0	12398	12.28	23.06	9.03	4.97	10975	21.07	35.83	8.78	4.97	11965	14.44	26.69	8.89	4.97	10735	24.03	39.08	8.72	4.99	11089	20.33	34.95	8.95	4.91	10303	31.20	45.32	8.79	4.99															2018-05-01 11:24:00
01.05.2018	11:30:00	RO_SE_001	3484	253468	171	0	12398	12.28	23.06	9.02	4.97	10976	21.06	35.82	8.8	4.97	11965	14.44	26.69	8.82	4.97	10735	24.03	39.08	8.7	4.99	11090	20.33	34.94	8.96	4.89	10304	31.18	45.31	8.77	4.99															2018-05-01 11:30:00
01.05.2018	11:36:00	RO_SE_001	3484	253469	171	0	12398	12.28	23.06	9.0	4.97	10978	21.04	35.79	8.77	4.94	11966	14.43	26.68	8.84	4.97	10736	24.02	39.07	8.7	4.99	11090	20.33	34.94	8.94	4.89	10304	31.18	45.31	8.79	4.99															2018-05-01 11:36:00
01.05.2018	11:42:00	RO_SE_001	3484	253470	159	0	12399	12.28	23.06	8.99	4.97	10976	21.06	35.82	8.77	4.97	11965	14.44	26.69	8.88	4.97	10736	24.02	39.07	8.71	4.99	11090	20.33	34.94	8.96	4.89	10304	31.18	45.31	8.77	4.99															2018-05-01 11:42:00
01.05.2018	11:48:00	RO_SE_001	3484	253471	177	0	12399	12.28	23.06	8.98	4.97	10977	21.05	35.81	8.78	4.97	11966	14.43	26.68	8.87	4.97	10736	24.02	39.07	8.71	4.99	11090	20.33	34.94	8.94	4.89	10304	31.18	45.31	8.73	4.99															2018-05-01 11:48:00
01.05.2018	11:54:00	RO_SE_001	3482	253472	168	0	12399	12.28	23.06	8.96	4.97	10977	21.05	35.81	8.79	4.97	11966	14.43	26.68	8.88	4.97	10736	24.02	39.07	8.69	4.99	11090	20.33	34.94	8.94	4.91	10304	31.18	45.31	8.78	4.99															2018-05-01 11:54:00
01.05.2018	12:00:00	RO_SE_001	3484	253473	186	0	12400	12.27	23.05	8.98	4.97	10977	21.05	35.81	8.77	4.97	11967	14.43	26.67	8.88	4.97	10736	24.02	39.07	8.68	4.99	11090	20.33	34.94	8.93	4.89	10304	31.18	45.31	8.77	4.99															2018-05-01 12:00:00
01.05.2018	12:06:00	RO_SE_001	3484	253474	183	0	12399	12.28	23.06	8.98	4.97	10977	21.05	35.81	8.77	4.97	11967	14.43	26.67	8.83	4.97	10736	24.02	39.07	8.7	4.99	11090	20.33	34.94	8.93	4.89	10304	31.18	45.31	8.77	4.99															2018-05-01 12:06:00
01.05.2018	12:12:00	RO_SE_001	3484	253475	174	0	12400	12.27	23.05	8.97	4.97	10978	21.04	35.79	8.77	4.97	11968	14.42	26.66	8.82	4.97	10737	24.01	39.05	8.71	4.99	11090	20.33	34.94	8.95	4.89	10304	31.18	45.31	8.75	4.99															2018-05-01 12:12:00
01.05.2018	12:18:00	RO_SE_001	3484	253476	177	0	12400	12.27	23.05	8.95	4.97	10978	21.04	35.79	8.76	4.97	11967	14.43	26.67	8.85	4.97	10737	24.01	39.05	8.69	4.99	11091	20.32	34.93	8.95	4.89	10304	31.18	45.31	8.73	4.99															2018-05-01 12:18:00
01.05.2018	12:24:00	RO_SE_001	3484	253477	183	0	12400	12.27	23.05	8.95	4.97	10978	21.04	35.79	8.79	4.97	11968	14.42	26.66	8.84	4.97	10737	24.01	39.05	8.69	4.99	11091	20.32	34.93	8.92	4.89	10304	31.18	45.31	8.78	4.99															2018-05-01 12:24:00
01.05.2018	12:30:00	RO_SE_001	3483	253478	186	0	12401	12.27	23.04	8.94	4.97	10978	21.04	35.79	8.77	4.97	11968	14.42	26.66	8.86	4.97	10737	24.01	39.05	8.68	4.99	11091	20.32	34.93	8.88	4.91	10304	31.18	45.31	8.74	4.99															2018-05-01 12:30:00
01.05.2018	12:36:00	RO_SE_001	3483	253479	171	0	12401	12.27	23.04	8.94	4.97	10979	21.03	35.78	8.75	4.97	11969	14.42	26.66	8.81	4.97	10737	24.01	39.05	8.69	4.99	11092	20.31	34.92	8.89	4.89	10304	31.18	45.31	8.75	4.99															2018-05-01 12:36:00
01.05.2018	12:42:00	RO_SE_001	3483	253480	165	0	12402	12.26	23.03	8.95	4.97	10979	21.03	35.78	8.75	4.97	11969	14.42	26.66	8.83	4.97	10737	24.01	39.05	8.68	4.99	11092	20.31	34.92	8.88	4.91	10304	31.18	45.31	8.74	4.99															2018-05-01 12:42:00
01.05.2018	12:48:00	RO_SE_001	3483	253481	165	0	12402	12.26	23.03	8.92	4.97	10979	21.03	35.78	8.74	4.97	11970	14.41	26.65	8.82	4.97	10737	24.01	39.05	8.66	4.99	11092	20.31	34.92	8.91	4.89	10304	31.18	45.31	8.76	4.99															2018-05-01 12:48:00
01.05.2018	12:54:00	RO_SE_001	3483	253482	177	0	12403	12.26	23.03	8.94	4.97	10980	21.02	35.77	8.75	4.97	11971	14.41	26.64	8.81	4.97	10737	24.01	39.05	8.7	4.99	11093	20.30	34.91	8.88	4.89	10304	31.18	45.31	8.73	4.99															2018-05-01 12:54:00
01.05.2018	13:00:00	RO_SE_001	3483	253483	177	0	12403	12.26	23.03	8.93	4.97	10980	21.02	35.77	8.74	4.97	11971	14.41	26.64	8.81	4.97	10737	24.01	39.05	8.71	4.99	11093	20.30	34.91	8.89	4.89	10304	31.18	45.31	8.74	4.99															2018-05-01 13:00:00
01.05.2018	13:06:00	RO_SE_001	3483	253484	168	0	12404	12.26	23.02	8.91	4.97	10981	21.01	35.76	8.79	4.97	11972	14.40	26.63	8.82	4.97	10737	24.01	39.05	8.71	4.99	11093	20.30	34.91	8.87	4.89	10304	31.18	45.31	8.76	4.99															2018-05-01 13:06:00
01.05.2018	13:12:00	RO_SE_001	3482	253485	186	0	12404	12.26	23.02	8.91	4.97	10981	21.01	35.76	8.75	4.97	11972	14.40	26.63	8.79	4.97	10737	24.01	39.05	8.66	4.99	11094	20.29	34.9	8.89	4.89	10305	31.16	45.29	8.73	4.99															2018-05-01 13:12:00
01.05.2018	13:18:00	RO_SE_001	3483	253486	168	0	12405	12.25	23.01	8.92	4.97	10980	21.02	35.77	8.71	4.97	11972	14.40	26.63	8.8	4.97	10737	24.01	39.05	8.66	4.99	11094	20.29	34.9	8.91	4.89	10305	31.16	45.29	8.75	4.99															2018-05-01 13:18:00
01.05.2018	13:24:00	RO_SE_001	3483	253487	168	0	12405	12.25	23.01	8.92	4.97	10981	21.01	35.76	8.72	4.97	11973	14.40	26.62	8.81	4.97	10737	24.01	39.05	8.69	4.99	11094	20.29	34.9	8.9	4.89	10305	31.16	45.29	8.74	4.99															2018-05-01 13:24:00
01.05.2018	13:30:00	RO_SE_001	3483	253488	168	0	12405	12.25	23.01	8.91	4.97	10981	21.01	35.76	8.74	4.97	11973	14.40	26.62	8.8	4.97	10738	24.00	39.04	8.67	4.99	11095	20.28	34.88	8.88	4.89	10305	31.16	45.29	8.73	4.99															2018-05-01 13:30:00
01.05.2018	13:36:00	RO_SE_001	3483	253489	177	0	12406	12.25	23.0	8.91	4.97	10981	21.01	35.76	8.75	4.97	11974	14.39	26.61	8.84	4.97	10738	24.00	39.04	8.66	4.99	11095	20.28	34.88	8.88	4.91	10305	31.16	45.29	8.74	4.99															2018-05-01 13:36:00
01.05.2018	13:42:00	RO_SE_001	3483	253490	180	0	12406	12.25	23.0	8.91	4.97	10982	21.00	35.75	8.73	4.97	11974	14.39	26.61	8.81	4.97	10738	24.00	39.04	8.66	4.99	11095	20.28	34.88	8.84	4.89	10305	31.16	45.29	8.71	4.99															2018-05-01 13:42:00
01.05.2018	13:48:00	RO_SE_001	3483	253491	177	0	12406	12.25	23.0	8.9	4.97	10982	21.00	35.75	8.73	4.97	11975	14.39	26.6	8.76	4.97	10738	24.00	39.04	8.66	4.99	11095	20.28	34.88	8.89	4.89	10305	31.16	45.29	8.74	4.99															2018-05-01 13:48:00
01.05.2018	13:54:00	RO_SE_001	3483	253492	183	0	12407	12.24	23.0	8.92	4.97	10983	20.99	35.74	8.75	4.97	11976	14.38	26.6	8.77	4.97	10738	24.00	39.04	8.64	4.99	11096	20.27	34.87	8.84	4.89	10305	31.16	45.29	8.73	4.99															2018-05-01 13:54:00
01.05.2018	14:00:00	RO_SE_001	3483	253493	168	0	12408	12.24	22.99	8.95	4.97	10983	20.99	35.74	8.73	4.97	11976	14.38	26.6	8.79	4.97	10738	24.00	39.04	8.63	4.99	11096	20.27	34.87	8.84	4.89	10305	31.16	45.29	8.72	4.99															2018-05-01 14:00:00
01.05.2018	14:06:00	RO_SE_001	3483	253494	183	0	12408	12.24	22.99	8.92	4.97	10984	20.98	35.73	8.72	4.97	11977	14.37	26.59	8.78	4.97	10739	23.99	39.03	8.67	4.99	11096	20.27	34.87	8.87	4.89	10305	31.16	45.29	8.74	4.99															2018-05-01 14:06:00
01.05.2018	14:18:00	RO_SE_001	3483	253496	177	0	12409	12.23	22.98	8.98	4.97	10984	20.98	35.73	8.72	4.97	11978	14.37	26.58	8.79	4.97	10739	23.99	39.03	8.63	4.99	11097	20.26	34.86	8.82	4.89	10305	31.16	45.29	8.71	4.99															2018-05-01 14:18:00
01.05.2018	14:24:00	RO_SE_001	3483	253497	177	0	12410	12.23	22.97	8.98	4.97	10985	20.97	35.72	8.71	4.97	11979	14.36	26.57	8.82	4.97	10739	23.99	39.03	8.66	4.99	11096	20.27	34.87	8.86	4.89	10305	31.16	45.29	8.7	4.99															2018-05-01 14:24:00
01.05.2018	14:30:00	RO_SE_001	3483	253498	174	0	12410	12.23	22.97	8.99	4.94	10986	20.97	35.71	8.7	4.97	11979	14.36	26.57	8.8	4.97	10739	23.99	39.03	8.66	4.99	11097	20.26	34.86	8.87	4.89	10305	31.16	45.29	8.7	4.99															2018-05-01 14:30:00
01.05.2018	14:36:00	RO_SE_001	3483	253499	177	0	12411	12.23	22.96	8.99	4.97	10986	20.97	35.71	8.71	4.97	11980	14.36	26.56	8.79	4.97	10739	23.99	39.03	8.63	4.99	11097	20.26	34.86	8.84	4.89	10306	31.14	45.28	8.7	4.99															2018-05-01 14:36:00
01.05.2018	14:42:00	RO_SE_001	3482	253500	171	0	12411	12.23	22.96	9.01	4.97	10987	20.96	35.7	8.71	4.97	11980	14.36	26.56	8.81	4.97	10740	23.97	39.02	8.65	4.99	11098	20.25	34.85	8.88	4.89	10306	31.14	45.28	8.73	4.97															2018-05-01 14:42:00
01.05.2018	14:48:00	RO_SE_001	3483	253501	183	0	12412	12.22	22.96	9.02	4.94	10987	20.96	35.7	8.7	4.97	11981	14.35	26.55	8.79	4.97	10740	23.97	39.02	8.64	4.99	11099	20.24	34.84	8.87	4.89	10306	31.14	45.28	8.7	4.99															2018-05-01 14:48:00
01.05.2018	14:54:00	RO_SE_001	3483	253502	180	0	12413	12.22	22.95	9.0	4.97	10988	20.95	35.68	8.71	4.97	11981	14.35	26.55	8.8	4.97	10740	23.97	39.02	8.63	4.99	11098	20.25	34.85	8.84	4.89	10306	31.14	45.28	8.72	4.99															2018-05-01 14:54:00
01.05.2018	15:00:00	RO_SE_001	3483	253503	177	0	12413	12.22	22.95	9.02	4.97	10988	20.95	35.68	8.68	4.97	11982	14.35	26.54	8.8	4.97	10740	23.97	39.02	8.63	4.99	11098	20.25	34.85	8.87	4.91	10306	31.14	45.28	8.7	4.99															2018-05-01 15:00:00
01.05.2018	15:06:00	RO_SE_001	3483	253504	177	0	12413	12.22	22.95	9.03	4.97	10989	20.94	35.67	8.7	4.97	11983	14.34	26.54	8.84	4.97	10740	23.97	39.02	8.66	4.99	11098	20.25	34.85	8.86	4.89	10306	31.14	45.28	8.7	4.99															2018-05-01 15:06:00
01.05.2018	15:12:00	RO_SE_001	3482	253505	177	0	12413	12.22	22.95	9.05	4.94	10989	20.94	35.67	8.71	4.97	11983	14.34	26.54	8.8	4.97	10741	23.96	39.01	8.66	4.99	11098	20.25	34.85	8.85	4.89	10306	31.14	45.28	8.7	4.99															2018-05-01 15:12:00
01.05.2018	15:18:00	RO_SE_001	3482	253506	174	0	12414	12.21	22.94	9.05	4.97	10989	20.94	35.67	8.7	4.97	11984	14.34	26.53	8.83	4.97	10741	23.96	39.01	8.6	4.99	11100	20.24	34.83	8.86	4.89	10306	31.14	45.28	8.66	5.02															2018-05-01 15:18:00
01.05.2018	15:24:00	RO_SE_001	3482	253507	174	0	12415	12.21	22.93	9.01	4.97	10990	20.93	35.66	8.7	4.97	11985	14.33	26.52	8.8	4.97	10741	23.96	39.01	8.66	4.99	11099	20.24	34.84	8.88	4.91	10306	31.14	45.28	8.7	4.99															2018-05-01 15:24:00
01.05.2018	15:30:00	RO_SE_001	3482	253508	174	0	12415	12.21	22.93	9.03	4.97	10990	20.93	35.66	8.68	4.97	11985	14.33	26.52	8.84	4.97	10741	23.96	39.01	8.63	4.99	11099	20.24	34.84	8.85	4.89	10307	31.12	45.26	8.7	4.99															2018-05-01 15:30:00
01.05.2018	15:36:00	RO_SE_001	3481	253509	177	0	12414	12.21	22.94	9.05	4.97	10990	20.93	35.66	8.7	4.97	11985	14.33	26.52	8.84	4.97	10742	23.95	38.99	8.63	4.99	11100	20.24	34.83	8.88	4.89	10307	31.12	45.26	8.68	4.99															2018-05-01 15:36:00
01.05.2018	15:42:00	RO_SE_001	3482	253510	168	0	12414	12.21	22.94	9.04	4.97	10992	20.91	35.64	8.7	4.97	11986	14.33	26.51	8.83	4.97	10742	23.95	38.99	8.65	4.99	11100	20.24	34.83	8.88	4.89	10307	31.12	45.26	8.7	4.99															2018-05-01 15:42:00
01.05.2018	15:48:00	RO_SE_001	3482	253511	180	0	12415	12.21	22.93	9.09	4.97	10993	20.90	35.63	8.7	4.97	11987	14.32	26.5	8.84	4.97	10742	23.95	38.99	8.62	4.99	11101	20.23	34.82	8.88	4.89	10307	31.12	45.26	8.69	4.99															2018-05-01 15:48:00
01.05.2018	15:54:00	RO_SE_001	3482	253512	180	0	12415	12.21	22.93	9.06	4.97	10994	20.89	35.62	8.72	4.97	11987	14.32	26.5	8.8	4.97	10742	23.95	38.99	8.59	4.99	11101	20.23	34.82	8.88	4.89	10307	31.12	45.26	8.72	4.99															2018-05-01 15:54:00
01.05.2018	16:00:00	RO_SE_001	3482	253513	177	0	12416	12.20	22.93	9.06	4.94	10994	20.89	35.62	8.69	4.97	11988	14.32	26.49	8.84	4.97	10742	23.95	38.99	8.66	4.99	11101	20.23	34.82	8.87	4.89	10306	31.14	45.28	8.69	4.99															2018-05-01 16:00:00
01.05.2018	16:06:00	RO_SE_001	3483	253514	174	0	12417	12.20	22.92	9.07	4.97	10994	20.89	35.62	8.64	4.97	11989	14.31	26.49	8.86	4.97	10743	23.94	38.98	8.62	4.99	11102	20.22	34.81	8.89	4.91	10307	31.12	45.26	8.66	4.99															2018-05-01 16:06:00
01.05.2018	16:12:00	RO_SE_001	3482	253515	174	0	12418	12.20	22.91	9.06	4.97	10995	20.88	35.61	8.66	4.97	11989	14.31	26.49	8.88	4.97	10743	23.94	38.98	8.63	4.99	11102	20.22	34.81	8.86	4.89	10307	31.12	45.26	8.7	4.99															2018-05-01 16:12:00
01.05.2018	16:18:00	RO_SE_001	3482	253516	174	0	12418	12.20	22.91	9.09	4.97	10994	20.89	35.62	8.65	4.97	11990	14.31	26.48	8.88	4.97	10743	23.94	38.98	8.64	4.99	11102	20.22	34.81	8.88	4.89	10306	31.14	45.28	8.66	4.99															2018-05-01 16:18:00
01.05.2018	16:24:00	RO_SE_001	3482	253517	177	0	12419	12.19	22.9	9.06	4.97	10995	20.88	35.61	8.66	4.97	11991	14.30	26.47	8.85	4.97	10743	23.94	38.98	8.65	4.99	11103	20.21	34.8	8.85	4.89	10306	31.14	45.28	8.66	4.99															2018-05-01 16:24:00
01.05.2018	16:30:00	RO_SE_001	3482	253518	168	0	12419	12.19	22.9	9.11	4.97	10995	20.88	35.61	8.7	4.97	11992	14.30	26.46	8.87	4.97	10743	23.94	38.98	8.64	4.99	11103	20.21	34.8	8.84	4.89	10307	31.12	45.26	8.66	4.99															2018-05-01 16:30:00
01.05.2018	16:36:00	RO_SE_001	3483	253519	174	0	12420	12.19	22.9	9.09	4.97	10996	20.87	35.6	8.65	4.97	11992	14.30	26.46	8.84	4.97	10744	23.93	38.97	8.61	4.99	11103	20.21	34.8	8.88	4.91	10307	31.12	45.26	8.65	4.99															2018-05-01 16:36:00
01.05.2018	16:42:00	RO_SE_001	3482	253520	174	0	12420	12.19	22.9	9.07	4.97	10996	20.87	35.6	8.64	4.97	11992	14.30	26.46	8.91	4.97	10744	23.93	38.97	8.58	4.99	11104	20.20	34.79	8.9	4.91	10307	31.12	45.26	8.66	5.02															2018-05-01 16:42:00
01.05.2018	16:48:00	RO_SE_001	3482	253521	174	0	12420	12.19	22.9	9.05	4.97	10997	20.86	35.58	8.64	4.97	11993	14.29	26.45	8.86	4.97	10744	23.93	38.97	8.58	4.99	11104	20.20	34.79	8.86	4.89	10307	31.12	45.26	8.65	4.99															2018-05-01 16:48:00
01.05.2018	16:54:00	RO_SE_001	3482	253522	177	0	12421	12.18	22.89	9.08	4.97	10997	20.86	35.58	8.68	4.97	11993	14.29	26.45	8.89	4.97	10744	23.93	38.97	8.58	4.99	11104	20.20	34.79	8.9	4.89	10307	31.12	45.26	8.67	4.99															2018-05-01 16:54:00
01.05.2018	17:00:00	RO_SE_001	3482	253523	177	0	12421	12.18	22.89	9.09	4.97	10998	20.85	35.57	8.64	4.97	11994	14.29	26.44	8.88	4.97	10744	23.93	38.97	8.59	4.99	11104	20.20	34.79	8.88	4.89	10307	31.12	45.26	8.67	4.99															2018-05-01 17:00:00
01.05.2018	17:06:00	RO_SE_001	3482	253524	171	0	12422	12.18	22.88	9.1	4.97	10998	20.85	35.57	8.68	4.97	11995	14.28	26.43	8.84	4.97	10744	23.93	38.97	8.61	4.99	11104	20.20	34.79	8.86	4.89	10307	31.12	45.26	8.66	4.99															2018-05-01 17:06:00
01.05.2018	17:12:00	RO_SE_001	3482	253525	174	0	12423	12.18	22.87	9.13	4.97	10999	20.84	35.56	8.69	4.97	11996	14.27	26.43	8.9	4.97	10744	23.93	38.97	8.6	4.99	11105	20.19	34.78	8.88	4.91	10307	31.12	45.26	8.66	4.99															2018-05-01 17:12:00
01.05.2018	17:18:00	RO_SE_001	3480	253526	168	0	12423	12.18	22.87	9.08	4.97	10999	20.84	35.56	8.64	4.97	11996	14.27	26.43	8.86	4.97	10744	23.93	38.97	8.58	4.99	11105	20.19	34.78	8.91	4.89	10307	31.12	45.26	8.65	4.99															2018-05-01 17:18:00
01.05.2018	17:24:00	RO_SE_001	3481	253527	168	0	12424	12.17	22.87	9.11	4.94	11000	20.83	35.55	8.65	4.97	11997	14.27	26.42	8.89	4.97	10744	23.93	38.97	8.59	4.99	11105	20.19	34.78	8.84	4.89	10307	31.12	45.26	8.64	4.99															2018-05-01 17:24:00
01.05.2018	17:30:00	RO_SE_001	3481	253528	174	0	12425	12.17	22.86	9.1	4.97	11000	20.83	35.55	8.66	4.97	11998	14.26	26.41	8.89	4.97	10744	23.93	38.97	8.6	4.99	11106	20.18	34.76	8.89	4.89	10308	31.10	45.25	8.66	4.99															2018-05-01 17:30:00
01.05.2018	17:36:00	RO_SE_001	3481	253529	183	0	12426	12.16	22.85	9.09	4.97	11001	20.83	35.54	8.68	4.97	11999	14.26	26.4	8.9	4.97	10745	23.92	38.96	8.57	4.99	11106	20.18	34.76	8.91	4.89	10308	31.10	45.25	8.63	4.99															2018-05-01 17:36:00
01.05.2018	17:42:00	RO_SE_001	3482	253530	180	0	12426	12.16	22.85	9.1	4.97	11001	20.83	35.54	8.62	4.97	12000	14.25	26.39	8.91	4.97	10745	23.92	38.96	8.58	4.99	11107	20.17	34.75	8.9	4.91	10308	31.10	45.25	8.66	4.99															2018-05-01 17:42:00
01.05.2018	17:48:00	RO_SE_001	3482	253531	180	0	12427	12.16	22.84	9.14	4.97	11002	20.82	35.53	8.66	4.97	11999	14.26	26.4	8.91	4.97	10745	23.92	38.96	8.59	4.99	11107	20.17	34.75	8.89	4.91	10308	31.10	45.25	8.66	4.99															2018-05-01 17:48:00
01.05.2018	17:54:00	RO_SE_001	3482	253532	180	0	12428	12.15	22.84	9.08	4.94	11001	20.83	35.54	8.63	4.97	12000	14.25	26.39	8.88	4.97	10745	23.92	38.96	8.61	4.99	11107	20.17	34.75	8.91	4.89	10308	31.10	45.25	8.63	4.99															2018-05-01 17:54:00
01.05.2018	18:00:00	RO_SE_001	3482	253533	183	0	12428	12.15	22.84	9.1	4.97	11003	20.81	35.52	8.65	4.97	12001	14.25	26.38	8.89	4.97	10745	23.92	38.96	8.59	4.99	11107	20.17	34.75	8.91	4.91	10308	31.10	45.25	8.64	4.99															2018-05-01 18:00:00
01.05.2018	18:06:00	RO_SE_001	3482	253534	174	0	12429	12.15	22.83	9.11	4.97	11002	20.82	35.53	8.6	4.97	12002	14.24	26.38	8.88	4.97	10746	23.90	38.95	8.61	4.99	11108	20.16	34.74	8.87	4.91	10308	31.10	45.25	8.64	4.99															2018-05-01 18:06:00
01.05.2018	18:12:00	RO_SE_001	3482	253535	174	0	12430	12.15	22.82	9.1	4.97	11003	20.81	35.52	8.7	4.97	12002	14.24	26.38	8.91	4.97	10746	23.90	38.95	8.56	4.99	11108	20.16	34.74	8.88	4.89	10308	31.10	45.25	8.63	4.99															2018-05-01 18:12:00
01.05.2018	18:18:00	RO_SE_001	3482	253536	174	0	12430	12.15	22.82	9.11	4.97	11003	20.81	35.52	8.62	4.97	12003	14.24	26.37	8.9	4.97	10746	23.90	38.95	8.63	4.99	11108	20.16	34.74	8.92	4.89	10308	31.10	45.25	8.6	4.99															2018-05-01 18:18:00
01.05.2018	18:24:00	RO_SE_001	3481	253537	174	0	12431	12.14	22.81	9.14	4.94	11004	20.80	35.51	8.63	4.97	12004	14.23	26.36	8.92	4.97	10746	23.90	38.95	8.58	4.99	11109	20.16	34.73	8.88	4.91	10308	31.10	45.25	8.63	5.02															2018-05-01 18:24:00
01.05.2018	18:30:00	RO_SE_001	3482	253538	174	0	12431	12.14	22.81	9.13	4.97	11004	20.80	35.51	8.63	4.97	12004	14.23	26.36	8.91	4.97	10746	23.90	38.95	8.59	4.99	11110	20.15	34.72	8.9	4.91	10308	31.10	45.25	8.62	4.99															2018-05-01 18:30:00
01.05.2018	18:36:00	RO_SE_001	3481	253539	174	0	12432	12.14	22.81	9.1	4.97	11004	20.80	35.51	8.61	4.97	12005	14.23	26.35	8.91	4.97	10746	23.90	38.95	8.59	4.99	11110	20.15	34.72	8.91	4.91	10309	31.08	45.24	8.63	4.99															2018-05-01 18:36:00
01.05.2018	18:42:00	RO_SE_001	3481	253540	180	0	12433	12.13	22.8	9.15	4.97	11005	20.79	35.5	8.61	4.97	12006	14.22	26.34	8.93	4.97	10746	23.90	38.95	8.57	4.99	11111	20.14	34.71	8.9	4.89	10309	31.08	45.24	8.64	4.99															2018-05-01 18:42:00
01.05.2018	18:48:00	RO_SE_001	3481	253541	180	0	12433	12.13	22.8	9.13	4.97	11005	20.79	35.5	8.63	4.97	12006	14.22	26.34	8.9	4.97	10747	23.89	38.93	8.59	4.99	11110	20.15	34.72	8.9	4.89	10309	31.08	45.24	8.67	4.99															2018-05-01 18:48:00
01.05.2018	18:54:00	RO_SE_001	3481	253542	180	0	12434	12.13	22.79	9.1	4.97	11006	20.78	35.49	8.6	4.97	12007	14.22	26.33	8.91	4.97	10747	23.89	38.93	8.58	4.99	11110	20.15	34.72	8.91	4.89	10309	31.08	45.24	8.64	4.99															2018-05-01 18:54:00
01.05.2018	19:00:00	RO_SE_001	3481	253543	168	0	12434	12.13	22.79	9.1	4.97	11006	20.78	35.49	8.66	4.94	12007	14.22	26.33	8.94	4.97	10747	23.89	38.93	8.56	4.99	11111	20.14	34.71	8.9	4.89	10309	31.08	45.24	8.61	4.99															2018-05-01 19:00:00
01.05.2018	19:06:00	RO_SE_001	3481	253544	168	0	12434	12.13	22.79	9.12	4.94	11006	20.78	35.49	8.65	4.97	12008	14.21	26.32	8.91	4.97	10747	23.89	38.93	8.58	4.99	11112	20.13	34.7	8.92	4.89	10309	31.08	45.24	8.62	4.99															2018-05-01 19:06:00
01.05.2018	19:12:00	RO_SE_001	3481	253545	168	0	12435	12.12	22.78	9.11	4.97	11006	20.78	35.49	8.62	4.97	12009	14.21	26.32	8.91	4.97	10747	23.89	38.93	8.55	4.99	11112	20.13	34.7	8.93	4.89	10309	31.08	45.24	8.63	4.99															2018-05-01 19:12:00
01.05.2018	19:18:00	RO_SE_001	3481	253546	168	0	12435	12.12	22.78	9.12	4.97	11007	20.77	35.47	8.63	4.97	12010	14.20	26.31	8.88	4.97	10748	23.88	38.92	8.55	4.99	11112	20.13	34.7	8.9	4.89	10309	31.08	45.24	8.64	4.99															2018-05-01 19:18:00
01.05.2018	19:24:00	RO_SE_001	3481	253547	168	0	12436	12.12	22.78	9.1	4.97	11007	20.77	35.47	8.63	4.97	12010	14.20	26.31	8.91	4.97	10748	23.88	38.92	8.56	4.99	11112	20.13	34.7	8.9	4.91	10309	31.08	45.24	8.63	4.99															2018-05-01 19:24:00
01.05.2018	19:30:00	RO_SE_001	3479	253548	180	0	12436	12.12	22.78	9.09	4.97	11007	20.77	35.47	8.65	4.97	12011	14.20	26.3	8.92	4.97	10748	23.88	38.92	8.59	4.99	11113	20.12	34.69	8.91	4.91	10310	31.06	45.22	8.63	5.02															2018-05-01 19:30:00
01.05.2018	19:36:00	RO_SE_001	3480	253549	171	0	12437	12.12	22.77	9.12	4.97	11008	20.76	35.46	8.63	4.97	12012	14.19	26.29	8.91	4.97	10748	23.88	38.92	8.55	4.99	11113	20.12	34.69	8.92	4.89	10310	31.06	45.22	8.62	4.99															2018-05-01 19:36:00
01.05.2018	19:42:00	RO_SE_001	3481	253550	174	0	12437	12.12	22.77	9.08	4.97	11008	20.76	35.46	8.61	4.97	12012	14.19	26.29	8.89	4.97	10748	23.88	38.92	8.55	4.99	11113	20.12	34.69	8.92	4.89	10310	31.06	45.22	8.63	4.99															2018-05-01 19:42:00
01.05.2018	19:48:00	RO_SE_001	3480	253551	174	0	12438	12.11	22.76	9.07	4.97	11008	20.76	35.46	8.59	4.97	12013	14.19	26.28	8.93	4.97	10749	23.87	38.91	8.57	4.99	11114	20.11	34.68	8.92	4.89	10310	31.06	45.22	8.6	4.99															2018-05-01 19:48:00
01.05.2018	19:54:00	RO_SE_001	3480	253552	177	0	12438	12.11	22.76	9.11	4.97	11008	20.76	35.46	8.63	4.97	12014	14.18	26.27	8.89	4.97	10749	23.87	38.91	8.56	4.99	11115	20.10	34.67	8.93	4.91	10310	31.06	45.22	8.61	4.99															2018-05-01 19:54:00
01.05.2018	20:00:00	RO_SE_001	3480	253553	177	0	12439	12.11	22.75	9.1	4.97	11008	20.76	35.46	8.64	4.97	12014	14.18	26.27	8.92	4.97	10749	23.87	38.91	8.55	4.99	11115	20.10	34.67	8.91	4.89	10310	31.06	45.22	8.63	4.99															2018-05-01 20:00:00
01.05.2018	20:06:00	RO_SE_001	3480	253554	177	0	12439	12.11	22.75	9.09	4.97	11009	20.75	35.45	8.62	4.97	12014	14.18	26.27	8.91	4.97	10749	23.87	38.91	8.58	4.99	11115	20.10	34.67	8.91	4.89	10310	31.06	45.22	8.61	4.99															2018-05-01 20:06:00
01.05.2018	20:12:00	RO_SE_001	3480	253555	180	0	12439	12.11	22.75	9.09	4.97	11009	20.75	35.45	8.58	4.97	12015	14.18	26.27	8.93	4.97	10749	23.87	38.91	8.58	4.99	11115	20.10	34.67	8.92	4.89	10310	31.06	45.22	8.62	4.99															2018-05-01 20:12:00
01.05.2018	20:18:00	RO_SE_001	3480	253556	174	0	12440	12.10	22.75	9.12	4.97	11009	20.75	35.45	8.6	4.97	12015	14.18	26.27	8.91	4.97	10749	23.87	38.91	8.55	4.99	11115	20.10	34.67	8.88	4.89	10310	31.06	45.22	8.59	4.99															2018-05-01 20:18:00
01.05.2018	20:24:00	RO_SE_001	3480	253557	180	0	12440	12.10	22.75	9.11	4.94	11009	20.75	35.45	8.62	4.94	12016	14.17	26.26	8.88	4.97	10750	23.86	38.9	8.56	4.99	11116	20.09	34.66	8.92	4.89	10310	31.06	45.22	8.6	4.99															2018-05-01 20:24:00
01.05.2018	20:30:00	RO_SE_001	3480	253558	180	0	12441	12.10	22.74	9.08	4.97	11009	20.75	35.45	8.59	4.97	12017	14.17	26.25	8.91	4.97	10750	23.86	38.9	8.6	4.99	11116	20.09	34.66	8.92	4.89	10310	31.06	45.22	8.59	4.99															2018-05-01 20:30:00
01.05.2018	20:36:00	RO_SE_001	3480	253559	177	0	12441	12.10	22.74	9.06	4.97	11008	20.76	35.46	8.62	4.97	12017	14.17	26.25	8.89	4.97	10750	23.86	38.9	8.55	4.99	11117	20.09	34.64	8.9	4.91	10310	31.06	45.22	8.59	4.99															2018-05-01 20:36:00
01.05.2018	20:42:00	RO_SE_001	3480	253560	177	0	12441	12.10	22.74	9.05	4.97	11008	20.76	35.46	8.62	4.97	12018	14.16	26.24	8.9	4.97	10750	23.86	38.9	8.55	4.99	11117	20.09	34.64	8.91	4.89	10310	31.06	45.22	8.57	4.99															2018-05-01 20:42:00
01.05.2018	20:48:00	RO_SE_001	3480	253561	177	0	12441	12.10	22.74	9.08	4.97	11009	20.75	35.45	8.6	4.97	12018	14.16	26.24	8.89	4.97	10750	23.86	38.9	8.54	4.99	11117	20.09	34.64	8.89	4.89	10311	31.04	45.21	8.6	5.02															2018-05-01 20:48:00
01.05.2018	20:54:00	RO_SE_001	3479	253562	177	0	12441	12.10	22.74	9.07	4.97	11010	20.74	35.44	8.58	4.97	12019	14.15	26.23	8.93	4.97	10750	23.86	38.9	8.55	4.99	11118	20.08	34.63	8.88	4.89	10311	31.04	45.21	8.65	5.02															2018-05-01 20:54:00
01.05.2018	21:00:00	RO_SE_001	3479	253563	177	0	12442	12.09	22.73	9.09	4.97	11009	20.75	35.45	8.59	4.97	12020	14.15	26.22	8.91	4.97	10751	23.85	38.89	8.52	4.99	11118	20.08	34.63	8.87	4.91	10311	31.04	45.21	8.6	4.99															2018-05-01 21:00:00
01.05.2018	21:06:00	RO_SE_001	3479	253564	177	0	12442	12.09	22.73	9.04	4.97	11009	20.75	35.45	8.63	4.97	12020	14.15	26.22	8.86	4.97	10751	23.85	38.89	8.52	4.99	11117	20.09	34.64	8.92	4.91	10311	31.04	45.21	8.57	4.99															2018-05-01 21:06:00
01.05.2018	21:12:00	RO_SE_001	3479	253565	177	0	12442	12.09	22.73	9.06	4.97	11009	20.75	35.45	8.6	4.97	12021	14.14	26.22	8.87	4.97	10751	23.85	38.89	8.54	4.99	11117	20.09	34.64	8.91	4.89	10311	31.04	45.21	8.64	4.99															2018-05-01 21:12:00
01.05.2018	21:18:00	RO_SE_001	3479	253566	177	0	12443	12.09	22.72	9.07	4.97	11009	20.75	35.45	8.6	4.94	12021	14.14	26.22	8.89	4.97	10751	23.85	38.89	8.55	4.99	11118	20.08	34.63	8.89	4.89	10311	31.04	45.21	8.63	5.02															2018-05-01 21:18:00
01.05.2018	21:24:00	RO_SE_001	3479	253567	180	0	12443	12.09	22.72	9.05	4.97	11009	20.75	35.45	8.6	4.97	12022	14.14	26.21	8.86	4.97	10751	23.85	38.89	8.56	4.99	11118	20.08	34.63	8.89	4.91	10311	31.04	45.21	8.59	4.99															2018-05-01 21:24:00
01.05.2018	21:30:00	RO_SE_001	3479	253568	177	0	12443	12.09	22.72	9.02	4.97	11009	20.75	35.45	8.6	4.97	12021	14.14	26.22	8.89	4.97	10751	23.85	38.89	8.49	4.99	11118	20.08	34.63	8.86	4.89	10311	31.04	45.21	8.61	4.99															2018-05-01 21:30:00
01.05.2018	21:36:00	RO_SE_001	3479	253569	177	0	12444	12.09	22.72	9.05	4.97	11009	20.75	35.45	8.63	4.97	12022	14.14	26.21	8.85	4.97	10751	23.85	38.89	8.52	4.99	11118	20.08	34.63	8.88	4.91	10311	31.04	45.21	8.59	5.02															2018-05-01 21:36:00
01.05.2018	21:42:00	RO_SE_001	3480	253570	174	0	12444	12.09	22.72	9.02	4.94	11009	20.75	35.45	8.58	4.97	12022	14.14	26.21	8.87	4.97	10751	23.85	38.89	8.55	4.99	11118	20.08	34.63	8.87	4.89	10311	31.04	45.21	8.62	4.99															2018-05-01 21:42:00
01.05.2018	21:48:00	RO_SE_001	3479	253571	174	0	12444	12.09	22.72	9.03	4.97	11009	20.75	35.45	8.63	4.97	12023	14.13	26.2	8.87	4.97	10751	23.85	38.89	8.57	4.99	11119	20.07	34.62	8.88	4.89	10311	31.04	45.21	8.58	4.99															2018-05-01 21:48:00
01.05.2018	21:54:00	RO_SE_001	3479	253572	180	0	12445	12.08	22.71	9.02	4.97	11009	20.75	35.45	8.59	4.97	12023	14.13	26.2	8.87	4.97	10751	23.85	38.89	8.53	4.99	11119	20.07	34.62	8.9	4.91	10311	31.04	45.21	8.58	4.99															2018-05-01 21:54:00
01.05.2018	22:06:00	RO_SE_001	3479	253574	177	0	12445	12.08	22.71	8.99	4.97	11009	20.75	35.45	8.59	4.97	12024	14.13	26.19	8.88	4.97	10752	23.84	38.88	8.55	4.99	11120	20.06	34.61	8.86	4.91	10311	31.04	45.21	8.59	4.99															2018-05-01 22:06:00
01.05.2018	22:12:00	RO_SE_001	3479	253575	168	0	12445	12.08	22.71	8.95	4.97	11009	20.75	35.45	8.6	4.97	12025	14.12	26.18	8.87	4.97	10751	23.85	38.89	8.54	4.99	11120	20.06	34.61	8.84	4.89	10311	31.04	45.21	8.55	4.99															2018-05-01 22:12:00
01.05.2018	22:18:00	RO_SE_001	3479	253576	177	0	12446	12.08	22.7	8.96	4.97	11009	20.75	35.45	8.59	4.97	12025	14.12	26.18	8.8	4.97	10751	23.85	38.89	8.53	4.99	11120	20.06	34.61	8.86	4.89	10311	31.04	45.21	8.62	4.99															2018-05-01 22:18:00
01.05.2018	22:24:00	RO_SE_001	3479	253577	174	0	12446	12.08	22.7	8.93	4.97	11009	20.75	35.45	8.58	4.97	12026	14.12	26.17	8.84	4.97	10751	23.85	38.89	8.53	4.99	11121	20.05	34.6	8.87	4.91	10312	31.02	45.19	8.59	5.02															2018-05-01 22:24:00
01.05.2018	22:30:00	RO_SE_001	3479	253578	177	0	12447	12.07	22.69	8.96	4.97	11010	20.74	35.44	8.6	4.97	12026	14.12	26.17	8.78	4.97	10751	23.85	38.89	8.58	4.99	11121	20.05	34.6	8.87	4.91	10312	31.02	45.19	8.61	4.99															2018-05-01 22:30:00
01.05.2018	22:36:00	RO_SE_001	3478	253579	180	0	12447	12.07	22.69	8.95	4.94	11010	20.74	35.44	8.62	4.97	12027	14.11	26.16	8.82	4.97	10752	23.84	38.88	8.53	4.99	11121	20.05	34.6	8.85	4.91	10312	31.02	45.19	8.58	4.99															2018-05-01 22:36:00
01.05.2018	22:42:00	RO_SE_001	3479	253580	177	0	12447	12.07	22.69	8.95	4.97	11010	20.74	35.44	8.59	4.97	12027	14.11	26.16	8.78	4.97	10752	23.84	38.88	8.55	4.99	11122	20.04	34.59	8.84	4.91	10312	31.02	45.19	8.6	4.99															2018-05-01 22:42:00
01.05.2018	22:48:00	RO_SE_001	3479	253581	171	0	12447	12.07	22.69	8.92	4.97	11010	20.74	35.44	8.59	4.97	12027	14.11	26.16	8.77	4.97	10752	23.84	38.88	8.54	4.99	11122	20.04	34.59	8.84	4.89	10312	31.02	45.19	8.57	4.99															2018-05-01 22:48:00
01.05.2018	22:54:00	RO_SE_001	3478	253582	177	0	12448	12.07	22.69	8.95	4.97	11010	20.74	35.44	8.59	4.97	12028	14.11	26.16	8.79	4.97	10752	23.84	38.88	8.53	4.99	11122	20.04	34.59	8.82	4.91	10312	31.02	45.19	8.58	4.99															2018-05-01 22:54:00
01.05.2018	23:00:00	RO_SE_001	3477	253583	168	0	12448	12.07	22.69	8.92	4.97	11010	20.74	35.44	8.58	4.97	12028	14.11	26.16	8.8	4.97	10752	23.84	38.88	8.53	4.99	11122	20.04	34.59	8.84	4.89	10312	31.02	45.19	8.59	4.99															2018-05-01 23:00:00
01.05.2018	23:06:00	RO_SE_001	3477	253584	171	0	12448	12.07	22.69	8.92	4.97	11010	20.74	35.44	8.59	4.97	12028	14.11	26.16	8.75	4.97	10752	23.84	38.88	8.55	4.99	11122	20.04	34.59	8.86	4.89	10312	31.02	45.19	8.56	4.99															2018-05-01 23:06:00
01.05.2018	23:12:00	RO_SE_001	3478	253585	174	0	12449	12.07	22.68	8.89	4.97	11010	20.74	35.44	8.56	4.97	12029	14.10	26.15	8.77	4.97	10752	23.84	38.88	8.53	4.99	11122	20.04	34.59	8.79	4.89	10312	31.02	45.19	8.6	4.99															2018-05-01 23:12:00
01.05.2018	23:18:00	RO_SE_001	3477	253586	177	0	12448	12.07	22.69	8.87	4.97	11010	20.74	35.44	8.58	4.97	12029	14.10	26.15	8.78	4.97	10752	23.84	38.88	8.52	4.99	11122	20.04	34.59	8.82	4.89	10312	31.02	45.19	8.55	5.02															2018-05-01 23:18:00
01.05.2018	23:24:00	RO_SE_001	3477	253587	174	0	12449	12.07	22.68	8.9	4.97	11010	20.74	35.44	8.59	4.97	12030	14.10	26.14	8.76	4.97	10753	23.82	38.86	8.52	4.99	11122	20.04	34.59	8.84	4.89	10312	31.02	45.19	8.57	4.99															2018-05-01 23:24:00
01.05.2018	23:30:00	RO_SE_001	3477	253588	174	0	12448	12.07	22.69	8.87	4.97	11010	20.74	35.44	8.55	4.97	12030	14.10	26.14	8.74	4.97	10753	23.82	38.86	8.52	4.99	11123	20.03	34.58	8.83	4.89	10312	31.02	45.19	8.59	4.99															2018-05-01 23:30:00
01.05.2018	23:36:00	RO_SE_001	3477	253589	171	0	12449	12.07	22.68	8.88	4.97	11010	20.74	35.44	8.57	4.97	12030	14.10	26.14	8.76	4.97	10753	23.82	38.86	8.49	4.99	11123	20.03	34.58	8.82	4.89	10312	31.02	45.19	8.57	4.99															2018-05-01 23:36:00
01.05.2018	23:42:00	RO_SE_001	3476	253590	177	0	12448	12.07	22.69	8.87	4.97	11010	20.74	35.44	8.6	4.97	12031	14.09	26.13	8.76	4.97	10753	23.82	38.86	8.5	4.99	11124	20.02	34.57	8.78	4.91	10312	31.02	45.19	8.61	5.02															2018-05-01 23:42:00
01.05.2018	23:48:00	RO_SE_001	3476	253591	174	0	12449	12.07	22.68	8.84	4.94	11010	20.74	35.44	8.55	4.97	12032	14.09	26.12	8.73	4.97	10753	23.82	38.86	8.51	4.99	11124	20.02	34.57	8.77	4.89	10312	31.02	45.19	8.57	4.99															2018-05-01 23:48:00
01.05.2018	23:54:00	RO_SE_001	3476	253592	171	0	12449	12.07	22.68	8.81	4.97	11010	20.74	35.44	8.56	4.97	12032	14.09	26.12	8.76	4.97	10753	23.82	38.86	8.55	4.99	11124	20.02	34.57	8.77	4.89	10312	31.02	45.19	8.55	4.99															2018-05-01 23:54:00
