09.05.2018	00:00:00	RO_SE_001	3376	255273	135	0	12813	10.66	20.1	10.47	4.97	11404	17.55	31.33	8.85	4.97	12698	11.16	21.03	10.22	4.97	11010	21.15	35.92	8.78	4.99	11637	16.19	29.38	10.03	4.89	10427	28.96	43.58	8.9	4.99															2018-05-09 00:00:00
09.05.2018	00:06:00	RO_SE_001	3376	255274	135	0	12813	10.66	20.1	10.43	4.97	11404	17.55	31.33	8.88	4.94	12699	11.15	21.02	10.2	4.97	11010	21.15	35.92	8.78	4.99	11637	16.19	29.38	10.03	4.89	10427	28.96	43.58	8.9	4.99															2018-05-09 00:06:00
09.05.2018	00:12:00	RO_SE_001	3376	255275	135	0	12813	10.66	20.1	10.48	4.97	11404	17.55	31.33	8.91	4.94	12699	11.15	21.02	10.21	4.97	11015	21.10	35.86	8.78	4.99	11636	16.20	29.39	10.08	4.89	10427	28.96	43.58	8.92	4.99															2018-05-09 00:12:00
09.05.2018	00:18:00	RO_SE_001	3376	255276	135	0	12813	10.66	20.1	10.45	4.97	11404	17.55	31.33	8.86	4.97	12699	11.15	21.02	10.18	4.97	11015	21.10	35.86	8.8	4.99	11636	16.20	29.39	10.05	4.89	10427	28.96	43.58	8.91	4.99															2018-05-09 00:18:00
09.05.2018	00:24:00	RO_SE_001	3375	255277	135	0	12814	10.66	20.09	10.45	4.94	11404	17.55	31.33	8.91	4.97	12700	11.15	21.02	10.23	4.97	11015	21.10	35.86	8.81	4.99	11637	16.19	29.38	10.01	4.91	10427	28.96	43.58	8.93	4.99															2018-05-09 00:24:00
09.05.2018	00:30:00	RO_SE_001	3376	255278	135	0	12814	10.66	20.09	10.45	4.97	11404	17.55	31.33	8.89	4.94	12700	11.15	21.02	10.2	4.97	11015	21.10	35.86	8.8	4.99	11637	16.19	29.38	10.05	4.89	10427	28.96	43.58	8.95	4.99															2018-05-09 00:30:00
09.05.2018	00:36:00	RO_SE_001	3248	255279	0	0	12814	10.66	20.09	10.46	4.97	11404	17.55	31.33	8.9	4.97	12699	11.15	21.02	10.19	4.97	11015	21.10	35.86	8.83	4.99	11637	16.19	29.38	10.02	4.89	10427	28.96	43.58	8.92	4.99															2018-05-09 00:36:00
09.05.2018	00:42:00	RO_SE_001	3375	255280	174	0	12814	10.66	20.09	10.45	4.97	11404	17.55	31.33	8.9	4.97	12700	11.15	21.02	10.16	4.97	11015	21.10	35.86	8.78	4.99	11638	16.18	29.37	10.02	4.89	10427	28.96	43.58	8.92	4.99															2018-05-09 00:42:00
09.05.2018	00:48:00	RO_SE_001	3376	255281	174	0	12814	10.66	20.09	10.42	4.97	11404	17.55	31.33	8.91	4.97	12700	11.15	21.02	10.14	4.97	11015	21.10	35.86	8.79	4.99	11638	16.18	29.37	10.02	4.89	10427	28.96	43.58	8.94	4.99															2018-05-09 00:48:00
09.05.2018	00:54:00	RO_SE_001	3376	255282	177	0	12814	10.66	20.09	10.43	4.94	11404	17.55	31.33	8.91	4.97	12701	11.15	21.01	10.18	4.97	11015	21.10	35.86	8.86	4.99	11638	16.18	29.37	10.04	4.89	10427	28.96	43.58	8.97	4.99															2018-05-09 00:54:00
09.05.2018	01:00:00	RO_SE_001	3376	255283	183	0	12814	10.66	20.09	10.43	4.94	11404	17.55	31.33	8.91	4.97	12701	11.15	21.01	10.14	4.97	11015	21.10	35.86	8.84	4.99	11638	16.18	29.37	10.05	4.89	10427	28.96	43.58	8.94	4.99															2018-05-09 01:00:00
09.05.2018	01:06:00	RO_SE_001	3376	255284	183	0	12815	10.65	20.08	10.41	4.97	11404	17.55	31.33	8.91	4.94	12701	11.15	21.01	10.17	4.97	11015	21.10	35.86	8.8	4.99	11639	16.18	29.36	10.0	4.89	10427	28.96	43.58	8.95	4.99															2018-05-09 01:06:00
09.05.2018	01:12:00	RO_SE_001	3376	255285	177	0	12815	10.65	20.08	10.42	4.97	11404	17.55	31.33	8.9	4.97	12702	11.14	21.0	10.18	4.97	11015	21.10	35.86	8.79	4.99	11639	16.18	29.36	9.99	4.89	10427	28.96	43.58	8.98	4.99															2018-05-09 01:12:00
09.05.2018	01:18:00	RO_SE_001	3376	255286	177	0	12815	10.65	20.08	10.39	4.97	11404	17.55	31.33	8.89	4.97	12700	11.15	21.02	10.18	4.97	11015	21.10	35.86	8.85	4.99	11639	16.18	29.36	10.02	4.89	10427	28.96	43.58	8.95	4.99															2018-05-09 01:18:00
09.05.2018	01:24:00	RO_SE_001	3375	255287	180	0	12815	10.65	20.08	10.42	4.97	11404	17.55	31.33	8.93	4.97	12700	11.15	21.02	10.13	4.97	11015	21.10	35.86	8.84	4.99	11640	16.17	29.35	10.01	4.89	10427	28.96	43.58	8.95	4.99															2018-05-09 01:24:00
09.05.2018	01:30:00	RO_SE_001	3375	255288	180	0	12815	10.65	20.08	10.41	4.97	11404	17.55	31.33	8.91	4.94	12702	11.14	21.0	10.16	4.97	11015	21.10	35.86	8.84	4.99	11640	16.17	29.35	10.02	4.89	10427	28.96	43.58	8.95	4.99															2018-05-09 01:30:00
09.05.2018	01:36:00	RO_SE_001	3374	255289	180	0	12815	10.65	20.08	10.38	4.97	11404	17.55	31.33	8.88	4.97	12701	11.15	21.01	10.16	4.97	11015	21.10	35.86	8.81	4.99	11640	16.17	29.35	9.99	4.89	10428	28.94	43.57	8.93	4.99															2018-05-09 01:36:00
09.05.2018	01:42:00	RO_SE_001	3374	255290	183	0	12815	10.65	20.08	10.38	4.97	11404	17.55	31.33	8.93	4.97	12701	11.15	21.01	10.15	4.97	11015	21.10	35.86	8.85	4.99	11641	16.16	29.34	10.01	4.89	10428	28.94	43.57	8.94	4.99															2018-05-09 01:42:00
09.05.2018	01:48:00	RO_SE_001	3374	255291	183	0	12815	10.65	20.08	10.41	4.97	11403	17.55	31.34	8.89	4.97	12701	11.15	21.01	10.13	4.97	11015	21.10	35.86	8.89	4.99	11641	16.16	29.34	9.97	4.89	10428	28.94	43.57	8.94	4.99															2018-05-09 01:48:00
09.05.2018	01:54:00	RO_SE_001	3374	255292	183	0	12815	10.65	20.08	10.36	4.97	11404	17.55	31.33	8.92	4.97	12702	11.14	21.0	10.13	4.97	11015	21.10	35.86	8.83	4.99	11641	16.16	29.34	9.99	4.89	10428	28.94	43.57	8.95	4.99															2018-05-09 01:54:00
09.05.2018	02:12:00	RO_SE_001	3373	255295	186	0	12816	10.65	20.08	10.36	4.94	11404	17.55	31.33	8.89	4.94	12703	11.14	21.0	10.1	4.97	11015	21.10	35.86	8.86	4.99	11642	16.16	29.34	10.01	4.89	10428	28.94	43.57	8.97	4.99															2018-05-09 02:12:00
09.05.2018	02:18:00	RO_SE_001	3373	255296	186	0	12816	10.65	20.08	10.34	4.97	11404	17.55	31.33	8.95	4.97	12703	11.14	21.0	10.1	4.97	11015	21.10	35.86	8.84	4.99	11643	16.15	29.33	9.97	4.91	10428	28.94	43.57	8.95	4.99															2018-05-09 02:18:00
09.05.2018	02:24:00	RO_SE_001	3372	255297	183	0	12816	10.65	20.08	10.34	4.97	11403	17.55	31.34	8.93	4.97	12704	11.14	20.99	10.13	4.97	11015	21.10	35.86	8.84	4.99	11643	16.15	29.33	9.96	4.89	10428	28.94	43.57	8.98	4.99															2018-05-09 02:24:00
09.05.2018	02:30:00	RO_SE_001	3372	255298	183	0	12816	10.65	20.08	10.35	4.97	11404	17.55	31.33	8.92	4.97	12704	11.14	20.99	10.08	4.97	11015	21.10	35.86	8.81	4.99	11643	16.15	29.33	9.98	4.91	10428	28.94	43.57	8.97	4.99															2018-05-09 02:30:00
09.05.2018	02:36:00	RO_SE_001	3372	255299	183	0	12816	10.65	20.08	10.34	4.97	11404	17.55	31.33	8.95	4.97	12704	11.14	20.99	10.12	4.97	11015	21.10	35.86	8.87	4.99	11643	16.15	29.33	9.98	4.89	10428	28.94	43.57	8.95	4.99															2018-05-09 02:36:00
09.05.2018	02:42:00	RO_SE_001	3372	255300	183	0	12816	10.65	20.08	10.35	4.97	11404	17.55	31.33	8.94	4.97	12704	11.14	20.99	10.06	4.97	11015	21.10	35.86	8.81	4.99	11643	16.15	29.33	9.96	4.89	10428	28.94	43.57	8.95	4.99															2018-05-09 02:42:00
09.05.2018	02:48:00	RO_SE_001	3186	255301	183	0	12817	10.64	20.07	10.32	4.97	11403	17.55	31.34	8.93	4.94	12704	11.14	20.99	10.09	4.97	11015	21.10	35.86	8.83	4.99	11643	16.15	29.33	9.95	4.89	10428	28.94	43.57	8.98	4.99															2018-05-09 02:48:00
09.05.2018	02:54:00	RO_SE_001	3378	255302	183	0	12817	10.64	20.07	10.31	4.97	11403	17.55	31.34	8.95	4.94	12705	11.13	20.98	10.09	4.94	11015	21.10	35.86	8.87	4.99	11643	16.15	29.33	9.96	4.89	10428	28.94	43.57	8.96	4.99															2018-05-09 02:54:00
09.05.2018	03:00:00	RO_SE_001	3377	255303	180	0	12817	10.64	20.07	10.3	4.94	11403	17.55	31.34	8.93	4.97	12705	11.13	20.98	10.06	4.97	11015	21.10	35.86	8.86	4.99	11644	16.15	29.32	9.99	4.89	10428	28.94	43.57	8.98	4.99															2018-05-09 03:00:00
09.05.2018	03:06:00	RO_SE_001	3376	255304	183	0	12817	10.64	20.07	10.32	4.94	11403	17.55	31.34	8.95	4.94	12705	11.13	20.98	10.05	4.97	11015	21.10	35.86	8.88	4.99	11644	16.15	29.32	9.95	4.89	10428	28.94	43.57	8.99	4.99															2018-05-09 03:06:00
09.05.2018	03:12:00	RO_SE_001	3375	255305	183	0	12817	10.64	20.07	10.3	4.97	11403	17.55	31.34	8.91	4.94	12706	11.13	20.98	10.05	4.97	11015	21.10	35.86	8.87	4.99	11644	16.15	29.32	9.95	4.89	10428	28.94	43.57	8.98	4.99															2018-05-09 03:12:00
09.05.2018	03:18:00	RO_SE_001	3374	255306	186	0	12817	10.64	20.07	10.29	4.94	11403	17.55	31.34	8.95	4.97	12706	11.13	20.98	10.06	4.97	11015	21.10	35.86	8.84	4.97	11644	16.15	29.32	9.95	4.91	10428	28.94	43.57	8.98	4.99															2018-05-09 03:18:00
09.05.2018	03:24:00	RO_SE_001	3374	255307	186	0	12817	10.64	20.07	10.32	4.94	11403	17.55	31.34	8.95	4.94	12706	11.13	20.98	10.08	4.97	11015	21.10	35.86	8.89	4.99	11645	16.14	29.31	9.94	4.91	10428	28.94	43.57	8.98	4.99															2018-05-09 03:24:00
09.05.2018	03:30:00	RO_SE_001	3373	255308	183	0	12817	10.64	20.07	10.27	4.97	11403	17.55	31.34	8.95	4.94	12707	11.12	20.97	10.06	4.97	11016	21.09	35.85	8.84	4.99	11645	16.14	29.31	9.98	4.89	10428	28.94	43.57	9.0	4.99															2018-05-09 03:30:00
09.05.2018	03:36:00	RO_SE_001	3374	255309	183	0	12817	10.64	20.07	10.29	4.94	11403	17.55	31.34	8.93	4.97	12707	11.12	20.97	10.03	4.97	11016	21.09	35.85	8.84	4.99	11645	16.14	29.31	9.92	4.89	10428	28.94	43.57	8.98	4.99															2018-05-09 03:36:00
09.05.2018	03:42:00	RO_SE_001	3373	255310	183	0	12818	10.64	20.06	10.29	4.97	11403	17.55	31.34	8.95	4.94	12707	11.12	20.97	10.05	4.97	11016	21.09	35.85	8.88	4.99	11646	16.13	29.3	9.95	4.89	10428	28.94	43.57	9.0	4.99															2018-05-09 03:42:00
09.05.2018	03:48:00	RO_SE_001	3372	255311	177	0	12818	10.64	20.06	10.26	4.97	11403	17.55	31.34	8.95	4.94	12707	11.12	20.97	10.05	4.97	11016	21.09	35.85	8.86	4.99	11646	16.13	29.3	9.95	4.89	10428	28.94	43.57	8.97	4.99															2018-05-09 03:48:00
09.05.2018	03:54:00	RO_SE_001	3372	255312	180	0	12818	10.64	20.06	10.28	4.94	11403	17.55	31.34	8.94	4.94	12707	11.12	20.97	10.05	4.97	11016	21.09	35.85	8.86	4.99	11646	16.13	29.3	9.93	4.89	10428	28.94	43.57	8.98	4.99															2018-05-09 03:54:00
09.05.2018	04:00:00	RO_SE_001	3372	255313	183	0	12818	10.64	20.06	10.3	4.94	11403	17.55	31.34	8.95	4.97	12708	11.12	20.96	10.02	4.97	11016	21.09	35.85	8.88	4.99	11646	16.13	29.3	9.91	4.89	10428	28.94	43.57	9.01	4.99															2018-05-09 04:00:00
09.05.2018	04:06:00	RO_SE_001	3372	255314	183	0	12818	10.64	20.06	10.27	4.97	11403	17.55	31.34	8.95	4.97	12708	11.12	20.96	10.01	4.97	11017	21.08	35.84	8.85	4.99	11647	16.13	29.29	9.93	4.89	10428	28.94	43.57	8.98	4.99															2018-05-09 04:06:00
09.05.2018	04:12:00	RO_SE_001	3371	255315	183	0	12818	10.64	20.06	10.24	4.94	11403	17.55	31.34	8.95	4.97	12708	11.12	20.96	10.02	4.97	11017	21.08	35.84	8.89	4.99	11647	16.13	29.29	9.92	4.89	10428	28.94	43.57	8.98	4.99															2018-05-09 04:12:00
09.05.2018	04:18:00	RO_SE_001	3371	255316	183	0	12818	10.64	20.06	10.24	4.97	11403	17.55	31.34	8.97	4.97	12708	11.12	20.96	10.03	4.97	11017	21.08	35.84	8.88	4.99	11648	16.12	29.28	9.92	4.89	10428	28.94	43.57	8.98	4.99															2018-05-09 04:18:00
09.05.2018	04:24:00	RO_SE_001	3370	255317	183	0	12818	10.64	20.06	10.25	4.97	11403	17.55	31.34	8.95	4.94	12708	11.12	20.96	10.02	4.97	11016	21.09	35.85	8.85	4.99	11647	16.13	29.29	9.91	4.89	10429	28.93	43.55	9.0	4.99															2018-05-09 04:24:00
09.05.2018	04:30:00	RO_SE_001	3370	255318	183	0	12818	10.64	20.06	10.25	4.94	11403	17.55	31.34	8.98	4.94	12709	11.12	20.95	9.99	4.97	11017	21.08	35.84	8.87	4.99	11648	16.12	29.28	9.91	4.89	10429	28.93	43.55	9.01	4.99															2018-05-09 04:30:00
09.05.2018	04:36:00	RO_SE_001	3241	255319	0	0	12819	10.64	20.06	10.24	4.97	11403	17.55	31.34	8.95	4.97	12709	11.12	20.95	10.0	4.97	11017	21.08	35.84	8.88	4.99	11648	16.12	29.28	9.91	4.89	10429	28.93	43.55	8.99	4.99															2018-05-09 04:36:00
09.05.2018	04:42:00	RO_SE_001	3370	255320	183	0	12819	10.64	20.06	10.23	4.97	11403	17.55	31.34	8.97	4.97	12709	11.12	20.95	9.96	4.97	11017	21.08	35.84	8.91	4.99	11648	16.12	29.28	9.91	4.89	10429	28.93	43.55	8.99	4.99															2018-05-09 04:42:00
09.05.2018	04:48:00	RO_SE_001	3371	255321	183	0	12819	10.64	20.06	10.21	4.94	11403	17.55	31.34	8.92	4.94	12708	11.12	20.96	9.98	4.97	11017	21.08	35.84	8.85	4.99	11648	16.12	29.28	9.9	4.89	10429	28.93	43.55	8.99	4.99															2018-05-09 04:48:00
09.05.2018	04:54:00	RO_SE_001	3371	255322	183	0	12819	10.64	20.06	10.22	4.97	11403	17.55	31.34	8.97	4.97	12709	11.12	20.95	9.98	4.97	11017	21.08	35.84	8.91	4.99	11649	16.11	29.27	9.9	4.89	10429	28.93	43.55	9.0	4.99															2018-05-09 04:54:00
09.05.2018	05:00:00	RO_SE_001	3371	255323	183	0	12819	10.64	20.06	10.19	4.97	11403	17.55	31.34	8.97	4.97	12709	11.12	20.95	9.98	4.97	11017	21.08	35.84	8.88	4.99	11649	16.11	29.27	9.89	4.89	10429	28.93	43.55	9.01	4.99															2018-05-09 05:00:00
09.05.2018	05:06:00	RO_SE_001	3371	255324	183	0	12819	10.64	20.06	10.19	4.97	11403	17.55	31.34	8.98	4.94	12709	11.12	20.95	9.98	4.97	11017	21.08	35.84	8.91	4.99	11650	16.11	29.26	9.88	4.89	10429	28.93	43.55	9.01	4.99															2018-05-09 05:06:00
09.05.2018	05:12:00	RO_SE_001	3370	255325	183	0	12819	10.64	20.06	10.16	4.97	11403	17.55	31.34	8.95	4.94	12710	11.11	20.95	9.96	4.97	11017	21.08	35.84	8.88	4.99	11650	16.11	29.26	9.91	4.89	10429	28.93	43.55	8.99	4.99															2018-05-09 05:12:00
09.05.2018	05:18:00	RO_SE_001	3240	255326	0	0	12819	10.64	20.06	10.18	4.97	11403	17.55	31.34	8.96	4.97	12709	11.12	20.95	9.95	4.97	11018	21.07	35.83	8.91	4.99	11650	16.11	29.26	9.91	4.89	10429	28.93	43.55	9.02	4.99															2018-05-09 05:18:00
09.05.2018	05:24:00	RO_SE_001	3370	255327	183	0	12820	10.63	20.05	10.16	4.94	11403	17.55	31.34	8.91	4.97	12709	11.12	20.95	9.96	4.97	11018	21.07	35.83	8.89	4.99	11650	16.11	29.26	9.89	4.89	10429	28.93	43.55	8.98	4.99															2018-05-09 05:24:00
09.05.2018	05:30:00	RO_SE_001	3371	255328	183	0	12820	10.63	20.05	10.21	4.97	11403	17.55	31.34	8.97	4.97	12709	11.12	20.95	9.95	4.97	11018	21.07	35.83	8.9	4.99	11650	16.11	29.26	9.86	4.89	10429	28.93	43.55	9.0	4.99															2018-05-09 05:30:00
09.05.2018	05:36:00	RO_SE_001	3370	255329	183	0	12820	10.63	20.05	10.17	4.97	11403	17.55	31.34	8.98	4.94	12710	11.11	20.95	9.93	4.97	11018	21.07	35.83	8.89	4.99	11651	16.10	29.25	9.87	4.89	10429	28.93	43.55	9.01	4.99															2018-05-09 05:36:00
09.05.2018	05:42:00	RO_SE_001	3370	255330	183	0	12820	10.63	20.05	10.16	4.97	11403	17.55	31.34	8.98	4.94	12710	11.11	20.95	9.9	4.97	11018	21.07	35.83	8.92	4.99	11651	16.10	29.25	9.88	4.89	10429	28.93	43.55	9.03	4.99															2018-05-09 05:42:00
09.05.2018	05:48:00	RO_SE_001	3370	255331	183	0	12820	10.63	20.05	10.15	4.97	11403	17.55	31.34	8.98	4.94	12710	11.11	20.95	9.92	4.97	11018	21.07	35.83	8.89	4.99	11651	16.10	29.25	9.85	4.89	10429	28.93	43.55	9.02	4.99															2018-05-09 05:48:00
09.05.2018	05:54:00	RO_SE_001	3373	255332	183	0	12820	10.63	20.05	10.14	4.94	11403	17.55	31.34	8.97	4.97	12707	11.12	20.97	9.91	4.97	11019	21.06	35.82	8.84	4.99	11650	16.11	29.26	9.86	4.89	10429	28.93	43.55	9.0	4.99															2018-05-09 05:54:00
09.05.2018	06:00:00	RO_SE_001	3374	255333	183	0	12819	10.64	20.06	10.15	4.94	11403	17.55	31.34	8.96	4.97	12709	11.12	20.95	9.91	4.97	11019	21.06	35.82	8.88	4.99	11651	16.10	29.25	9.87	4.89	10429	28.93	43.55	9.02	4.99															2018-05-09 06:00:00
09.05.2018	06:06:00	RO_SE_001	3371	255334	177	0	12819	10.64	20.06	10.13	4.97	11403	17.55	31.34	9.0	4.97	12711	11.11	20.94	9.88	4.97	11019	21.06	35.82	8.91	4.99	11651	16.10	29.25	9.84	4.89	10429	28.93	43.55	9.0	4.99															2018-05-09 06:06:00
09.05.2018	06:18:00	RO_SE_001	3371	255336	183	0	12820	10.63	20.05	10.15	4.97	11403	17.55	31.34	8.97	4.94	12711	11.11	20.94	9.87	4.97	11019	21.06	35.82	8.9	4.99	11651	16.10	29.25	9.88	4.91	10429	28.93	43.55	9.0	4.99															2018-05-09 06:18:00
09.05.2018	06:24:00	RO_SE_001	3370	255337	183	0	12821	10.63	20.04	10.13	4.97	11403	17.55	31.34	8.98	4.97	12711	11.11	20.94	9.92	4.97	11019	21.06	35.82	8.91	4.99	11652	16.09	29.24	9.84	4.89	10429	28.93	43.55	8.99	4.99															2018-05-09 06:24:00
09.05.2018	06:30:00	RO_SE_001	3370	255338	180	0	12820	10.63	20.05	10.14	4.94	11403	17.55	31.34	8.96	4.97	12711	11.11	20.94	9.88	4.97	11019	21.06	35.82	8.88	4.99	11652	16.09	29.24	9.84	4.89	10429	28.93	43.55	9.01	4.99															2018-05-09 06:30:00
09.05.2018	06:36:00	RO_SE_001	3370	255339	183	0	12820	10.63	20.05	10.09	4.97	11403	17.55	31.34	8.98	4.97	12712	11.11	20.93	9.9	4.97	11020	21.05	35.81	8.91	4.99	11652	16.09	29.24	9.84	4.89	10429	28.93	43.55	9.0	4.99															2018-05-09 06:36:00
09.05.2018	06:42:00	RO_SE_001	3369	255340	180	0	12820	10.63	20.05	10.12	4.97	11403	17.55	31.34	8.98	4.94	12712	11.11	20.93	9.88	4.97	11020	21.05	35.81	8.91	4.99	11652	16.09	29.24	9.83	4.89	10429	28.93	43.55	8.99	4.99															2018-05-09 06:42:00
09.05.2018	06:48:00	RO_SE_001	3369	255341	183	0	12820	10.63	20.05	10.09	4.97	11403	17.55	31.34	8.98	4.94	12712	11.11	20.93	9.87	4.97	11020	21.05	35.81	8.88	4.99	11653	16.09	29.23	9.83	4.89	10429	28.93	43.55	9.02	4.99															2018-05-09 06:48:00
09.05.2018	06:54:00	RO_SE_001	3368	255342	183	0	12820	10.63	20.05	10.1	4.97	11403	17.55	31.34	8.96	4.94	12712	11.11	20.93	9.88	4.97	11020	21.05	35.81	8.89	4.99	11653	16.09	29.23	9.82	4.89	10429	28.93	43.55	9.02	4.99															2018-05-09 06:54:00
09.05.2018	07:00:00	RO_SE_001	3368	255343	183	0	12821	10.63	20.04	10.09	4.97	11403	17.55	31.34	8.98	4.97	12713	11.10	20.93	9.88	4.97	11020	21.05	35.81	8.89	4.99	11653	16.09	29.23	9.81	4.89	10430	28.91	43.54	9.0	4.99															2018-05-09 07:00:00
09.05.2018	07:06:00	RO_SE_001	3368	255344	183	0	12821	10.63	20.04	10.07	4.97	11404	17.55	31.33	8.98	4.97	12713	11.10	20.93	9.82	4.97	11021	21.04	35.8	8.88	4.99	11653	16.09	29.23	9.81	4.89	10430	28.91	43.54	9.02	4.99															2018-05-09 07:06:00
09.05.2018	07:12:00	RO_SE_001	3367	255345	183	0	12821	10.63	20.04	10.1	4.97	11404	17.55	31.33	8.98	4.94	12713	11.10	20.93	9.89	4.97	11021	21.04	35.8	8.91	4.99	11654	16.08	29.22	9.81	4.91	10430	28.91	43.54	9.01	4.99															2018-05-09 07:12:00
09.05.2018	07:18:00	RO_SE_001	3368	255346	183	0	12821	10.63	20.04	10.09	4.97	11404	17.55	31.33	8.97	4.97	12713	11.10	20.93	9.85	4.97	11021	21.04	35.8	8.86	4.99	11654	16.08	29.22	9.83	4.89	10430	28.91	43.54	9.02	4.99															2018-05-09 07:18:00
09.05.2018	07:24:00	RO_SE_001	3367	255347	183	0	12821	10.63	20.04	10.1	4.97	11405	17.54	31.32	8.96	4.94	12714	11.10	20.92	9.86	4.97	11021	21.04	35.8	8.92	4.99	11654	16.08	29.22	9.8	4.89	10430	28.91	43.54	9.03	4.99															2018-05-09 07:24:00
09.05.2018	07:30:00	RO_SE_001	3366	255348	180	0	12821	10.63	20.04	10.09	4.97	11405	17.54	31.32	8.98	4.94	12714	11.10	20.92	9.84	4.97	11021	21.04	35.8	8.9	4.99	11655	16.08	29.21	9.78	4.89	10430	28.91	43.54	9.0	4.99															2018-05-09 07:30:00
09.05.2018	07:36:00	RO_SE_001	3365	255349	183	0	12822	10.63	20.04	10.07	4.94	11405	17.54	31.32	9.0	4.97	12714	11.10	20.92	9.87	4.97	11021	21.04	35.8	8.88	4.99	11655	16.08	29.21	9.79	4.89	10430	28.91	43.54	9.02	4.99															2018-05-09 07:36:00
09.05.2018	07:42:00	RO_SE_001	3366	255350	183	0	12822	10.63	20.04	10.08	4.94	11405	17.54	31.32	8.97	4.97	12715	11.09	20.91	9.82	4.97	11022	21.03	35.79	8.9	4.99	11655	16.08	29.21	9.82	4.89	10430	28.91	43.54	9.0	4.99															2018-05-09 07:42:00
09.05.2018	07:48:00	RO_SE_001	3365	255351	183	0	12822	10.63	20.04	10.05	4.97	11406	17.53	31.31	8.98	4.97	12715	11.09	20.91	9.88	4.97	11022	21.03	35.79	8.9	4.99	11656	16.07	29.2	9.79	4.89	10430	28.91	43.54	9.02	4.99															2018-05-09 07:48:00
09.05.2018	07:54:00	RO_SE_001	3366	255352	183	0	12822	10.63	20.04	10.05	4.97	11406	17.53	31.31	9.01	4.97	12715	11.09	20.91	9.84	4.97	11022	21.03	35.79	8.88	4.99	11656	16.07	29.2	9.77	4.89	10430	28.91	43.54	9.01	4.99															2018-05-09 07:54:00
09.05.2018	08:00:00	RO_SE_001	3365	255353	183	0	12823	10.62	20.03	10.06	4.94	11407	17.53	31.3	8.96	4.97	12715	11.09	20.91	9.84	4.97	11022	21.03	35.79	8.91	4.99	11656	16.07	29.2	9.77	4.89	10430	28.91	43.54	9.02	4.99															2018-05-09 08:00:00
09.05.2018	08:06:00	RO_SE_001	3365	255354	183	0	12823	10.62	20.03	10.04	4.97	11407	17.53	31.3	8.96	4.94	12716	11.09	20.91	9.85	4.97	11023	21.02	35.78	8.94	4.99	11657	16.06	29.19	9.78	4.89	10430	28.91	43.54	9.01	4.99															2018-05-09 08:06:00
09.05.2018	08:12:00	RO_SE_001	3233	255355	0	0	12823	10.62	20.03	10.06	4.94	11407	17.53	31.3	8.97	4.94	12716	11.09	20.91	9.83	4.97	11023	21.02	35.78	8.9	4.99	11657	16.06	29.19	9.77	4.89	10430	28.91	43.54	8.97	4.99															2018-05-09 08:12:00
09.05.2018	08:18:00	RO_SE_001	3365	255356	150	0	12823	10.62	20.03	10.04	4.94	11408	17.52	31.29	8.98	4.97	12715	11.09	20.91	9.82	4.97	11023	21.02	35.78	8.91	4.99	11657	16.06	29.19	9.77	4.89	10430	28.91	43.54	9.02	4.99															2018-05-09 08:18:00
09.05.2018	08:24:00	RO_SE_001	3367	255357	150	0	12824	10.62	20.02	10.09	4.97	11408	17.52	31.29	8.98	4.97	12716	11.09	20.91	9.8	4.97	11023	21.02	35.78	8.91	4.99	11658	16.06	29.19	9.8	4.89	10430	28.91	43.54	9.03	4.99															2018-05-09 08:24:00
09.05.2018	08:30:00	RO_SE_001	3367	255358	153	0	12824	10.62	20.02	10.08	4.97	11408	17.52	31.29	8.95	4.97	12716	11.09	20.91	9.85	4.97	11024	21.01	35.76	8.9	4.99	11658	16.06	29.19	9.77	4.89	10430	28.91	43.54	9.0	4.99															2018-05-09 08:30:00
09.05.2018	08:36:00	RO_SE_001	3366	255359	153	0	12824	10.62	20.02	10.09	4.94	11409	17.51	31.28	8.96	4.97	12716	11.09	20.91	9.85	4.97	11024	21.01	35.76	8.89	4.99	11657	16.06	29.19	9.74	4.89	10430	28.91	43.54	9.03	4.99															2018-05-09 08:36:00
09.05.2018	08:42:00	RO_SE_001	3366	255360	153	0	12824	10.62	20.02	10.09	4.97	11409	17.51	31.28	9.01	4.94	12717	11.09	20.9	9.83	4.97	11023	21.02	35.78	8.91	4.99	11658	16.06	29.19	9.74	4.89	10430	28.91	43.54	8.98	4.99															2018-05-09 08:42:00
09.05.2018	08:48:00	RO_SE_001	3366	255361	147	0	12825	10.62	20.01	10.05	4.94	11409	17.51	31.28	9.01	4.97	12717	11.09	20.9	9.82	4.97	11023	21.02	35.78	8.9	4.99	11659	16.05	29.18	9.76	4.89	10430	28.91	43.54	9.01	4.99															2018-05-09 08:48:00
09.05.2018	08:54:00	RO_SE_001	3365	255362	150	0	12825	10.62	20.01	10.05	4.94	11410	17.50	31.27	8.97	4.97	12718	11.08	20.89	9.86	4.97	11024	21.01	35.76	8.92	4.99	11659	16.05	29.18	9.77	4.89	10430	28.91	43.54	8.98	4.99															2018-05-09 08:54:00
09.05.2018	09:00:00	RO_SE_001	3365	255363	144	0	12826	10.61	20.01	10.05	4.94	11411	17.50	31.26	8.97	4.94	12718	11.08	20.89	9.82	4.94	11024	21.01	35.76	8.93	4.99	11659	16.05	29.18	9.77	4.89	10431	28.89	43.52	9.01	4.99															2018-05-09 09:00:00
09.05.2018	09:06:00	RO_SE_001	3364	255364	150	0	12826	10.61	20.01	10.06	4.94	11411	17.50	31.26	9.01	4.94	12718	11.08	20.89	9.84	4.97	11024	21.01	35.76	8.88	4.99	11660	16.04	29.17	9.79	4.89	10431	28.89	43.52	9.05	4.99															2018-05-09 09:06:00
09.05.2018	09:12:00	RO_SE_001	3364	255365	150	0	12826	10.61	20.01	10.13	4.97	11412	17.49	31.25	8.96	4.94	12719	11.08	20.88	9.88	4.97	11024	21.01	35.76	8.88	4.99	11660	16.04	29.17	9.77	4.89	10431	28.89	43.52	9.02	4.99															2018-05-09 09:12:00
09.05.2018	09:18:00	RO_SE_001	3363	255366	150	0	12827	10.61	20.0	10.09	4.97	11412	17.49	31.25	8.98	4.97	12719	11.08	20.88	9.83	4.97	11025	21.01	35.75	8.91	4.99	11661	16.04	29.16	9.78	4.89	10431	28.89	43.52	9.03	4.99															2018-05-09 09:18:00
09.05.2018	09:24:00	RO_SE_001	3363	255367	150	0	12827	10.61	20.0	10.05	4.94	11413	17.48	31.24	8.99	4.94	12719	11.08	20.88	9.88	4.97	11025	21.01	35.75	8.9	4.99	11661	16.04	29.16	9.78	4.91	10431	28.89	43.52	9.03	4.99															2018-05-09 09:24:00
09.05.2018	09:30:00	RO_SE_001	3364	255368	150	0	12827	10.61	20.0	10.06	4.97	11414	17.48	31.23	8.98	4.97	12720	11.08	20.88	9.88	4.97	11025	21.01	35.75	8.91	4.99	11662	16.03	29.15	9.77	4.89	10431	28.89	43.52	9.03	4.99															2018-05-09 09:30:00
09.05.2018	09:36:00	RO_SE_001	3363	255369	150	0	12827	10.61	20.0	10.1	4.97	11414	17.48	31.23	8.98	4.97	12720	11.08	20.88	9.85	4.97	11025	21.01	35.75	8.9	4.99	11662	16.03	29.15	9.77	4.89	10431	28.89	43.52	9.0	4.99															2018-05-09 09:36:00
09.05.2018	09:42:00	RO_SE_001	3363	255370	150	0	12827	10.61	20.0	10.08	4.97	11415	17.47	31.22	8.97	4.94	12721	11.07	20.87	9.86	4.97	11026	21.00	35.74	8.93	4.99	11663	16.03	29.14	9.78	4.89	10431	28.89	43.52	9.03	4.99															2018-05-09 09:42:00
09.05.2018	09:48:00	RO_SE_001	3363	255371	150	0	12828	10.61	19.99	10.05	4.97	11415	17.47	31.22	8.99	4.94	12721	11.07	20.87	9.85	4.97	11026	21.00	35.74	8.93	4.99	11663	16.03	29.14	9.77	4.89	10431	28.89	43.52	9.02	4.99															2018-05-09 09:48:00
09.05.2018	09:54:00	RO_SE_001	3363	255372	150	0	12828	10.61	19.99	10.09	4.94	11416	17.46	31.21	8.99	4.94	12722	11.07	20.86	9.89	4.97	11026	21.00	35.74	8.89	4.99	11664	16.02	29.13	9.75	4.91	10431	28.89	43.52	9.03	4.99															2018-05-09 09:54:00
09.05.2018	10:00:00	RO_SE_001	3363	255373	147	0	12828	10.61	19.99	10.1	4.97	11416	17.46	31.21	8.99	4.97	12723	11.06	20.86	9.88	4.94	11027	20.99	35.73	8.9	4.99	11664	16.02	29.13	9.76	4.89	10431	28.89	43.52	9.02	4.99															2018-05-09 10:00:00
09.05.2018	10:06:00	RO_SE_001	3363	255374	150	0	12829	10.60	19.99	10.1	4.94	11417	17.46	31.2	8.98	4.97	12723	11.06	20.86	9.88	4.97	11027	20.99	35.73	8.91	4.99	11665	16.01	29.12	9.75	4.89	10431	28.89	43.52	9.01	4.99															2018-05-09 10:06:00
09.05.2018	10:12:00	RO_SE_001	3363	255375	150	0	12829	10.60	19.99	10.11	4.97	11418	17.45	31.19	8.98	4.97	12723	11.06	20.86	9.89	4.97	11027	20.99	35.73	8.89	4.99	11665	16.01	29.12	9.77	4.89	10432	28.88	43.51	9.02	4.99															2018-05-09 10:12:00
09.05.2018	10:18:00	RO_SE_001	3363	255376	150	0	12830	10.60	19.98	10.13	4.97	11418	17.45	31.19	8.98	4.94	12723	11.06	20.86	9.91	4.97	11027	20.99	35.73	8.92	4.99	11665	16.01	29.12	9.8	4.89	10432	28.88	43.51	9.05	4.99															2018-05-09 10:18:00
09.05.2018	10:24:00	RO_SE_001	3362	255377	150	0	12830	10.60	19.98	10.14	4.97	11419	17.44	31.18	8.98	4.94	12724	11.06	20.85	9.91	4.97	11028	20.98	35.72	8.91	4.99	11665	16.01	29.12	9.8	4.91	10432	28.88	43.51	9.02	4.99															2018-05-09 10:24:00
09.05.2018	10:30:00	RO_SE_001	3362	255378	150	0	12830	10.60	19.98	10.13	4.97	11420	17.43	31.17	8.98	4.94	12725	11.06	20.84	9.91	4.97	11028	20.98	35.72	8.91	4.99	11666	16.01	29.11	9.77	4.89	10432	28.88	43.51	9.02	4.99															2018-05-09 10:30:00
09.05.2018	10:36:00	RO_SE_001	3362	255379	144	0	12831	10.59	19.97	10.15	4.94	11421	17.43	31.16	8.98	4.97	12726	11.05	20.84	9.92	4.97	11028	20.98	35.72	8.88	4.99	11666	16.01	29.11	9.8	4.89	10432	28.88	43.51	8.99	4.99															2018-05-09 10:36:00
09.05.2018	10:42:00	RO_SE_001	3362	255380	144	0	12831	10.59	19.97	10.16	4.94	11421	17.43	31.16	8.98	4.97	12726	11.05	20.84	9.9	4.97	11029	20.97	35.71	8.9	4.99	11667	16.00	29.1	9.81	4.89	10432	28.88	43.51	9.02	4.99															2018-05-09 10:42:00
09.05.2018	10:48:00	RO_SE_001	3362	255381	150	0	12832	10.59	19.97	10.16	4.94	11422	17.42	31.15	8.99	4.94	12723	11.06	20.86	9.93	4.97	11029	20.97	35.71	8.91	4.99	11668	15.99	29.09	9.81	4.89	10432	28.88	43.51	9.0	4.99															2018-05-09 10:48:00
09.05.2018	10:54:00	RO_SE_001	3362	255382	150	0	12832	10.59	19.97	10.17	4.97	11422	17.42	31.15	8.97	4.94	12727	11.05	20.83	9.91	4.97	11029	20.97	35.71	8.91	4.99	11668	15.99	29.09	9.8	4.89	10432	28.88	43.51	9.02	4.99															2018-05-09 10:54:00
09.05.2018	11:00:00	RO_SE_001	3362	255383	150	0	12833	10.59	19.96	10.19	4.94	11422	17.42	31.15	8.98	4.94	12728	11.05	20.82	9.92	4.97	11029	20.97	35.71	8.92	4.99	11669	15.99	29.08	9.81	4.89	10432	28.88	43.51	9.05	4.99															2018-05-09 11:00:00
09.05.2018	11:06:00	RO_SE_001	3361	255384	150	0	12833	10.59	19.96	10.23	4.97	11423	17.41	31.14	8.99	4.97	12728	11.05	20.82	9.97	4.97	11030	20.96	35.7	8.91	4.99	11669	15.99	29.08	9.82	4.89	10432	28.88	43.51	9.02	4.99															2018-05-09 11:06:00
09.05.2018	11:12:00	RO_SE_001	3362	255385	150	0	12834	10.58	19.95	10.22	4.97	11424	17.41	31.13	9.0	4.97	12729	11.04	20.82	9.96	4.97	11030	20.96	35.7	8.91	4.99	11670	15.98	29.07	9.8	4.89	10433	28.86	43.5	8.99	4.99															2018-05-09 11:12:00
09.05.2018	11:18:00	RO_SE_001	3361	255386	150	0	12834	10.58	19.95	10.22	4.97	11424	17.41	31.13	8.97	4.97	12730	11.04	20.81	9.94	4.97	11030	20.96	35.7	8.88	4.99	11671	15.97	29.06	9.83	4.89	10433	28.86	43.5	8.98	4.99															2018-05-09 11:18:00
09.05.2018	11:24:00	RO_SE_001	3362	255387	147	0	12834	10.58	19.95	10.2	4.97	11425	17.40	31.12	8.97	4.94	12730	11.04	20.81	9.95	4.97	11031	20.95	35.69	8.92	4.99	11671	15.97	29.06	9.85	4.89	10433	28.86	43.5	9.02	4.99															2018-05-09 11:24:00
09.05.2018	11:30:00	RO_SE_001	3362	255388	132	0	12834	10.58	19.95	10.23	4.97	11426	17.39	31.11	8.98	4.97	12730	11.04	20.81	9.99	4.97	11031	20.95	35.69	8.89	4.99	11672	15.97	29.05	9.86	4.89	10433	28.86	43.5	8.96	4.99															2018-05-09 11:30:00
09.05.2018	11:36:00	RO_SE_001	3172	255389	132	0	12835	10.58	19.95	10.24	4.94	11427	17.38	31.1	8.98	4.94	12730	11.04	20.81	9.98	4.97	11031	20.95	35.69	8.94	4.99	11671	15.97	29.06	9.83	4.89	10433	28.86	43.5	8.98	4.99															2018-05-09 11:36:00
09.05.2018	11:42:00	RO_SE_001	3368	255390	147	0	12835	10.58	19.95	10.25	4.97	11428	17.38	31.09	8.96	4.97	12731	11.03	20.8	10.01	4.97	11030	20.96	35.7	8.93	4.99	11672	15.97	29.05	9.84	4.89	10433	28.86	43.5	9.02	4.99															2018-05-09 11:42:00
09.05.2018	11:48:00	RO_SE_001	3367	255391	147	0	12836	10.58	19.94	10.26	4.97	11429	17.37	31.08	8.98	4.94	12732	11.03	20.8	9.99	4.97	11031	20.95	35.69	8.93	4.99	11673	15.96	29.05	9.87	4.89	10433	28.86	43.5	9.02	4.99															2018-05-09 11:48:00
09.05.2018	11:54:00	RO_SE_001	3366	255392	147	0	12836	10.58	19.94	10.28	4.97	11429	17.37	31.08	9.02	4.94	12733	11.03	20.79	10.02	4.97	11031	20.95	35.69	8.88	4.99	11673	15.96	29.05	9.85	4.89	10433	28.86	43.5	9.0	4.99															2018-05-09 11:54:00
09.05.2018	12:00:00	RO_SE_001	3366	255393	147	0	12837	10.57	19.93	10.3	4.97	11429	17.37	31.08	8.98	4.94	12734	11.02	20.78	10.04	4.97	11031	20.95	35.69	8.9	4.99	11674	15.96	29.04	9.86	4.89	10432	28.88	43.51	9.0	4.99															2018-05-09 12:00:00
09.05.2018	12:06:00	RO_SE_001	3365	255394	147	0	12837	10.57	19.93	10.3	4.97	11430	17.36	31.07	8.98	4.97	12734	11.02	20.78	10.01	4.94	11032	20.94	35.68	8.91	4.99	11675	15.95	29.03	9.85	4.89	10433	28.86	43.5	9.02	4.99															2018-05-09 12:06:00
09.05.2018	12:12:00	RO_SE_001	3364	255395	147	0	12838	10.57	19.93	10.32	4.94	11430	17.36	31.07	8.98	4.97	12735	11.02	20.77	10.07	4.97	11032	20.94	35.68	8.88	4.99	11675	15.95	29.03	9.9	4.89	10434	28.84	43.48	8.99	4.99															2018-05-09 12:12:00
09.05.2018	12:18:00	RO_SE_001	3364	255396	147	0	12838	10.57	19.93	10.32	4.97	11431	17.36	31.06	8.99	4.97	12736	11.02	20.77	10.1	4.97	11032	20.94	35.68	8.89	4.99	11676	15.94	29.02	9.88	4.89	10434	28.84	43.48	8.99	4.99															2018-05-09 12:18:00
09.05.2018	12:24:00	RO_SE_001	3364	255397	147	0	12839	10.57	19.92	10.36	4.97	11432	17.35	31.05	8.98	4.97	12736	11.02	20.77	10.06	4.97	11032	20.94	35.68	8.94	4.99	11677	15.94	29.01	9.92	4.89	10433	28.86	43.5	9.02	4.99															2018-05-09 12:24:00
09.05.2018	12:30:00	RO_SE_001	3364	255398	147	0	12840	10.56	19.91	10.33	4.97	11433	17.34	31.04	8.97	4.94	12736	11.02	20.77	10.09	4.97	11033	20.93	35.67	8.9	4.99	11677	15.94	29.01	9.91	4.91	10433	28.86	43.5	9.02	4.99															2018-05-09 12:30:00
09.05.2018	12:36:00	RO_SE_001	3364	255399	147	0	12840	10.56	19.91	10.36	4.94	11436	17.32	31.01	8.98	4.97	12737	11.01	20.76	10.1	4.97	11033	20.93	35.67	8.96	4.99	11678	15.93	29.0	9.89	4.89	10433	28.86	43.5	9.02	4.99															2018-05-09 12:36:00
09.05.2018	12:42:00	RO_SE_001	3231	255400	0	0	12841	10.56	19.91	10.39	4.94	11435	17.33	31.02	8.98	4.97	12738	11.01	20.75	10.1	4.97	11033	20.93	35.67	8.91	4.99	11679	15.93	28.99	9.95	4.89	10433	28.86	43.5	9.05	4.99															2018-05-09 12:42:00
09.05.2018	12:48:00	RO_SE_001	3365	255401	144	0	12840	10.56	19.91	10.35	4.94	11436	17.32	31.01	8.98	4.97	12738	11.01	20.75	10.13	4.97	11033	20.93	35.67	8.92	4.99	11678	15.93	29.0	9.95	4.89	10433	28.86	43.5	9.03	4.99															2018-05-09 12:48:00
09.05.2018	12:54:00	RO_SE_001	3365	255402	144	0	12841	10.56	19.91	10.38	4.94	11436	17.32	31.01	8.99	4.94	12736	11.02	20.77	10.13	4.94	11034	20.92	35.65	8.91	4.99	11679	15.93	28.99	9.95	4.89	10433	28.86	43.5	9.02	4.99															2018-05-09 12:54:00
09.05.2018	13:00:00	RO_SE_001	3365	255403	147	0	12842	10.56	19.9	10.41	4.97	11436	17.32	31.01	8.99	4.97	12739	11.01	20.75	10.16	4.97	11034	20.92	35.65	8.95	4.99	11680	15.92	28.98	9.97	4.89	10433	28.86	43.5	9.02	4.99															2018-05-09 13:00:00
09.05.2018	13:06:00	RO_SE_001	3364	255404	147	0	12842	10.56	19.9	10.41	4.94	11437	17.31	31.0	8.98	4.94	12738	11.01	20.75	10.17	4.94	11034	20.92	35.65	8.95	4.99	11681	15.91	28.97	9.96	4.89	10434	28.84	43.48	9.02	4.99															2018-05-09 13:06:00
09.05.2018	13:12:00	RO_SE_001	3364	255405	132	0	12843	10.55	19.89	10.44	4.97	11438	17.31	30.99	9.0	4.94	12739	11.01	20.75	10.2	4.97	11034	20.92	35.65	8.91	4.99	11682	15.91	28.96	9.97	4.89	10434	28.84	43.48	9.02	4.99															2018-05-09 13:12:00
09.05.2018	13:18:00	RO_SE_001	3363	255406	132	0	12843	10.55	19.89	10.47	4.97	11439	17.30	30.98	8.99	4.94	12742	10.99	20.73	10.2	4.97	11035	20.91	35.64	8.96	4.99	11683	15.90	28.95	9.98	4.89	10434	28.84	43.48	9.0	4.99															2018-05-09 13:18:00
09.05.2018	13:24:00	RO_SE_001	3363	255407	132	0	12844	10.55	19.89	10.45	4.97	11440	17.29	30.97	9.02	4.94	12742	10.99	20.73	10.17	4.97	11035	20.91	35.64	8.91	4.99	11684	15.89	28.94	9.98	4.89	10434	28.84	43.48	9.02	4.99															2018-05-09 13:24:00
09.05.2018	13:30:00	RO_SE_001	3363	255408	132	0	12845	10.55	19.88	10.48	4.97	11440	17.29	30.97	8.99	4.94	12743	10.99	20.72	10.22	4.97	11035	20.91	35.64	8.93	4.99	11684	15.89	28.94	9.98	4.89	10434	28.84	43.48	9.04	4.99															2018-05-09 13:30:00
09.05.2018	13:36:00	RO_SE_001	3363	255409	138	0	12845	10.55	19.88	10.48	4.94	11441	17.29	30.96	8.98	4.97	12744	10.99	20.71	10.2	4.97	11036	20.90	35.63	8.89	4.99	11685	15.89	28.93	10.01	4.89	10434	28.84	43.48	9.02	4.99															2018-05-09 13:36:00
09.05.2018	13:42:00	RO_SE_001	3363	255410	138	0	12846	10.54	19.87	10.48	4.94	11442	17.28	30.95	8.97	4.97	12745	10.98	20.71	10.22	4.97	11036	20.90	35.63	8.89	4.99	11685	15.89	28.93	10.02	4.89	10434	28.84	43.48	9.03	4.99															2018-05-09 13:42:00
09.05.2018	13:48:00	RO_SE_001	3363	255411	132	0	12847	10.54	19.87	10.49	4.97	11443	17.27	30.94	8.98	4.94	12745	10.98	20.71	10.24	4.97	11036	20.90	35.63	8.93	4.99	11685	15.89	28.93	10.04	4.89	10434	28.84	43.48	9.05	4.99															2018-05-09 13:48:00
09.05.2018	13:54:00	RO_SE_001	3362	255412	150	0	12847	10.54	19.87	10.48	4.97	11443	17.27	30.94	8.98	4.97	12747	10.98	20.69	10.23	4.97	11037	20.89	35.62	8.94	4.99	11686	15.88	28.92	10.05	4.89	10434	28.84	43.48	9.02	4.99															2018-05-09 13:54:00
09.05.2018	14:00:00	RO_SE_001	3363	255413	150	0	12847	10.54	19.87	10.53	4.97	11444	17.27	30.93	8.98	4.94	12748	10.97	20.68	10.29	4.97	11037	20.89	35.62	8.91	4.99	11687	15.88	28.92	10.05	4.89	10435	28.83	43.47	9.05	4.99															2018-05-09 14:00:00
09.05.2018	14:06:00	RO_SE_001	3363	255414	150	0	12848	10.53	19.86	10.53	4.94	11445	17.26	30.92	9.01	4.94	12749	10.97	20.68	10.26	4.97	11038	20.88	35.61	8.93	4.99	11688	15.87	28.91	10.06	4.89	10435	28.83	43.47	9.02	4.99															2018-05-09 14:06:00
09.05.2018	14:12:00	RO_SE_001	3363	255415	150	0	12848	10.53	19.86	10.59	4.94	11446	17.25	30.91	8.98	4.94	12749	10.97	20.68	10.28	4.97	11037	20.89	35.62	8.93	4.99	11688	15.87	28.91	10.03	4.91	10435	28.83	43.47	9.03	4.99															2018-05-09 14:12:00
09.05.2018	14:18:00	RO_SE_001	3363	255416	150	0	12849	10.53	19.85	10.59	4.97	11447	17.24	30.9	8.98	4.94	12751	10.96	20.66	10.3	4.97	11038	20.88	35.61	8.95	4.99	11689	15.86	28.9	10.04	4.89	10435	28.83	43.47	9.01	4.99															2018-05-09 14:18:00
09.05.2018	14:24:00	RO_SE_001	3362	255417	147	0	12850	10.53	19.85	10.59	4.97	11448	17.24	30.89	8.96	4.94	12750	10.96	20.67	10.29	4.97	11038	20.88	35.61	8.94	4.99	11690	15.86	28.89	10.06	4.89	10435	28.83	43.47	9.02	4.99															2018-05-09 14:24:00
09.05.2018	14:30:00	RO_SE_001	3363	255418	147	0	12850	10.53	19.85	10.57	4.97	11449	17.23	30.88	9.02	4.97	12751	10.96	20.66	10.34	4.97	11038	20.88	35.61	8.93	4.99	11691	15.85	28.88	10.06	4.91	10435	28.83	43.47	9.02	4.99															2018-05-09 14:30:00
09.05.2018	14:36:00	RO_SE_001	3361	255419	141	0	12851	10.52	19.84	10.59	4.94	11450	17.22	30.87	8.98	4.97	12752	10.96	20.66	10.32	4.97	11038	20.88	35.61	8.89	4.99	11691	15.85	28.88	10.07	4.89	10435	28.83	43.47	9.04	4.99															2018-05-09 14:36:00
09.05.2018	14:42:00	RO_SE_001	3362	255420	144	0	12852	10.52	19.83	10.62	4.97	11450	17.22	30.87	8.99	4.97	12753	10.95	20.65	10.35	4.97	11039	20.87	35.6	8.96	4.99	11692	15.84	28.87	10.1	4.89	10435	28.83	43.47	9.0	4.99															2018-05-09 14:42:00
09.05.2018	14:48:00	RO_SE_001	3362	255421	150	0	12852	10.52	19.83	10.63	4.97	11451	17.22	30.86	8.98	4.94	12753	10.95	20.65	10.34	4.97	11039	20.87	35.6	8.9	4.99	11693	15.84	28.86	10.1	4.89	10435	28.83	43.47	9.02	4.99															2018-05-09 14:48:00
09.05.2018	14:54:00	RO_SE_001	3362	255422	144	0	12853	10.52	19.83	10.62	4.94	11451	17.22	30.86	8.98	4.97	12754	10.95	20.64	10.38	4.97	11039	20.87	35.6	8.94	4.99	11693	15.84	28.86	10.13	4.89	10436	28.81	43.46	9.05	4.99															2018-05-09 14:54:00
09.05.2018	15:00:00	RO_SE_001	3362	255423	141	0	12854	10.51	19.82	10.62	4.97	11452	17.21	30.85	8.98	4.94	12755	10.95	20.64	10.34	4.97	11040	20.87	35.59	8.92	4.99	11693	15.84	28.86	10.13	4.89	10436	28.81	43.46	9.02	4.99															2018-05-09 15:00:00
09.05.2018	15:06:00	RO_SE_001	3362	255424	138	0	12855	10.51	19.81	10.66	4.97	11453	17.20	30.84	8.96	4.97	12756	10.94	20.63	10.36	4.97	11040	20.87	35.59	8.94	4.99	11694	15.83	28.85	10.12	4.89	10436	28.81	43.46	9.02	4.99															2018-05-09 15:06:00
09.05.2018	15:12:00	RO_SE_001	3362	255425	150	0	12855	10.51	19.81	10.66	4.97	11453	17.20	30.84	8.98	4.97	12757	10.94	20.62	10.38	4.97	11040	20.87	35.59	8.93	4.99	11695	15.83	28.84	10.16	4.89	10436	28.81	43.46	9.04	4.99															2018-05-09 15:12:00
09.05.2018	15:18:00	RO_SE_001	3361	255426	150	0	12855	10.51	19.81	10.67	4.97	11454	17.20	30.83	8.96	4.94	12758	10.94	20.62	10.41	4.97	11041	20.86	35.58	8.9	4.99	11696	15.82	28.83	10.16	4.89	10436	28.81	43.46	9.05	4.99															2018-05-09 15:18:00
09.05.2018	15:24:00	RO_SE_001	3362	255427	150	0	12856	10.51	19.81	10.67	4.97	11454	17.20	30.83	8.99	4.94	12757	10.94	20.62	10.41	4.97	11041	20.86	35.58	8.94	4.99	11697	15.81	28.82	10.13	4.89	10436	28.81	43.46	9.05	4.99															2018-05-09 15:24:00
09.05.2018	15:30:00	RO_SE_001	3362	255428	147	0	12857	10.50	19.8	10.7	4.97	11456	17.18	30.82	9.01	4.97	12758	10.94	20.62	10.45	4.97	11042	20.85	35.57	8.91	4.99	11697	15.81	28.82	10.13	4.89	10436	28.81	43.46	9.03	4.99															2018-05-09 15:30:00
09.05.2018	15:36:00	RO_SE_001	3361	255429	147	0	12857	10.50	19.8	10.7	4.97	11456	17.18	30.82	8.98	4.94	12759	10.93	20.61	10.43	4.97	11042	20.85	35.57	8.94	4.99	11698	15.81	28.81	10.13	4.89	10437	28.79	43.44	9.03	4.99															2018-05-09 15:36:00
09.05.2018	15:42:00	RO_SE_001	3361	255430	147	0	12858	10.50	19.79	10.7	4.94	11458	17.17	30.8	8.99	4.97	12760	10.93	20.6	10.46	4.97	11042	20.85	35.57	8.94	4.99	11699	15.80	28.8	10.17	4.89	10437	28.79	43.44	9.04	4.99															2018-05-09 15:42:00
09.05.2018	15:48:00	RO_SE_001	3361	255431	147	0	12859	10.50	19.79	10.73	4.97	11457	17.17	30.81	9.0	4.94	12761	10.92	20.6	10.5	4.97	11042	20.85	35.57	8.92	4.99	11700	15.80	28.79	10.18	4.89	10437	28.79	43.44	9.06	4.99															2018-05-09 15:48:00
09.05.2018	15:54:00	RO_SE_001	3361	255432	147	0	12860	10.49	19.78	10.77	4.97	11458	17.17	30.8	9.01	4.97	12761	10.92	20.6	10.48	4.97	11043	20.84	35.55	8.93	4.99	11700	15.80	28.79	10.2	4.89	10437	28.79	43.44	9.02	4.99															2018-05-09 15:54:00
09.05.2018	16:00:00	RO_SE_001	3360	255433	141	0	12860	10.49	19.78	10.75	4.97	11460	17.15	30.78	9.02	4.97	12762	10.92	20.59	10.48	4.97	11043	20.84	35.55	8.91	4.99	11700	15.80	28.79	10.19	4.89	10437	28.79	43.44	9.05	4.99															2018-05-09 16:00:00
09.05.2018	16:06:00	RO_SE_001	3361	255434	153	0	12861	10.49	19.77	10.75	4.97	11460	17.15	30.78	9.02	4.94	12763	10.92	20.58	10.44	4.97	11043	20.84	35.55	8.91	4.99	11701	15.79	28.79	10.19	4.89	10437	28.79	43.44	9.05	4.99															2018-05-09 16:06:00
09.05.2018	16:12:00	RO_SE_001	3361	255435	141	0	12861	10.49	19.77	10.79	4.97	11460	17.15	30.78	9.03	4.97	12764	10.91	20.58	10.49	4.97	11044	20.83	35.54	8.95	4.99	11702	15.78	28.78	10.25	4.89	10437	28.79	43.44	9.07	4.99															2018-05-09 16:12:00
09.05.2018	16:18:00	RO_SE_001	3361	255436	144	0	12862	10.49	19.77	10.83	4.94	11461	17.15	30.77	8.99	4.97	12764	10.91	20.58	10.52	4.97	11044	20.83	35.54	8.92	4.99	11703	15.78	28.77	10.24	4.89	10438	28.78	43.43	9.05	4.99															2018-05-09 16:18:00
09.05.2018	16:24:00	RO_SE_001	3361	255437	144	0	12862	10.49	19.77	10.8	4.94	11462	17.14	30.76	8.99	4.94	12764	10.91	20.58	10.5	4.97	11044	20.83	35.54	8.95	4.99	11703	15.78	28.77	10.24	4.89	10438	28.78	43.43	9.05	4.99															2018-05-09 16:24:00
09.05.2018	16:30:00	RO_SE_001	3361	255438	144	0	12863	10.48	19.76	10.78	4.94	11462	17.14	30.76	9.02	4.97	12765	10.91	20.57	10.52	4.97	11045	20.82	35.53	8.93	4.99	11704	15.77	28.76	10.24	4.89	10438	28.78	43.43	9.07	4.99															2018-05-09 16:30:00
09.05.2018	16:36:00	RO_SE_001	3361	255439	144	0	12864	10.48	19.75	10.83	4.94	11463	17.13	30.75	9.02	4.94	12766	10.91	20.56	10.52	4.97	11045	20.82	35.53	8.94	4.99	11705	15.76	28.75	10.26	4.89	10438	28.78	43.43	9.05	4.99															2018-05-09 16:36:00
09.05.2018	16:42:00	RO_SE_001	3360	255440	144	0	12865	10.48	19.75	10.82	4.97	11464	17.13	30.74	8.98	4.97	12767	10.90	20.55	10.5	4.97	11045	20.82	35.53	8.95	4.99	11706	15.76	28.74	10.28	4.89	10438	28.78	43.43	9.08	4.99															2018-05-09 16:42:00
09.05.2018	16:48:00	RO_SE_001	3361	255441	144	0	12866	10.47	19.74	10.83	4.97	11464	17.13	30.74	9.03	4.97	12767	10.90	20.55	10.54	4.97	11045	20.82	35.53	8.95	4.99	11707	15.75	28.73	10.26	4.89	10438	28.78	43.43	9.05	4.99															2018-05-09 16:48:00
09.05.2018	16:54:00	RO_SE_001	3360	255442	144	0	12867	10.47	19.73	10.84	4.94	11465	17.12	30.73	9.03	4.97	12768	10.90	20.55	10.52	4.97	11045	20.82	35.53	8.96	4.99	11706	15.76	28.74	10.3	4.89	10438	28.78	43.43	9.05	4.99															2018-05-09 16:54:00
09.05.2018	17:00:00	RO_SE_001	3360	255443	141	0	12867	10.47	19.73	10.84	4.97	11465	17.12	30.73	8.98	4.97	12768	10.90	20.55	10.57	4.97	11045	20.82	35.53	8.96	4.99	11707	15.75	28.73	10.28	4.89	10439	28.76	43.41	9.03	4.99															2018-05-09 17:00:00
09.05.2018	17:06:00	RO_SE_001	3360	255444	141	0	12868	10.47	19.73	10.88	4.94	11466	17.11	30.72	9.02	4.94	12769	10.90	20.54	10.55	4.97	11045	20.82	35.53	8.93	4.99	11708	15.75	28.72	10.28	4.89	10439	28.76	43.41	9.05	4.99															2018-05-09 17:06:00
09.05.2018	17:12:00	RO_SE_001	3360	255445	141	0	12868	10.47	19.73	10.89	4.94	11467	17.11	30.71	9.03	4.97	12770	10.89	20.53	10.58	4.97	11046	20.81	35.52	8.94	4.99	11709	15.74	28.71	10.29	4.89	10439	28.76	43.41	9.07	4.99															2018-05-09 17:12:00
09.05.2018	17:18:00	RO_SE_001	3360	255446	138	0	12869	10.46	19.72	10.89	4.97	11468	17.10	30.7	9.0	4.94	12771	10.89	20.53	10.59	4.97	11046	20.81	35.52	8.96	4.99	11709	15.74	28.71	10.3	4.89	10439	28.76	43.41	9.04	4.99															2018-05-09 17:18:00
09.05.2018	17:24:00	RO_SE_001	3360	255447	147	0	12869	10.46	19.72	10.91	4.97	11468	17.10	30.7	9.02	4.94	12771	10.89	20.53	10.59	4.97	11046	20.81	35.52	8.97	4.99	11710	15.73	28.7	10.33	4.89	10439	28.76	43.41	9.08	4.99															2018-05-09 17:24:00
09.05.2018	17:30:00	RO_SE_001	3360	255448	147	0	12870	10.46	19.71	10.91	4.94	11469	17.09	30.69	9.05	4.97	12771	10.89	20.53	10.63	4.97	11047	20.80	35.51	8.98	4.99	11711	15.73	28.69	10.3	4.89	10439	28.76	43.41	9.05	4.99															2018-05-09 17:30:00
09.05.2018	17:36:00	RO_SE_001	3360	255449	147	0	12871	10.45	19.71	10.89	4.97	11469	17.09	30.69	9.05	4.97	12772	10.88	20.52	10.62	4.97	11047	20.80	35.51	8.96	4.99	11712	15.72	28.68	10.35	4.89	10439	28.76	43.41	9.07	4.99															2018-05-09 17:36:00
09.05.2018	17:42:00	RO_SE_001	3360	255450	141	0	12871	10.45	19.71	10.92	4.94	11470	17.09	30.68	9.02	4.94	12772	10.88	20.52	10.63	4.97	11047	20.80	35.51	8.95	4.99	11712	15.72	28.68	10.31	4.89	10440	28.74	43.4	9.08	4.99															2018-05-09 17:42:00
09.05.2018	17:48:00	RO_SE_001	3359	255451	141	0	12872	10.45	19.7	10.94	4.97	11471	17.08	30.67	9.03	4.97	12773	10.88	20.51	10.62	4.97	11048	20.79	35.5	8.95	4.99	11713	15.72	28.67	10.34	4.89	10440	28.74	43.4	9.05	4.99															2018-05-09 17:48:00
09.05.2018	17:54:00	RO_SE_001	3360	255452	141	0	12873	10.45	19.69	10.94	4.97	11471	17.08	30.67	9.02	4.97	12774	10.88	20.51	10.64	4.97	11048	20.79	35.5	8.97	4.99	11713	15.72	28.67	10.38	4.89	10440	28.74	43.4	9.09	4.99															2018-05-09 17:54:00
09.05.2018	18:00:00	RO_SE_001	3360	255453	150	0	12874	10.44	19.69	10.96	4.97	11471	17.08	30.67	9.06	4.97	12774	10.88	20.51	10.65	4.97	11048	20.79	35.5	9.0	4.99	11713	15.72	28.67	10.34	4.89	10440	28.74	43.4	9.06	4.99															2018-05-09 18:00:00
09.05.2018	18:06:00	RO_SE_001	3359	255454	150	0	12874	10.44	19.69	10.97	4.97	11471	17.08	30.67	9.03	4.94	12775	10.87	20.5	10.67	4.97	11049	20.78	35.49	8.99	4.99	11714	15.71	28.67	10.38	4.89	10440	28.74	43.4	9.08	4.99															2018-05-09 18:06:00
09.05.2018	18:12:00	RO_SE_001	3359	255455	144	0	12875	10.44	19.68	10.97	4.94	11472	17.07	30.66	9.02	4.97	12776	10.87	20.49	10.68	4.97	11049	20.78	35.49	8.98	4.99	11715	15.70	28.66	10.41	4.91	10440	28.74	43.4	9.09	4.99															2018-05-09 18:12:00
09.05.2018	18:18:00	RO_SE_001	3359	255456	144	0	12875	10.44	19.68	10.98	4.97	11472	17.07	30.66	9.02	4.97	12776	10.87	20.49	10.71	4.97	11049	20.78	35.49	8.99	4.99	11716	15.70	28.65	10.39	4.89	10440	28.74	43.4	9.13	4.99															2018-05-09 18:18:00
09.05.2018	18:24:00	RO_SE_001	3359	255457	147	0	12875	10.44	19.68	10.96	4.97	11473	17.06	30.65	9.07	4.97	12777	10.87	20.49	10.67	4.97	11049	20.78	35.49	8.97	4.99	11716	15.70	28.65	10.4	4.89	10439	28.76	43.41	9.05	4.99															2018-05-09 18:24:00
09.05.2018	18:30:00	RO_SE_001	3359	255458	147	0	12876	10.44	19.67	10.97	4.97	11473	17.06	30.65	9.06	4.94	12778	10.86	20.48	10.68	4.97	11050	20.77	35.48	8.97	4.99	11717	15.69	28.64	10.41	4.89	10440	28.74	43.4	9.11	4.99															2018-05-09 18:30:00
09.05.2018	18:36:00	RO_SE_001	3358	255459	147	0	12877	10.43	19.67	11.0	4.97	11474	17.06	30.64	9.08	4.94	12778	10.86	20.48	10.65	4.97	11050	20.77	35.48	8.95	4.99	11717	15.69	28.64	10.38	4.89	10441	28.73	43.39	9.1	4.99															2018-05-09 18:36:00
09.05.2018	18:42:00	RO_SE_001	3358	255460	153	0	12877	10.43	19.67	10.97	4.97	11474	17.06	30.64	9.05	4.97	12778	10.86	20.48	10.69	4.97	11050	20.77	35.48	8.97	4.99	11718	15.69	28.63	10.39	4.89	10441	28.73	43.39	9.1	4.99															2018-05-09 18:42:00
09.05.2018	18:48:00	RO_SE_001	3358	255461	147	0	12878	10.43	19.66	10.98	4.97	11475	17.05	30.63	9.05	4.97	12778	10.86	20.48	10.7	4.97	11051	20.76	35.47	8.95	4.99	11719	15.68	28.62	10.38	4.89	10440	28.74	43.4	9.09	4.99															2018-05-09 18:48:00
09.05.2018	18:54:00	RO_SE_001	3359	255462	150	0	12878	10.43	19.66	10.99	4.94	11475	17.05	30.63	9.07	4.97	12779	10.86	20.47	10.7	4.97	11051	20.76	35.47	8.99	4.99	11719	15.68	28.62	10.43	4.89	10440	28.74	43.4	9.12	4.99															2018-05-09 18:54:00
09.05.2018	19:00:00	RO_SE_001	3358	255463	150	0	12879	10.43	19.65	11.0	4.97	11476	17.04	30.62	9.07	4.97	12780	10.86	20.47	10.71	4.97	11051	20.76	35.47	8.95	4.99	11720	15.67	28.61	10.43	4.89	10440	28.74	43.4	9.14	4.99															2018-05-09 19:00:00
09.05.2018	19:06:00	RO_SE_001	3358	255464	150	0	12879	10.43	19.65	11.02	4.94	11476	17.04	30.62	9.06	4.97	12780	10.86	20.47	10.7	4.97	11052	20.75	35.46	9.0	4.99	11720	15.67	28.61	10.43	4.89	10440	28.74	43.4	9.13	4.99															2018-05-09 19:06:00
09.05.2018	19:12:00	RO_SE_001	3358	255465	150	0	12880	10.42	19.65	11.05	4.94	11476	17.04	30.62	9.05	4.94	12781	10.85	20.46	10.69	4.97	11052	20.75	35.46	9.0	4.99	11721	15.67	28.6	10.44	4.89	10441	28.73	43.39	9.12	4.99															2018-05-09 19:12:00
09.05.2018	19:18:00	RO_SE_001	3357	255466	150	0	12881	10.42	19.64	11.02	4.97	11476	17.04	30.62	9.05	4.94	12781	10.85	20.46	10.74	4.97	11051	20.76	35.47	8.98	4.99	11721	15.67	28.6	10.45	4.89	10441	28.73	43.39	9.12	4.99															2018-05-09 19:18:00
09.05.2018	19:24:00	RO_SE_001	3358	255467	150	0	12881	10.42	19.64	11.05	4.94	11477	17.04	30.61	9.07	4.97	12782	10.85	20.45	10.74	4.97	11051	20.76	35.47	8.99	4.99	11721	15.67	28.6	10.45	4.89	10441	28.73	43.39	9.11	4.99															2018-05-09 19:24:00
09.05.2018	19:30:00	RO_SE_001	3357	255468	150	0	12882	10.42	19.63	11.06	4.94	11477	17.04	30.61	9.06	4.94	12782	10.85	20.45	10.73	4.97	11052	20.75	35.46	8.98	4.99	11722	15.66	28.59	10.44	4.89	10441	28.73	43.39	9.12	4.99															2018-05-09 19:30:00
09.05.2018	19:36:00	RO_SE_001	3358	255469	150	0	12882	10.42	19.63	11.05	4.94	11477	17.04	30.61	9.06	4.94	12783	10.84	20.45	10.74	4.97	11052	20.75	35.46	8.98	4.99	11723	15.65	28.58	10.44	4.89	10441	28.73	43.39	9.12	4.99															2018-05-09 19:36:00
09.05.2018	19:42:00	RO_SE_001	3357	255470	150	0	12882	10.42	19.63	11.04	4.97	11477	17.04	30.61	9.07	4.97	12783	10.84	20.45	10.76	4.97	11052	20.75	35.46	9.0	4.99	11723	15.65	28.58	10.46	4.89	10441	28.73	43.39	9.12	4.99															2018-05-09 19:42:00
09.05.2018	19:48:00	RO_SE_001	3358	255471	150	0	12882	10.42	19.63	11.03	4.97	11477	17.04	30.61	9.09	4.97	12784	10.84	20.44	10.78	4.97	11053	20.75	35.45	9.02	4.99	11724	15.65	28.57	10.43	4.91	10441	28.73	43.39	9.14	4.99															2018-05-09 19:48:00
09.05.2018	19:54:00	RO_SE_001	3358	255472	150	0	12883	10.41	19.63	11.06	4.97	11477	17.04	30.61	9.1	4.97	12784	10.84	20.44	10.76	4.97	11053	20.75	35.45	9.0	4.99	11725	15.64	28.56	10.47	4.89	10441	28.73	43.39	9.11	4.99															2018-05-09 19:54:00
09.05.2018	20:00:00	RO_SE_001	3357	255473	150	0	12883	10.41	19.63	11.05	4.97	11478	17.03	30.6	9.09	4.94	12785	10.84	20.43	10.75	4.97	11053	20.75	35.45	9.0	4.99	11725	15.64	28.56	10.48	4.89	10442	28.71	43.37	9.13	4.99															2018-05-09 20:00:00
09.05.2018	20:06:00	RO_SE_001	3357	255474	150	0	12883	10.41	19.63	11.05	4.97	11478	17.03	30.6	9.05	4.97	12785	10.84	20.43	10.74	4.97	11053	20.75	35.45	8.99	4.99	11727	15.63	28.55	10.5	4.89	10442	28.71	43.37	9.12	4.99															2018-05-09 20:06:00
09.05.2018	20:12:00	RO_SE_001	3357	255475	150	0	12884	10.41	19.62	11.07	4.97	11478	17.03	30.6	9.09	4.97	12786	10.83	20.43	10.78	4.97	11054	20.74	35.43	9.02	4.99	11726	15.64	28.55	10.48	4.89	10442	28.71	43.37	9.13	4.99															2018-05-09 20:12:00
09.05.2018	20:18:00	RO_SE_001	3356	255476	150	0	12884	10.41	19.62	11.05	4.94	11478	17.03	30.6	9.1	4.94	12786	10.83	20.43	10.76	4.97	11054	20.74	35.43	8.98	4.99	11727	15.63	28.55	10.46	4.89	10442	28.71	43.37	9.12	4.99															2018-05-09 20:18:00
09.05.2018	20:24:00	RO_SE_001	3357	255477	150	0	12884	10.41	19.62	11.05	4.97	11477	17.04	30.61	9.09	4.97	12785	10.84	20.43	10.77	4.97	11054	20.74	35.43	9.02	4.99	11727	15.63	28.55	10.51	4.89	10442	28.71	43.37	9.15	4.99															2018-05-09 20:24:00
09.05.2018	20:30:00	RO_SE_001	3357	255478	153	0	12885	10.41	19.61	11.03	4.97	11478	17.03	30.6	9.11	4.97	12786	10.83	20.43	10.76	4.97	11054	20.74	35.43	9.02	4.99	11728	15.62	28.54	10.5	4.89	10442	28.71	43.37	9.14	4.99															2018-05-09 20:30:00
09.05.2018	20:36:00	RO_SE_001	3357	255479	144	0	12885	10.41	19.61	11.08	4.97	11478	17.03	30.6	9.1	4.94	12786	10.83	20.43	10.76	4.97	11055	20.73	35.42	9.01	4.99	11727	15.63	28.55	10.47	4.89	10442	28.71	43.37	9.13	4.99															2018-05-09 20:36:00
09.05.2018	20:42:00	RO_SE_001	3357	255480	141	0	12885	10.41	19.61	11.09	4.94	11478	17.03	30.6	9.14	4.97	12787	10.83	20.42	10.78	4.97	11055	20.73	35.42	9.0	4.99	11728	15.62	28.54	10.51	4.89	10442	28.71	43.37	9.17	4.99															2018-05-09 20:42:00
09.05.2018	20:48:00	RO_SE_001	3357	255481	147	0	12886	10.40	19.61	11.03	4.94	11478	17.03	30.6	9.11	4.97	12787	10.83	20.42	10.79	4.97	11055	20.73	35.42	9.03	4.99	11728	15.62	28.54	10.54	4.89	10442	28.71	43.37	9.17	4.99															2018-05-09 20:48:00
09.05.2018	20:54:00	RO_SE_001	3357	255482	147	0	12886	10.40	19.61	11.09	4.97	11478	17.03	30.6	9.13	4.97	12788	10.83	20.41	10.76	4.97	11056	20.72	35.41	9.02	4.99	11728	15.62	28.54	10.49	4.89	10442	28.71	43.37	9.17	4.99															2018-05-09 20:54:00
09.05.2018	21:00:00	RO_SE_001	3356	255483	141	0	12886	10.40	19.61	11.06	4.97	11478	17.03	30.6	9.1	4.97	12788	10.83	20.41	10.74	4.97	11056	20.72	35.41	9.02	4.99	11729	15.62	28.53	10.52	4.89	10443	28.69	43.36	9.19	4.99															2018-05-09 21:00:00
09.05.2018	21:06:00	RO_SE_001	3356	255484	141	0	12886	10.40	19.61	11.05	4.97	11477	17.04	30.61	9.14	4.97	12788	10.83	20.41	10.78	4.97	11056	20.72	35.41	9.04	4.99	11729	15.62	28.53	10.5	4.89	10443	28.69	43.36	9.15	4.99															2018-05-09 21:06:00
09.05.2018	21:12:00	RO_SE_001	3356	255485	141	0	12886	10.40	19.61	11.05	4.97	11478	17.03	30.6	9.1	4.94	12788	10.83	20.41	10.77	4.97	11056	20.72	35.41	9.06	4.99	11730	15.61	28.52	10.49	4.89	10443	28.69	43.36	9.16	4.99															2018-05-09 21:12:00
09.05.2018	21:18:00	RO_SE_001	3356	255486	138	0	12886	10.40	19.61	11.09	4.97	11477	17.04	30.61	9.13	4.97	12789	10.82	20.4	10.75	4.97	11056	20.72	35.41	9.06	4.99	11730	15.61	28.52	10.48	4.89	10443	28.69	43.36	9.17	4.99															2018-05-09 21:18:00
09.05.2018	21:24:00	RO_SE_001	3356	255487	141	0	12887	10.40	19.6	11.06	4.97	11477	17.04	30.61	9.13	4.94	12789	10.82	20.4	10.74	4.97	11057	20.71	35.4	9.04	4.99	11730	15.61	28.52	10.52	4.89	10443	28.69	43.36	9.16	4.99															2018-05-09 21:24:00
09.05.2018	21:30:00	RO_SE_001	3356	255488	141	0	12887	10.40	19.6	11.05	4.97	11477	17.04	30.61	9.11	4.97	12789	10.82	20.4	10.75	4.97	11057	20.71	35.4	9.02	4.99	11731	15.61	28.51	10.53	4.89	10443	28.69	43.36	9.16	4.99															2018-05-09 21:30:00
09.05.2018	21:36:00	RO_SE_001	3355	255489	132	0	12887	10.40	19.6	11.03	4.97	11477	17.04	30.61	9.13	4.97	12790	10.82	20.4	10.76	4.97	11057	20.71	35.4	9.05	4.99	11731	15.61	28.51	10.52	4.91	10443	28.69	43.36	9.16	4.99															2018-05-09 21:36:00
09.05.2018	21:42:00	RO_SE_001	3356	255490	120	0	12887	10.40	19.6	11.05	4.94	11477	17.04	30.61	9.16	4.97	12790	10.82	20.4	10.75	4.97	11057	20.71	35.4	9.05	4.99	11731	15.61	28.51	10.52	4.91	10443	28.69	43.36	9.19	4.99															2018-05-09 21:42:00
09.05.2018	21:48:00	RO_SE_001	3356	255491	132	0	12887	10.40	19.6	11.03	4.97	11477	17.04	30.61	9.13	4.97	12790	10.82	20.4	10.74	4.97	11058	20.70	35.39	9.05	4.99	11732	15.60	28.5	10.54	4.89	10443	28.69	43.36	9.18	4.99															2018-05-09 21:48:00
09.05.2018	21:54:00	RO_SE_001	3355	255492	120	0	12887	10.40	19.6	11.03	4.97	11477	17.04	30.61	9.16	4.94	12790	10.82	20.4	10.74	4.97	11058	20.70	35.39	9.05	4.99	11732	15.60	28.5	10.55	4.91	10443	28.69	43.36	9.17	4.99															2018-05-09 21:54:00
09.05.2018	22:00:00	RO_SE_001	3355	255493	141	0	12888	10.40	19.59	11.03	4.97	11477	17.04	30.61	9.15	4.97	12791	10.82	20.39	10.77	4.97	11058	20.70	35.39	9.03	4.99	11732	15.60	28.5	10.53	4.89	10444	28.68	43.35	9.19	4.99															2018-05-09 22:00:00
09.05.2018	22:06:00	RO_SE_001	3355	255494	138	0	12887	10.40	19.6	11.05	4.97	11477	17.04	30.61	9.16	4.97	12791	10.82	20.39	10.76	4.97	11058	20.70	35.39	9.06	4.99	11733	15.59	28.49	10.55	4.89	10444	28.68	43.35	9.18	4.99															2018-05-09 22:06:00
09.05.2018	22:12:00	RO_SE_001	3355	255495	132	0	12888	10.40	19.59	11.05	4.94	11477	17.04	30.61	9.13	4.97	12791	10.82	20.39	10.74	4.97	11058	20.70	35.39	9.05	4.99	11733	15.59	28.49	10.52	4.91	10444	28.68	43.35	9.19	4.99															2018-05-09 22:12:00
09.05.2018	22:18:00	RO_SE_001	3355	255496	111	0	12888	10.40	19.59	11.05	4.97	11477	17.04	30.61	9.13	4.97	12792	10.81	20.38	10.73	4.97	11059	20.69	35.38	9.11	4.99	11734	15.59	28.48	10.51	4.91	10444	28.68	43.35	9.18	4.99															2018-05-09 22:18:00
09.05.2018	22:24:00	RO_SE_001	3355	255497	123	0	12888	10.40	19.59	11.02	4.94	11477	17.04	30.61	9.15	4.97	12792	10.81	20.38	10.73	4.97	11059	20.69	35.38	9.06	4.99	11734	15.59	28.48	10.51	4.91	10444	28.68	43.35	9.18	4.99															2018-05-09 22:24:00
09.05.2018	22:30:00	RO_SE_001	3354	255498	132	0	12888	10.40	19.59	11.03	4.94	11477	17.04	30.61	9.19	4.97	12792	10.81	20.38	10.74	4.97	11059	20.69	35.38	9.09	4.99	11734	15.59	28.48	10.52	4.89	10444	28.68	43.35	9.22	4.99															2018-05-09 22:30:00
09.05.2018	22:36:00	RO_SE_001	3354	255499	171	0	12888	10.40	19.59	11.04	4.97	11476	17.04	30.62	9.16	4.94	12792	10.81	20.38	10.74	4.97	11059	20.69	35.38	9.07	4.99	11734	15.59	28.48	10.55	4.89	10444	28.68	43.35	9.19	4.99															2018-05-09 22:36:00
09.05.2018	22:42:00	RO_SE_001	3354	255500	177	0	12889	10.39	19.59	11.01	4.94	11476	17.04	30.62	9.17	4.97	12792	10.81	20.38	10.75	4.97	11058	20.70	35.39	9.06	4.99	11735	15.58	28.47	10.53	4.89	10444	28.68	43.35	9.17	4.99															2018-05-09 22:42:00
09.05.2018	22:48:00	RO_SE_001	3354	255501	174	0	12889	10.39	19.59	11.01	4.94	11476	17.04	30.62	9.18	4.97	12792	10.81	20.38	10.71	4.97	11059	20.69	35.38	9.07	4.99	11734	15.59	28.48	10.53	4.89	10444	28.68	43.35	9.21	4.99															2018-05-09 22:48:00
09.05.2018	22:54:00	RO_SE_001	3354	255502	177	0	12889	10.39	19.59	11.02	4.97	11476	17.04	30.62	9.14	4.97	12792	10.81	20.38	10.74	4.97	11059	20.69	35.38	9.05	4.99	11734	15.59	28.48	10.52	4.89	10444	28.68	43.35	9.2	4.99															2018-05-09 22:54:00
09.05.2018	23:00:00	RO_SE_001	3353	255503	171	0	12889	10.39	19.59	11.01	4.97	11476	17.04	30.62	9.17	4.97	12792	10.81	20.38	10.73	4.97	11059	20.69	35.38	9.08	4.99	11735	15.58	28.47	10.52	4.91	10444	28.68	43.35	9.23	4.99															2018-05-09 23:00:00
09.05.2018	23:06:00	RO_SE_001	3353	255504	174	0	12889	10.39	19.59	11.02	4.94	11476	17.04	30.62	9.16	4.97	12793	10.81	20.38	10.75	4.97	11059	20.69	35.38	9.06	4.99	11735	15.58	28.47	10.53	4.89	10444	28.68	43.35	9.21	4.99															2018-05-09 23:06:00
09.05.2018	23:12:00	RO_SE_001	3353	255505	177	0	12889	10.39	19.59	11.01	4.97	11476	17.04	30.62	9.17	4.94	12793	10.81	20.38	10.75	4.97	11059	20.69	35.38	9.05	4.99	11735	15.58	28.47	10.52	4.89	10445	28.66	43.33	9.21	4.99															2018-05-09 23:12:00
09.05.2018	23:18:00	RO_SE_001	3352	255506	177	0	12889	10.39	19.59	11.0	4.97	11476	17.04	30.62	9.16	4.94	12793	10.81	20.38	10.73	4.97	11060	20.68	35.37	9.1	4.99	11736	15.58	28.46	10.54	4.91	10445	28.66	43.33	9.18	4.99															2018-05-09 23:18:00
09.05.2018	23:24:00	RO_SE_001	3352	255507	174	0	12889	10.39	19.59	11.02	4.94	11476	17.04	30.62	9.17	4.97	12793	10.81	20.38	10.73	4.97	11060	20.68	35.37	9.09	4.99	11736	15.58	28.46	10.51	4.89	10445	28.66	43.33	9.23	4.99															2018-05-09 23:24:00
09.05.2018	23:30:00	RO_SE_001	3352	255508	174	0	12889	10.39	19.59	11.0	4.97	11476	17.04	30.62	9.15	4.97	12793	10.81	20.38	10.73	4.97	11060	20.68	35.37	9.1	4.99	11736	15.58	28.46	10.56	4.89	10445	28.66	43.33	9.23	4.99															2018-05-09 23:30:00
09.05.2018	23:36:00	RO_SE_001	3352	255509	174	0	12890	10.39	19.58	10.98	4.97	11476	17.04	30.62	9.16	4.94	12793	10.81	20.38	10.73	4.97	11060	20.68	35.37	9.08	4.99	11737	15.57	28.45	10.52	4.89	10445	28.66	43.33	9.2	4.99															2018-05-09 23:36:00
09.05.2018	23:42:00	RO_SE_001	3352	255510	183	0	12889	10.39	19.59	10.97	4.97	11476	17.04	30.62	9.17	4.97	12794	10.80	20.37	10.7	4.97	11060	20.68	35.37	9.08	4.99	11737	15.57	28.45	10.52	4.89	10445	28.66	43.33	9.25	4.99															2018-05-09 23:42:00
09.05.2018	23:48:00	RO_SE_001	3352	255511	177	0	12889	10.39	19.59	10.98	4.97	11475	17.05	30.63	9.2	4.97	12794	10.80	20.37	10.71	4.97	11061	20.67	35.36	9.11	4.99	11737	15.57	28.45	10.53	4.89	10445	28.66	43.33	9.23	4.99															2018-05-09 23:48:00
09.05.2018	23:54:00	RO_SE_001	3351	255512	174	0	12889	10.39	19.59	11.0	4.97	11475	17.05	30.63	9.22	4.97	12795	10.80	20.36	10.71	4.97	11061	20.67	35.36	9.1	4.99	11738	15.56	28.44	10.52	4.89	10445	28.66	43.33	9.22	4.99															2018-05-09 23:54:00
