13.05.2018	00:00:00	RO_SE_001	3273	256233	180	0	13120	9.63	18.11	11.1	4.97	11618	16.11	29.27	9.5	4.94	13025	10.01	18.85	10.88	4.97	11214	19.34	33.71	9.46	4.99	11983	14.18	26.28	10.76	4.89	10494	27.86	42.66	9.6	4.99															2018-05-13 00:00:00
13.05.2018	00:06:00	RO_SE_001	3273	256234	183	0	13120	9.63	18.11	11.09	4.97	11618	16.11	29.27	9.5	4.97	13025	10.01	18.85	10.88	4.97	11215	19.33	33.7	9.47	4.99	11983	14.18	26.28	10.74	4.89	10494	27.86	42.66	9.62	4.99															2018-05-13 00:06:00
13.05.2018	00:12:00	RO_SE_001	3273	256235	180	0	13120	9.63	18.11	11.09	4.97	11618	16.11	29.27	9.51	4.97	13026	10.01	18.85	10.86	4.97	11215	19.33	33.7	9.46	4.99	11983	14.18	26.28	10.71	4.89	10494	27.86	42.66	9.59	4.99															2018-05-13 00:12:00
13.05.2018	00:18:00	RO_SE_001	3272	256236	180	0	13120	9.63	18.11	11.09	4.97	11618	16.11	29.27	9.54	4.94	13026	10.01	18.85	10.88	4.97	11215	19.33	33.7	9.48	4.99	11984	14.18	26.27	10.72	4.89	10494	27.86	42.66	9.58	4.99															2018-05-13 00:18:00
13.05.2018	00:24:00	RO_SE_001	3272	256237	180	0	13120	9.63	18.11	11.1	4.97	11618	16.11	29.27	9.52	4.94	13026	10.01	18.85	10.87	4.97	11215	19.33	33.7	9.45	4.99	11984	14.18	26.27	10.7	4.89	10494	27.86	42.66	9.59	4.99															2018-05-13 00:24:00
13.05.2018	00:30:00	RO_SE_001	3272	256238	180	0	13120	9.63	18.11	11.05	4.97	11618	16.11	29.27	9.52	4.97	13026	10.01	18.85	10.86	4.97	11215	19.33	33.7	9.46	4.99	11984	14.18	26.27	10.73	4.89	10494	27.86	42.66	9.62	4.99															2018-05-13 00:30:00
13.05.2018	00:36:00	RO_SE_001	3272	256239	180	0	13120	9.63	18.11	11.07	4.97	11618	16.11	29.27	9.52	4.94	13026	10.01	18.85	10.88	4.97	11215	19.33	33.7	9.52	4.99	11984	14.18	26.27	10.72	4.89	10494	27.86	42.66	9.59	4.99															2018-05-13 00:36:00
13.05.2018	00:42:00	RO_SE_001	3271	256240	177	0	13120	9.63	18.11	11.07	4.94	11618	16.11	29.27	9.52	4.94	13026	10.01	18.85	10.87	4.97	11216	19.33	33.69	9.46	4.99	11984	14.18	26.27	10.71	4.89	10494	27.86	42.66	9.59	4.99															2018-05-13 00:42:00
13.05.2018	00:48:00	RO_SE_001	3271	256241	174	0	13120	9.63	18.11	11.07	4.97	11618	16.11	29.27	9.53	4.94	13027	10.00	18.84	10.81	4.97	11216	19.33	33.69	9.46	4.99	11984	14.18	26.27	10.7	4.89	10494	27.86	42.66	9.57	4.99															2018-05-13 00:48:00
13.05.2018	00:54:00	RO_SE_001	3271	256242	177	0	13120	9.63	18.11	11.05	4.97	11618	16.11	29.27	9.54	4.97	13027	10.00	18.84	10.88	4.97	11216	19.33	33.69	9.45	4.99	11985	14.17	26.26	10.7	4.89	10494	27.86	42.66	9.62	4.99															2018-05-13 00:54:00
13.05.2018	01:00:00	RO_SE_001	3270	256243	183	0	13120	9.63	18.11	11.04	4.94	11618	16.11	29.27	9.52	4.94	13027	10.00	18.84	10.83	4.97	11216	19.33	33.69	9.47	4.99	11985	14.17	26.26	10.71	4.89	10494	27.86	42.66	9.58	4.99															2018-05-13 01:00:00
13.05.2018	01:06:00	RO_SE_001	3270	256244	183	0	13120	9.63	18.11	11.05	4.97	11618	16.11	29.27	9.52	4.94	13027	10.00	18.84	10.83	4.97	11216	19.33	33.69	9.47	4.99	11985	14.17	26.26	10.7	4.89	10494	27.86	42.66	9.57	4.99															2018-05-13 01:06:00
13.05.2018	01:12:00	RO_SE_001	3270	256245	180	0	13120	9.63	18.11	11.04	4.97	11619	16.10	29.26	9.52	4.94	13027	10.00	18.84	10.82	4.97	11217	19.32	33.68	9.47	4.99	11985	14.17	26.26	10.7	4.89	10495	27.85	42.65	9.62	4.99															2018-05-13 01:12:00
13.05.2018	01:18:00	RO_SE_001	3270	256246	183	0	13120	9.63	18.11	11.01	4.97	11618	16.11	29.27	9.52	4.94	13028	10.00	18.83	10.84	4.97	11217	19.32	33.68	9.48	4.99	11985	14.17	26.26	10.7	4.89	10495	27.85	42.65	9.59	4.99															2018-05-13 01:18:00
13.05.2018	01:24:00	RO_SE_001	3269	256247	183	0	13121	9.63	18.1	11.02	4.94	11618	16.11	29.27	9.54	4.94	13028	10.00	18.83	10.82	4.97	11217	19.32	33.68	9.47	4.99	11985	14.17	26.26	10.69	4.89	10495	27.85	42.65	9.6	4.99															2018-05-13 01:24:00
13.05.2018	01:30:00	RO_SE_001	3269	256248	180	0	13121	9.63	18.1	11.01	4.94	11619	16.10	29.26	9.54	4.94	13028	10.00	18.83	10.8	4.94	11217	19.32	33.68	9.48	4.99	11985	14.17	26.26	10.66	4.89	10495	27.85	42.65	9.59	4.99															2018-05-13 01:30:00
13.05.2018	01:36:00	RO_SE_001	3269	256249	180	0	13121	9.63	18.1	11.01	4.94	11619	16.10	29.26	9.52	4.94	13028	10.00	18.83	10.83	4.97	11217	19.32	33.68	9.5	4.99	11982	14.19	26.29	10.7	4.89	10495	27.85	42.65	9.62	4.99															2018-05-13 01:36:00
13.05.2018	01:42:00	RO_SE_001	3269	256250	183	0	13121	9.63	18.1	10.97	4.97	11619	16.10	29.26	9.55	4.94	13028	10.00	18.83	10.78	4.97	11217	19.32	33.68	9.47	4.99	11984	14.18	26.27	10.72	4.89	10495	27.85	42.65	9.6	4.99															2018-05-13 01:42:00
13.05.2018	01:48:00	RO_SE_001	3269	256251	180	0	13121	9.63	18.1	11.03	4.94	11619	16.10	29.26	9.57	4.97	13028	10.00	18.83	10.79	4.97	11217	19.32	33.68	9.51	4.99	11982	14.19	26.29	10.68	4.89	10495	27.85	42.65	9.62	4.99															2018-05-13 01:48:00
13.05.2018	01:54:00	RO_SE_001	3269	256252	180	0	13121	9.63	18.1	11.0	4.97	11618	16.11	29.27	9.54	4.97	13028	10.00	18.83	10.78	4.97	11217	19.32	33.68	9.47	4.99	11982	14.19	26.29	10.65	4.89	10495	27.85	42.65	9.63	4.99															2018-05-13 01:54:00
13.05.2018	02:00:00	RO_SE_001	3269	256253	180	0	13121	9.63	18.1	10.99	4.94	11618	16.11	29.27	9.52	4.94	13029	10.00	18.83	10.8	4.97	11218	19.31	33.67	9.49	4.99	11982	14.19	26.29	10.68	4.89	10495	27.85	42.65	9.61	4.99															2018-05-13 02:00:00
13.05.2018	02:06:00	RO_SE_001	3269	256254	183	0	13121	9.63	18.1	10.98	4.97	11618	16.11	29.27	9.55	4.94	13029	10.00	18.83	10.78	4.97	11218	19.31	33.67	9.49	4.99	11982	14.19	26.29	10.66	4.89	10495	27.85	42.65	9.6	4.99															2018-05-13 02:06:00
13.05.2018	02:12:00	RO_SE_001	3269	256255	180	0	13121	9.63	18.1	10.95	4.94	11618	16.11	29.27	9.55	4.94	13029	10.00	18.83	10.77	4.97	11218	19.31	33.67	9.49	4.99	11983	14.18	26.28	10.66	4.89	10495	27.85	42.65	9.63	4.99															2018-05-13 02:12:00
13.05.2018	02:18:00	RO_SE_001	3269	256256	183	0	13122	9.63	18.09	10.96	4.97	11618	16.11	29.27	9.55	4.94	13029	10.00	18.83	10.79	4.94	11218	19.31	33.67	9.5	4.99	11983	14.18	26.28	10.66	4.89	10495	27.85	42.65	9.63	4.99															2018-05-13 02:18:00
13.05.2018	02:24:00	RO_SE_001	3269	256257	180	0	13122	9.63	18.09	10.96	4.97	11618	16.11	29.27	9.56	4.94	13029	10.00	18.83	10.71	4.97	11218	19.31	33.67	9.51	4.99	11983	14.18	26.28	10.63	4.89	10495	27.85	42.65	9.6	4.99															2018-05-13 02:24:00
13.05.2018	02:30:00	RO_SE_001	3268	256258	180	0	13122	9.63	18.09	10.95	4.97	11618	16.11	29.27	9.59	4.94	13030	10.00	18.82	10.74	4.97	11218	19.31	33.67	9.49	4.99	11983	14.18	26.28	10.64	4.89	10495	27.85	42.65	9.6	4.99															2018-05-13 02:30:00
13.05.2018	02:36:00	RO_SE_001	3268	256259	180	0	13122	9.63	18.09	10.95	4.97	11618	16.11	29.27	9.55	4.97	13029	10.00	18.83	10.77	4.97	11218	19.31	33.67	9.48	4.99	11987	14.16	26.24	10.65	4.89	10495	27.85	42.65	9.6	4.99															2018-05-13 02:36:00
13.05.2018	02:42:00	RO_SE_001	3268	256260	180	0	13122	9.63	18.09	10.92	4.97	11618	16.11	29.27	9.55	4.97	13030	10.00	18.82	10.73	4.97	11218	19.31	33.67	9.47	4.99	11988	14.16	26.24	10.64	4.89	10495	27.85	42.65	9.63	4.99															2018-05-13 02:42:00
13.05.2018	02:48:00	RO_SE_001	3268	256261	180	0	13122	9.63	18.09	10.9	4.97	11618	16.11	29.27	9.55	4.94	13030	10.00	18.82	10.75	4.97	11219	19.30	33.66	9.52	4.99	11987	14.16	26.24	10.65	4.89	10495	27.85	42.65	9.62	4.99															2018-05-13 02:48:00
13.05.2018	02:54:00	RO_SE_001	3267	256262	180	0	13122	9.63	18.09	10.94	4.97	11618	16.11	29.27	9.56	4.97	13029	10.00	18.83	10.67	4.97	11219	19.30	33.66	9.52	4.99	11987	14.16	26.24	10.62	4.89	10495	27.85	42.65	9.63	4.99															2018-05-13 02:54:00
13.05.2018	03:00:00	RO_SE_001	3268	256263	183	0	13122	9.63	18.09	10.96	4.94	11618	16.11	29.27	9.54	4.94	13029	10.00	18.83	10.7	4.97	11219	19.30	33.66	9.49	4.99	11988	14.16	26.24	10.59	4.89	10495	27.85	42.65	9.64	4.99															2018-05-13 03:00:00
13.05.2018	03:06:00	RO_SE_001	3267	256264	180	0	13122	9.63	18.09	10.92	4.97	11618	16.11	29.27	9.55	4.94	13030	10.00	18.82	10.72	4.97	11219	19.30	33.66	9.48	4.99	11988	14.16	26.24	10.63	4.89	10496	27.83	42.64	9.63	4.99															2018-05-13 03:06:00
13.05.2018	03:12:00	RO_SE_001	3267	256265	180	0	13123	9.62	18.09	10.93	4.97	11618	16.11	29.27	9.55	4.97	13030	10.00	18.82	10.72	4.97	11219	19.30	33.66	9.48	4.99	11988	14.16	26.24	10.62	4.89	10496	27.83	42.64	9.62	4.99															2018-05-13 03:12:00
13.05.2018	03:18:00	RO_SE_001	3267	256266	180	0	13123	9.62	18.09	10.91	4.94	11618	16.11	29.27	9.56	4.94	13030	10.00	18.82	10.7	4.97	11219	19.30	33.66	9.52	4.99	11988	14.16	26.24	10.61	4.89	10496	27.83	42.64	9.64	4.99															2018-05-13 03:18:00
13.05.2018	03:24:00	RO_SE_001	3266	256267	180	0	13123	9.62	18.09	10.9	4.97	11618	16.11	29.27	9.56	4.94	13030	10.00	18.82	10.7	4.97	11220	19.29	33.65	9.52	4.99	11988	14.16	26.24	10.61	4.89	10496	27.83	42.64	9.64	4.99															2018-05-13 03:24:00
13.05.2018	03:30:00	RO_SE_001	3267	256268	180	0	13123	9.62	18.09	10.89	4.94	11618	16.11	29.27	9.59	4.97	13030	10.00	18.82	10.73	4.97	11220	19.29	33.65	9.52	4.99	11989	14.15	26.23	10.59	4.89	10496	27.83	42.64	9.65	4.99															2018-05-13 03:30:00
13.05.2018	03:36:00	RO_SE_001	3266	256269	180	0	13123	9.62	18.09	10.88	4.94	11618	16.11	29.27	9.56	4.97	13030	10.00	18.82	10.67	4.94	11220	19.29	33.65	9.51	4.99	11989	14.15	26.23	10.62	4.89	10496	27.83	42.64	9.66	4.99															2018-05-13 03:36:00
13.05.2018	03:42:00	RO_SE_001	3266	256270	183	0	13123	9.62	18.09	10.88	4.97	11618	16.11	29.27	9.55	4.94	13030	10.00	18.82	10.7	4.97	11220	19.29	33.65	9.49	4.99	11989	14.15	26.23	10.57	4.89	10496	27.83	42.64	9.63	4.97															2018-05-13 03:42:00
13.05.2018	03:48:00	RO_SE_001	3266	256271	183	0	13123	9.62	18.09	10.88	4.94	11618	16.11	29.27	9.58	4.94	13031	9.99	18.81	10.67	4.97	11220	19.29	33.65	9.52	4.99	11989	14.15	26.23	10.57	4.89	10496	27.83	42.64	9.64	4.99															2018-05-13 03:48:00
13.05.2018	03:54:00	RO_SE_001	3266	256272	180	0	13123	9.62	18.09	10.9	4.97	11618	16.11	29.27	9.57	4.94	13031	9.99	18.81	10.66	4.97	11219	19.30	33.66	9.53	4.99	11989	14.15	26.23	10.59	4.89	10496	27.83	42.64	9.65	4.99															2018-05-13 03:54:00
13.05.2018	04:00:00	RO_SE_001	3266	256273	180	0	13124	9.62	18.08	10.87	4.97	11618	16.11	29.27	9.56	4.94	13031	9.99	18.81	10.69	4.97	11220	19.29	33.65	9.52	4.99	11989	14.15	26.23	10.59	4.89	10496	27.83	42.64	9.63	4.99															2018-05-13 04:00:00
13.05.2018	04:06:00	RO_SE_001	3265	256274	180	0	13124	9.62	18.08	10.87	4.97	11618	16.11	29.27	9.58	4.94	13031	9.99	18.81	10.71	4.97	11220	19.29	33.65	9.5	4.99	11989	14.15	26.23	10.58	4.89	10496	27.83	42.64	9.61	4.99															2018-05-13 04:06:00
13.05.2018	04:12:00	RO_SE_001	3265	256275	183	0	13124	9.62	18.08	10.87	4.94	11618	16.11	29.27	9.59	4.94	13031	9.99	18.81	10.7	4.97	11220	19.29	33.65	9.52	4.99	11990	14.15	26.22	10.56	4.89	10496	27.83	42.64	9.66	4.99															2018-05-13 04:12:00
13.05.2018	04:18:00	RO_SE_001	3266	256276	183	0	13124	9.62	18.08	10.84	4.97	11618	16.11	29.27	9.55	4.94	13031	9.99	18.81	10.68	4.97	11220	19.29	33.65	9.54	4.99	11990	14.15	26.22	10.58	4.89	10496	27.83	42.64	9.63	4.99															2018-05-13 04:18:00
13.05.2018	04:24:00	RO_SE_001	3265	256277	180	0	13124	9.62	18.08	10.87	4.94	11618	16.11	29.27	9.61	4.94	13031	9.99	18.81	10.66	4.94	11220	19.29	33.65	9.52	4.99	11990	14.15	26.22	10.59	4.89	10496	27.83	42.64	9.68	4.99															2018-05-13 04:24:00
13.05.2018	04:30:00	RO_SE_001	3264	256278	180	0	13124	9.62	18.08	10.87	4.97	11618	16.11	29.27	9.59	4.94	13031	9.99	18.81	10.65	4.97	11220	19.29	33.65	9.52	4.99	11990	14.15	26.22	10.57	4.89	10496	27.83	42.64	9.65	4.99															2018-05-13 04:30:00
13.05.2018	04:36:00	RO_SE_001	3264	256279	183	0	13124	9.62	18.08	10.83	4.97	11618	16.11	29.27	9.56	4.97	13031	9.99	18.81	10.66	4.94	11220	19.29	33.65	9.52	4.99	11990	14.15	26.22	10.53	4.89	10496	27.83	42.64	9.65	4.99															2018-05-13 04:36:00
13.05.2018	04:42:00	RO_SE_001	3264	256280	183	0	13124	9.62	18.08	10.84	4.97	11618	16.11	29.27	9.58	4.97	13031	9.99	18.81	10.68	4.97	11221	19.29	33.64	9.52	4.99	11990	14.15	26.22	10.56	4.89	10496	27.83	42.64	9.64	4.99															2018-05-13 04:42:00
13.05.2018	04:48:00	RO_SE_001	3264	256281	186	0	13124	9.62	18.08	10.84	4.97	11618	16.11	29.27	9.59	4.97	13032	9.99	18.81	10.63	4.97	11221	19.29	33.64	9.59	4.99	11991	14.14	26.21	10.57	4.89	10496	27.83	42.64	9.62	4.99															2018-05-13 04:48:00
13.05.2018	04:54:00	RO_SE_001	3264	256282	183	0	13125	9.62	18.08	10.82	4.97	11618	16.11	29.27	9.55	4.94	13032	9.99	18.81	10.63	4.97	11221	19.29	33.64	9.51	4.99	11991	14.14	26.21	10.55	4.89	10496	27.83	42.64	9.67	4.99															2018-05-13 04:54:00
13.05.2018	05:00:00	RO_SE_001	3264	256283	180	0	13125	9.62	18.08	10.83	4.94	11618	16.11	29.27	9.59	4.94	13032	9.99	18.81	10.63	4.97	11221	19.29	33.64	9.54	4.99	11991	14.14	26.21	10.55	4.89	10496	27.83	42.64	9.66	4.99															2018-05-13 05:00:00
13.05.2018	05:06:00	RO_SE_001	3264	256284	180	0	13125	9.62	18.08	10.83	4.97	11618	16.11	29.27	9.59	4.97	13032	9.99	18.81	10.63	4.97	11221	19.29	33.64	9.56	4.99	11991	14.14	26.21	10.55	4.91	10496	27.83	42.64	9.63	4.99															2018-05-13 05:06:00
13.05.2018	05:12:00	RO_SE_001	3263	256285	183	0	13125	9.62	18.08	10.83	4.94	11618	16.11	29.27	9.58	4.97	13032	9.99	18.81	10.65	4.97	11221	19.29	33.64	9.56	4.99	11991	14.14	26.21	10.55	4.89	10496	27.83	42.64	9.67	4.99															2018-05-13 05:12:00
13.05.2018	05:18:00	RO_SE_001	3263	256286	183	0	13125	9.62	18.08	10.84	4.97	11618	16.11	29.27	9.58	4.94	13032	9.99	18.81	10.61	4.97	11221	19.29	33.64	9.53	4.99	11991	14.14	26.21	10.55	4.89	10496	27.83	42.64	9.65	4.99															2018-05-13 05:18:00
13.05.2018	05:24:00	RO_SE_001	3263	256287	186	0	13125	9.62	18.08	10.82	4.97	11618	16.11	29.27	9.59	4.94	13033	9.99	18.8	10.63	4.94	11222	19.28	33.63	9.53	4.99	11992	14.14	26.2	10.54	4.89	10496	27.83	42.64	9.67	4.99															2018-05-13 05:24:00
13.05.2018	05:30:00	RO_SE_001	3263	256288	183	0	13125	9.62	18.08	10.8	4.97	11617	16.12	29.28	9.59	4.94	13033	9.99	18.8	10.63	4.97	11222	19.28	33.63	9.52	4.99	11992	14.14	26.2	10.53	4.89	10496	27.83	42.64	9.65	4.99															2018-05-13 05:30:00
13.05.2018	05:36:00	RO_SE_001	3263	256289	180	0	13125	9.62	18.08	10.8	4.94	11617	16.12	29.28	9.55	4.94	13033	9.99	18.8	10.61	4.94	11222	19.28	33.63	9.52	4.99	11992	14.14	26.2	10.53	4.89	10496	27.83	42.64	9.64	4.99															2018-05-13 05:36:00
13.05.2018	05:42:00	RO_SE_001	3262	256290	180	0	13125	9.62	18.08	10.79	4.94	11617	16.12	29.28	9.61	4.94	13033	9.99	18.8	10.63	4.97	11222	19.28	33.63	9.52	4.99	11992	14.14	26.2	10.53	4.89	10496	27.83	42.64	9.67	4.99															2018-05-13 05:42:00
13.05.2018	05:48:00	RO_SE_001	3263	256291	183	0	13125	9.62	18.08	10.82	4.97	11617	16.12	29.28	9.6	4.94	13033	9.99	18.8	10.63	4.97	11222	19.28	33.63	9.52	4.99	11992	14.14	26.2	10.54	4.89	10497	27.82	42.62	9.66	4.99															2018-05-13 05:48:00
13.05.2018	05:54:00	RO_SE_001	3262	256292	180	0	13125	9.62	18.08	10.78	4.97	11617	16.12	29.28	9.57	4.97	13033	9.99	18.8	10.61	4.97	11223	19.27	33.62	9.55	4.99	11992	14.14	26.2	10.52	4.89	10496	27.83	42.64	9.64	4.99															2018-05-13 05:54:00
13.05.2018	06:00:00	RO_SE_001	3263	256293	183	0	13125	9.62	18.08	10.79	4.94	11617	16.12	29.28	9.56	4.94	13033	9.99	18.8	10.61	4.97	11223	19.27	33.62	9.55	4.99	11992	14.14	26.2	10.52	4.89	10496	27.83	42.64	9.67	4.99															2018-05-13 06:00:00
13.05.2018	06:06:00	RO_SE_001	3263	256294	183	0	13125	9.62	18.08	10.8	4.94	11617	16.12	29.28	9.58	4.97	13034	9.98	18.79	10.62	4.97	11223	19.27	33.62	9.52	4.99	11993	14.13	26.19	10.55	4.89	10496	27.83	42.64	9.63	4.99															2018-05-13 06:06:00
13.05.2018	06:12:00	RO_SE_001	3262	256295	183	0	13126	9.61	18.07	10.8	4.97	11617	16.12	29.28	9.59	4.94	13034	9.98	18.79	10.62	4.94	11223	19.27	33.62	9.54	4.99	11993	14.13	26.19	10.48	4.89	10496	27.83	42.64	9.66	4.99															2018-05-13 06:12:00
13.05.2018	06:18:00	RO_SE_001	3261	256296	180	0	13126	9.61	18.07	10.78	4.97	11617	16.12	29.28	9.58	4.94	13034	9.98	18.79	10.59	4.97	11223	19.27	33.62	9.55	4.99	11993	14.13	26.19	10.49	4.89	10496	27.83	42.64	9.64	4.99															2018-05-13 06:18:00
13.05.2018	06:24:00	RO_SE_001	3262	256297	183	0	13126	9.61	18.07	10.77	4.94	11617	16.12	29.28	9.61	4.94	13034	9.98	18.79	10.62	4.97	11223	19.27	33.62	9.55	4.99	11993	14.13	26.19	10.52	4.89	10496	27.83	42.64	9.66	4.99															2018-05-13 06:24:00
13.05.2018	06:30:00	RO_SE_001	3262	256298	183	0	13126	9.61	18.07	10.77	4.97	11617	16.12	29.28	9.59	4.97	13034	9.98	18.79	10.59	4.97	11224	19.26	33.61	9.54	4.99	11993	14.13	26.19	10.52	4.89	10496	27.83	42.64	9.66	4.99															2018-05-13 06:30:00
13.05.2018	06:36:00	RO_SE_001	3261	256299	183	0	13126	9.61	18.07	10.75	4.97	11617	16.12	29.28	9.59	4.94	13034	9.98	18.79	10.58	4.97	11224	19.26	33.61	9.51	4.99	11993	14.13	26.19	10.5	4.89	10496	27.83	42.64	9.66	4.99															2018-05-13 06:36:00
13.05.2018	06:42:00	RO_SE_001	3261	256300	183	0	13126	9.61	18.07	10.77	4.94	11617	16.12	29.28	9.6	4.94	13035	9.98	18.79	10.57	4.97	11224	19.26	33.61	9.54	4.99	11994	14.13	26.18	10.49	4.89	10496	27.83	42.64	9.64	4.99															2018-05-13 06:42:00
13.05.2018	06:48:00	RO_SE_001	3262	256301	180	0	13126	9.61	18.07	10.76	4.94	11617	16.12	29.28	9.58	4.97	13035	9.98	18.79	10.58	4.97	11224	19.26	33.61	9.52	4.99	11994	14.13	26.18	10.49	4.89	10496	27.83	42.64	9.63	4.99															2018-05-13 06:48:00
13.05.2018	06:54:00	RO_SE_001	3261	256302	183	0	13127	9.61	18.06	10.74	4.97	11617	16.12	29.28	9.59	4.94	13035	9.98	18.79	10.57	4.94	11224	19.26	33.61	9.57	4.99	11994	14.13	26.18	10.53	4.89	10497	27.82	42.62	9.64	4.99															2018-05-13 06:54:00
13.05.2018	07:00:00	RO_SE_001	3261	256303	183	0	13127	9.61	18.06	10.79	4.97	11617	16.12	29.28	9.6	4.94	13034	9.98	18.79	10.55	4.97	11224	19.26	33.61	9.53	4.99	11994	14.13	26.18	10.48	4.89	10497	27.82	42.62	9.64	4.99															2018-05-13 07:00:00
13.05.2018	07:06:00	RO_SE_001	3261	256304	183	0	13127	9.61	18.06	10.77	4.94	11617	16.12	29.28	9.58	4.94	13035	9.98	18.79	10.55	4.94	11224	19.26	33.61	9.53	4.99	11994	14.13	26.18	10.51	4.89	10497	27.82	42.62	9.66	4.99															2018-05-13 07:06:00
13.05.2018	07:12:00	RO_SE_001	3261	256305	183	0	13127	9.61	18.06	10.75	4.97	11617	16.12	29.28	9.6	4.97	13035	9.98	18.79	10.54	4.97	11225	19.25	33.6	9.56	4.99	11994	14.13	26.18	10.45	4.89	10497	27.82	42.62	9.65	4.99															2018-05-13 07:12:00
13.05.2018	07:18:00	RO_SE_001	3261	256306	183	0	13127	9.61	18.06	10.8	4.94	11617	16.12	29.28	9.59	4.97	13035	9.98	18.79	10.55	4.97	11225	19.25	33.6	9.54	4.99	11994	14.13	26.18	10.46	4.91	10497	27.82	42.62	9.66	4.99															2018-05-13 07:18:00
13.05.2018	07:24:00	RO_SE_001	3261	256307	183	0	13127	9.61	18.06	10.73	4.97	11617	16.12	29.28	9.57	4.94	13035	9.98	18.79	10.58	4.94	11225	19.25	33.6	9.54	4.99	11994	14.13	26.18	10.49	4.89	10497	27.82	42.62	9.66	4.99															2018-05-13 07:24:00
13.05.2018	07:30:00	RO_SE_001	3261	256308	183	0	13127	9.61	18.06	10.75	4.94	11618	16.11	29.27	9.56	4.94	13035	9.98	18.79	10.59	4.97	11225	19.25	33.6	9.53	4.99	11994	14.13	26.18	10.49	4.89	10497	27.82	42.62	9.64	4.99															2018-05-13 07:30:00
13.05.2018	07:36:00	RO_SE_001	3261	256309	180	0	13127	9.61	18.06	10.75	4.97	11618	16.11	29.27	9.58	4.94	13036	9.98	18.78	10.53	4.97	11225	19.25	33.6	9.54	4.99	11995	14.12	26.18	10.5	4.89	10497	27.82	42.62	9.68	4.97															2018-05-13 07:36:00
13.05.2018	07:42:00	RO_SE_001	3261	256310	183	0	13128	9.61	18.06	10.76	4.94	11618	16.11	29.27	9.59	4.97	13036	9.98	18.78	10.58	4.97	11225	19.25	33.6	9.53	4.99	11995	14.12	26.18	10.47	4.89	10497	27.82	42.62	9.67	4.99															2018-05-13 07:42:00
13.05.2018	07:48:00	RO_SE_001	3260	256311	186	0	13128	9.61	18.06	10.79	4.97	11618	16.11	29.27	9.56	4.94	13036	9.98	18.78	10.53	4.97	11225	19.25	33.6	9.57	4.99	11994	14.13	26.18	10.48	4.89	10497	27.82	42.62	9.66	4.99															2018-05-13 07:48:00
13.05.2018	07:54:00	RO_SE_001	3261	256312	180	0	13128	9.61	18.06	10.76	4.97	11618	16.11	29.27	9.59	4.94	13036	9.98	18.78	10.55	4.97	11226	19.24	33.59	9.51	4.99	11994	14.13	26.18	10.46	4.89	10497	27.82	42.62	9.63	4.99															2018-05-13 07:54:00
13.05.2018	08:00:00	RO_SE_001	3261	256313	183	0	13127	9.61	18.06	10.78	4.97	11618	16.11	29.27	9.62	4.97	13036	9.98	18.78	10.57	4.97	11226	19.24	33.59	9.54	4.99	11995	14.12	26.18	10.47	4.89	10497	27.82	42.62	9.65	4.99															2018-05-13 08:00:00
13.05.2018	08:06:00	RO_SE_001	3261	256314	183	0	13127	9.61	18.06	10.76	4.94	11618	16.11	29.27	9.6	4.97	13037	9.97	18.78	10.52	4.94	11226	19.24	33.59	9.52	4.99	11995	14.12	26.18	10.47	4.89	10497	27.82	42.62	9.64	4.99															2018-05-13 08:06:00
13.05.2018	08:12:00	RO_SE_001	3261	256315	180	0	13128	9.61	18.06	10.73	4.97	11618	16.11	29.27	9.58	4.97	13037	9.97	18.78	10.58	4.97	11226	19.24	33.59	9.52	4.99	11995	14.12	26.18	10.45	4.89	10497	27.82	42.62	9.65	4.99															2018-05-13 08:12:00
13.05.2018	08:24:00	RO_SE_001	3260	256317	183	0	13126	9.61	18.07	10.76	4.94	11618	16.11	29.27	9.59	4.94	13037	9.97	18.78	10.56	4.97	11227	19.24	33.58	9.54	4.99	11995	14.12	26.18	10.47	4.91	10497	27.82	42.62	9.67	4.99															2018-05-13 08:24:00
13.05.2018	08:30:00	RO_SE_001	3260	256318	183	0	13127	9.61	18.06	10.78	4.97	11618	16.11	29.27	9.61	4.97	13037	9.97	18.78	10.57	4.97	11227	19.24	33.58	9.54	4.99	11996	14.12	26.17	10.48	4.89	10497	27.82	42.62	9.68	4.99															2018-05-13 08:30:00
13.05.2018	08:36:00	RO_SE_001	3268	256319	186	0	13128	9.61	18.06	10.75	4.97	11619	16.10	29.26	9.58	4.97	13036	9.98	18.78	10.59	4.97	11227	19.24	33.58	9.54	4.99	11996	14.12	26.17	10.48	4.89	10497	27.82	42.62	9.68	4.99															2018-05-13 08:36:00
13.05.2018	08:42:00	RO_SE_001	3269	256320	186	0	13127	9.61	18.06	10.74	4.94	11619	16.10	29.26	9.61	4.94	13037	9.97	18.78	10.55	4.97	11227	19.24	33.58	9.53	4.99	11996	14.12	26.17	10.47	4.89	10497	27.82	42.62	9.64	4.99															2018-05-13 08:42:00
13.05.2018	08:48:00	RO_SE_001	3270	256321	183	0	13128	9.61	18.06	10.75	4.97	11620	16.10	29.25	9.58	4.94	13037	9.97	18.78	10.59	4.97	11227	19.24	33.58	9.54	4.99	11996	14.12	26.17	10.48	4.89	10497	27.82	42.62	9.62	4.99															2018-05-13 08:48:00
13.05.2018	08:54:00	RO_SE_001	3268	256322	183	0	13128	9.61	18.06	10.76	4.97	11620	16.10	29.25	9.58	4.94	13037	9.97	18.78	10.59	4.97	11227	19.24	33.58	9.55	4.99	11996	14.12	26.17	10.48	4.89	10497	27.82	42.62	9.65	4.99															2018-05-13 08:54:00
13.05.2018	09:00:00	RO_SE_001	3267	256323	183	0	13128	9.61	18.06	10.76	4.94	11620	16.10	29.25	9.58	4.94	13037	9.97	18.78	10.55	4.97	11227	19.24	33.58	9.53	4.99	11997	14.11	26.16	10.49	4.89	10497	27.82	42.62	9.66	4.99															2018-05-13 09:00:00
13.05.2018	09:06:00	RO_SE_001	3266	256324	180	0	13128	9.61	18.06	10.78	4.97	11620	16.10	29.25	9.59	4.97	13038	9.97	18.77	10.59	4.97	11227	19.24	33.58	9.5	4.99	11997	14.11	26.16	10.49	4.89	10497	27.82	42.62	9.66	4.99															2018-05-13 09:06:00
13.05.2018	09:12:00	RO_SE_001	3265	256325	183	0	13129	9.60	18.05	10.75	4.97	11620	16.10	29.25	9.6	4.94	13038	9.97	18.77	10.59	4.97	11227	19.24	33.58	9.55	4.99	11997	14.11	26.16	10.52	4.89	10497	27.82	42.62	9.65	4.99															2018-05-13 09:12:00
13.05.2018	09:18:00	RO_SE_001	3264	256326	177	0	13129	9.60	18.05	10.77	4.97	11621	16.09	29.24	9.59	4.97	13038	9.97	18.77	10.59	4.94	11227	19.24	33.58	9.55	4.99	11998	14.10	26.15	10.46	4.89	10497	27.82	42.62	9.66	4.97															2018-05-13 09:18:00
13.05.2018	09:24:00	RO_SE_001	3263	256327	177	0	13129	9.60	18.05	10.77	4.94	11622	16.09	29.23	9.6	4.97	13039	9.97	18.76	10.55	4.97	11228	19.23	33.57	9.55	4.99	11998	14.10	26.15	10.46	4.89	10497	27.82	42.62	9.66	4.99															2018-05-13 09:24:00
13.05.2018	09:30:00	RO_SE_001	3263	256328	177	0	13129	9.60	18.05	10.76	4.97	11622	16.09	29.23	9.59	4.94	13039	9.97	18.76	10.54	4.97	11228	19.23	33.57	9.55	4.99	11998	14.10	26.15	10.48	4.89	10497	27.82	42.62	9.65	4.99															2018-05-13 09:30:00
13.05.2018	09:36:00	RO_SE_001	3262	256329	180	0	13130	9.60	18.04	10.84	4.94	11623	16.08	29.22	9.59	4.94	13039	9.97	18.76	10.55	4.94	11228	19.23	33.57	9.53	4.99	11999	14.10	26.14	10.5	4.89	10498	27.80	42.61	9.67	4.99															2018-05-13 09:36:00
13.05.2018	09:42:00	RO_SE_001	3262	256330	180	0	13130	9.60	18.04	10.8	4.94	11623	16.08	29.22	9.58	4.94	13039	9.97	18.76	10.59	4.97	11228	19.23	33.57	9.55	4.99	11999	14.10	26.14	10.48	4.89	10498	27.80	42.61	9.65	4.99															2018-05-13 09:42:00
13.05.2018	09:48:00	RO_SE_001	3262	256331	180	0	13130	9.60	18.04	10.84	4.94	11623	16.08	29.22	9.6	4.94	13040	9.96	18.76	10.64	4.97	11228	19.23	33.57	9.55	4.99	11999	14.10	26.14	10.5	4.89	10498	27.80	42.61	9.65	4.99															2018-05-13 09:48:00
13.05.2018	09:54:00	RO_SE_001	3261	256332	180	0	13131	9.60	18.04	10.82	4.94	11624	16.07	29.21	9.59	4.97	13040	9.96	18.76	10.64	4.97	11229	19.22	33.56	9.55	4.99	12000	14.09	26.13	10.5	4.89	10498	27.80	42.61	9.66	4.99															2018-05-13 09:54:00
13.05.2018	10:00:00	RO_SE_001	3261	256333	183	0	13132	9.59	18.03	10.82	4.97	11625	16.07	29.2	9.6	4.94	13041	9.96	18.75	10.63	4.97	11229	19.22	33.56	9.55	4.99	12000	14.09	26.13	10.5	4.89	10498	27.80	42.61	9.64	4.99															2018-05-13 10:00:00
13.05.2018	10:06:00	RO_SE_001	3261	256334	183	0	13132	9.59	18.03	10.84	4.94	11625	16.07	29.2	9.59	4.97	13041	9.96	18.75	10.63	4.97	11229	19.22	33.56	9.55	4.99	12000	14.09	26.13	10.48	4.89	10498	27.80	42.61	9.63	4.99															2018-05-13 10:06:00
13.05.2018	10:12:00	RO_SE_001	3261	256335	183	0	13133	9.59	18.03	10.86	4.97	11625	16.07	29.2	9.58	4.94	13041	9.96	18.75	10.65	4.97	11229	19.22	33.56	9.55	4.99	12001	14.09	26.13	10.5	4.89	10498	27.80	42.61	9.63	4.99															2018-05-13 10:12:00
13.05.2018	10:18:00	RO_SE_001	3261	256336	183	0	13134	9.59	18.02	10.86	4.97	11625	16.07	29.2	9.57	4.94	13042	9.96	18.74	10.64	4.97	11229	19.22	33.56	9.53	4.99	12001	14.09	26.13	10.52	4.89	10498	27.80	42.61	9.64	4.99															2018-05-13 10:18:00
13.05.2018	10:24:00	RO_SE_001	3261	256337	183	0	13134	9.59	18.02	10.88	4.97	11626	16.06	29.19	9.58	4.97	13042	9.96	18.74	10.63	4.97	11230	19.21	33.55	9.55	4.99	12001	14.09	26.13	10.52	4.89	10498	27.80	42.61	9.67	4.99															2018-05-13 10:24:00
13.05.2018	10:30:00	RO_SE_001	3261	256338	177	0	13135	9.58	18.01	10.88	4.97	11626	16.06	29.19	9.59	4.97	13043	9.95	18.74	10.65	4.97	11230	19.21	33.55	9.56	4.99	12002	14.08	26.12	10.53	4.89	10498	27.80	42.61	9.64	4.99															2018-05-13 10:30:00
13.05.2018	10:36:00	RO_SE_001	3261	256339	180	0	13134	9.59	18.02	10.88	4.97	11627	16.05	29.18	9.61	4.94	13043	9.95	18.74	10.66	4.94	11230	19.21	33.55	9.54	4.99	12001	14.09	26.13	10.53	4.89	10498	27.80	42.61	9.64	4.99															2018-05-13 10:36:00
13.05.2018	10:42:00	RO_SE_001	3261	256340	177	0	13135	9.58	18.01	10.9	4.97	11627	16.05	29.18	9.59	4.97	13044	9.95	18.73	10.65	4.97	11230	19.21	33.55	9.55	4.99	12002	14.08	26.12	10.51	4.89	10498	27.80	42.61	9.63	4.99															2018-05-13 10:42:00
13.05.2018	10:48:00	RO_SE_001	3260	256341	186	0	13135	9.58	18.01	10.87	4.97	11628	16.05	29.17	9.59	4.94	13044	9.95	18.73	10.67	4.97	11231	19.20	33.54	9.56	4.99	12002	14.08	26.12	10.51	4.89	10503	27.72	42.54	9.64	4.99															2018-05-13 10:48:00
13.05.2018	10:54:00	RO_SE_001	3260	256342	177	0	13136	9.58	18.01	10.92	4.97	11628	16.05	29.17	9.6	4.94	13044	9.95	18.73	10.66	4.97	11230	19.21	33.55	9.55	4.99	12003	14.08	26.11	10.52	4.89	10503	27.72	42.54	9.65	4.99															2018-05-13 10:54:00
13.05.2018	11:00:00	RO_SE_001	3260	256343	186	0	13136	9.58	18.01	10.9	4.94	11629	16.04	29.16	9.56	4.97	13044	9.95	18.73	10.68	4.97	11230	19.21	33.55	9.55	4.99	12003	14.08	26.11	10.53	4.89	10503	27.72	42.54	9.62	4.99															2018-05-13 11:00:00
13.05.2018	11:06:00	RO_SE_001	3260	256344	183	0	13137	9.58	18.0	10.95	4.94	11629	16.04	29.16	9.58	4.97	13044	9.95	18.73	10.69	4.97	11231	19.20	33.54	9.54	4.99	12004	14.07	26.1	10.54	4.89	10503	27.72	42.54	9.68	4.99															2018-05-13 11:06:00
13.05.2018	11:12:00	RO_SE_001	3260	256345	180	0	13138	9.58	18.0	10.94	4.94	11630	16.04	29.15	9.58	4.94	13045	9.95	18.73	10.7	4.97	11231	19.20	33.54	9.55	4.99	12004	14.07	26.1	10.55	4.89	10503	27.72	42.54	9.64	4.99															2018-05-13 11:12:00
13.05.2018	11:18:00	RO_SE_001	3260	256346	180	0	13138	9.58	18.0	10.94	4.97	11631	16.03	29.15	9.6	4.97	13045	9.95	18.73	10.7	4.97	11231	19.20	33.54	9.54	4.99	12004	14.07	26.1	10.54	4.89	10503	27.72	42.54	9.62	4.99															2018-05-13 11:18:00
13.05.2018	11:24:00	RO_SE_001	3260	256347	180	0	13139	9.57	17.99	10.95	4.97	11631	16.03	29.15	9.58	4.94	13046	9.94	18.72	10.74	4.97	11231	19.20	33.54	9.53	4.97	12005	14.07	26.09	10.55	4.89	10503	27.72	42.54	9.67	4.99															2018-05-13 11:24:00
13.05.2018	11:30:00	RO_SE_001	3259	256348	180	0	13139	9.57	17.99	10.95	4.97	11632	16.02	29.14	9.56	4.97	13046	9.94	18.72	10.73	4.97	11231	19.20	33.54	9.55	4.99	12006	14.06	26.08	10.59	4.89	10503	27.72	42.54	9.66	4.97															2018-05-13 11:30:00
13.05.2018	11:36:00	RO_SE_001	3259	256349	183	0	13140	9.57	17.98	10.98	4.94	11632	16.02	29.14	9.59	4.94	13047	9.94	18.71	10.74	4.97	11232	19.20	33.53	9.53	4.99	12006	14.06	26.08	10.56	4.89	10503	27.72	42.54	9.63	4.99															2018-05-13 11:36:00
13.05.2018	11:42:00	RO_SE_001	3258	256350	183	0	13140	9.57	17.98	10.98	4.97	11633	16.02	29.13	9.56	4.97	13047	9.94	18.71	10.77	4.97	11232	19.20	33.53	9.52	4.99	12007	14.06	26.07	10.57	4.89	10503	27.72	42.54	9.66	4.99															2018-05-13 11:42:00
13.05.2018	11:48:00	RO_SE_001	3258	256351	180	0	13141	9.57	17.98	11.01	4.97	11633	16.02	29.13	9.57	4.94	13048	9.94	18.71	10.8	4.97	11232	19.20	33.53	9.54	4.99	12007	14.06	26.07	10.56	4.89	10503	27.72	42.54	9.68	4.99															2018-05-13 11:48:00
13.05.2018	11:54:00	RO_SE_001	3259	256352	180	0	13141	9.57	17.98	11.01	4.97	11634	16.01	29.12	9.58	4.94	13049	9.93	18.7	10.77	4.97	11232	19.20	33.53	9.52	4.99	12008	14.05	26.07	10.59	4.89	10503	27.72	42.54	9.62	4.99															2018-05-13 11:54:00
13.05.2018	12:00:00	RO_SE_001	3258	256353	180	0	13141	9.57	17.98	11.05	4.97	11635	16.00	29.11	9.57	4.94	13049	9.93	18.7	10.8	4.97	11232	19.20	33.53	9.56	4.99	12008	14.05	26.07	10.6	4.89	10503	27.72	42.54	9.64	4.99															2018-05-13 12:00:00
13.05.2018	12:06:00	RO_SE_001	3258	256354	183	0	13142	9.56	17.97	11.03	4.97	11636	16.00	29.1	9.59	4.97	13050	9.93	18.69	10.83	4.97	11233	19.19	33.52	9.52	4.99	12008	14.05	26.07	10.59	4.89	10503	27.72	42.54	9.65	4.99															2018-05-13 12:06:00
13.05.2018	12:12:00	RO_SE_001	3258	256355	177	0	13143	9.56	17.96	11.05	4.94	11636	16.00	29.1	9.59	4.94	13050	9.93	18.69	10.83	4.97	11233	19.19	33.52	9.54	4.99	12008	14.05	26.07	10.62	4.89	10503	27.72	42.54	9.64	4.99															2018-05-13 12:12:00
13.05.2018	12:18:00	RO_SE_001	3257	256356	186	0	13143	9.56	17.96	11.04	4.97	11637	15.99	29.09	9.59	4.94	13051	9.93	18.69	10.77	4.94	11233	19.19	33.52	9.55	4.99	12009	14.05	26.06	10.63	4.89	10503	27.72	42.54	9.62	4.99															2018-05-13 12:18:00
13.05.2018	12:24:00	RO_SE_001	3257	256357	183	0	13144	9.56	17.96	11.06	4.97	11638	15.99	29.08	9.63	4.97	13051	9.93	18.69	10.85	4.97	11233	19.19	33.52	9.53	4.99	12010	14.04	26.05	10.61	4.89	10503	27.72	42.54	9.65	4.99															2018-05-13 12:24:00
13.05.2018	12:30:00	RO_SE_001	3257	256358	177	0	13145	9.55	17.95	11.09	4.97	11638	15.99	29.08	9.55	4.97	13051	9.93	18.69	10.86	4.97	11233	19.19	33.52	9.55	4.99	12010	14.04	26.05	10.63	4.89	10503	27.72	42.54	9.66	4.99															2018-05-13 12:30:00
13.05.2018	12:36:00	RO_SE_001	3257	256359	177	0	13145	9.55	17.95	11.11	4.97	11639	15.98	29.07	9.59	4.94	13052	9.92	18.68	10.87	4.97	11234	19.18	33.51	9.51	4.99	12011	14.04	26.04	10.63	4.89	10503	27.72	42.54	9.65	4.99															2018-05-13 12:36:00
13.05.2018	12:42:00	RO_SE_001	3257	256360	189	0	13146	9.55	17.95	11.09	4.97	11639	15.98	29.07	9.57	4.97	13052	9.92	18.68	10.88	4.97	11234	19.18	33.51	9.55	4.99	12011	14.04	26.04	10.66	4.89	10503	27.72	42.54	9.66	4.99															2018-05-13 12:42:00
13.05.2018	12:48:00	RO_SE_001	3257	256361	180	0	13147	9.55	17.94	11.1	4.94	11641	15.97	29.05	9.58	4.97	13053	9.92	18.67	10.91	4.97	11234	19.18	33.51	9.56	4.99	12012	14.03	26.03	10.66	4.89	10503	27.72	42.54	9.65	4.99															2018-05-13 12:48:00
13.05.2018	12:54:00	RO_SE_001	3256	256362	177	0	13148	9.54	17.93	11.13	4.97	11640	15.97	29.06	9.56	4.94	13054	9.92	18.67	10.92	4.97	11234	19.18	33.51	9.53	4.99	12013	14.03	26.02	10.7	4.89	10503	27.72	42.54	9.66	4.99															2018-05-13 12:54:00
13.05.2018	13:00:00	RO_SE_001	3256	256363	183	0	13148	9.54	17.93	11.13	4.97	11641	15.97	29.05	9.55	4.97	13054	9.92	18.67	10.91	4.97	11233	19.19	33.52	9.55	4.99	12013	14.03	26.02	10.67	4.89	10503	27.72	42.54	9.67	4.99															2018-05-13 13:00:00
13.05.2018	13:06:00	RO_SE_001	3256	256364	174	0	13148	9.54	17.93	11.14	4.97	11642	15.96	29.04	9.6	4.94	13055	9.91	18.66	10.92	4.97	11234	19.18	33.51	9.55	4.99	12014	14.02	26.01	10.7	4.89	10503	27.72	42.54	9.67	4.99															2018-05-13 13:06:00
13.05.2018	13:12:00	RO_SE_001	3256	256365	183	0	13149	9.54	17.93	11.22	4.97	11643	15.95	29.03	9.58	4.97	13056	9.91	18.66	10.98	4.94	11234	19.18	33.51	9.57	4.99	12015	14.02	26.01	10.7	4.89	10503	27.72	42.54	9.66	4.99															2018-05-13 13:12:00
13.05.2018	13:18:00	RO_SE_001	3256	256366	183	0	13150	9.54	17.92	11.19	4.97	11644	15.95	29.02	9.59	4.94	13057	9.91	18.65	10.98	4.97	11234	19.18	33.51	9.54	4.99	12015	14.02	26.01	10.7	4.89	10503	27.72	42.54	9.64	4.99															2018-05-13 13:18:00
13.05.2018	13:24:00	RO_SE_001	3058	256367	183	0	13150	9.54	17.92	11.23	4.97	11645	15.94	29.01	9.63	4.94	13057	9.91	18.65	10.95	4.97	11234	19.18	33.51	9.55	4.99	12015	14.02	26.01	10.73	4.89	10503	27.72	42.54	9.65	4.99															2018-05-13 13:24:00
13.05.2018	13:30:00	RO_SE_001	3267	256368	183	0	13151	9.54	17.91	11.24	4.97	11646	15.94	29.01	9.6	4.97	13058	9.90	18.64	10.99	4.97	11235	19.17	33.49	9.55	4.99	12015	14.02	26.01	10.75	4.89	10503	27.72	42.54	9.69	4.99															2018-05-13 13:30:00
13.05.2018	13:36:00	RO_SE_001	3264	256369	183	0	13152	9.53	17.91	11.28	4.94	11646	15.94	29.01	9.59	4.94	13058	9.90	18.64	11.02	4.94	11235	19.17	33.49	9.53	4.99	12016	14.01	26.0	10.73	4.89	10503	27.72	42.54	9.68	4.99															2018-05-13 13:36:00
13.05.2018	13:42:00	RO_SE_001	3262	256370	171	0	13153	9.53	17.9	11.27	4.97	11647	15.93	29.0	9.59	4.94	13059	9.90	18.64	11.05	4.97	11235	19.17	33.49	9.58	4.99	12017	14.01	25.99	10.74	4.89	10503	27.72	42.54	9.66	4.99															2018-05-13 13:42:00
13.05.2018	13:48:00	RO_SE_001	3261	256371	180	0	13154	9.53	17.9	11.3	4.97	11647	15.93	29.0	9.59	4.97	13065	9.88	18.6	11.02	4.94	11235	19.17	33.49	9.53	4.99	12017	14.01	25.99	10.76	4.89	10503	27.72	42.54	9.63	4.99															2018-05-13 13:48:00
13.05.2018	13:54:00	RO_SE_001	3261	256372	180	0	13155	9.52	17.89	11.3	4.97	11648	15.92	28.99	9.55	4.97	13065	9.88	18.6	11.03	4.97	11235	19.17	33.49	9.54	4.99	12018	14.00	25.98	10.76	4.89	10503	27.72	42.54	9.7	4.99															2018-05-13 13:54:00
13.05.2018	14:00:00	RO_SE_001	3261	256373	183	0	13155	9.52	17.89	11.3	4.97	11649	15.92	28.98	9.58	4.97	13065	9.88	18.6	11.07	4.97	11236	19.16	33.48	9.55	4.99	12019	14.00	25.97	10.76	4.89	10503	27.72	42.54	9.68	4.99															2018-05-13 14:00:00
13.05.2018	14:06:00	RO_SE_001	3261	256374	171	0	13156	9.52	17.88	11.33	4.97	11650	15.91	28.97	9.6	4.97	13065	9.88	18.6	11.09	4.97	11236	19.16	33.48	9.57	4.99	12019	14.00	25.97	10.77	4.89	10503	27.72	42.54	9.65	4.99															2018-05-13 14:06:00
13.05.2018	14:12:00	RO_SE_001	3260	256375	183	0	13157	9.52	17.88	11.33	4.94	11651	15.90	28.96	9.58	4.94	13065	9.88	18.6	11.08	4.97	11236	19.16	33.48	9.55	4.99	12020	13.99	25.96	10.83	4.89	10503	27.72	42.54	9.66	4.97															2018-05-13 14:12:00
13.05.2018	14:18:00	RO_SE_001	3260	256376	186	0	13157	9.52	17.88	11.34	4.97	11652	15.90	28.95	9.59	4.97	13065	9.88	18.6	11.08	4.97	11236	19.16	33.48	9.51	4.99	12021	13.99	25.96	10.84	4.89	10503	27.72	42.54	9.67	4.99															2018-05-13 14:18:00
13.05.2018	14:24:00	RO_SE_001	3259	256377	189	0	13158	9.51	17.87	11.35	4.94	11653	15.89	28.94	9.6	4.94	13065	9.88	18.6	11.08	4.97	11236	19.16	33.48	9.55	4.99	12022	13.98	25.95	10.81	4.89	10503	27.72	42.54	9.66	4.99															2018-05-13 14:24:00
13.05.2018	14:30:00	RO_SE_001	3259	256378	189	0	13159	9.51	17.87	11.37	4.97	11653	15.89	28.94	9.6	4.94	13065	9.88	18.6	11.13	4.94	11237	19.15	33.47	9.55	4.99	12021	13.99	25.96	10.83	4.89	10503	27.72	42.54	9.68	4.99															2018-05-13 14:30:00
13.05.2018	14:36:00	RO_SE_001	3258	256379	168	0	13160	9.51	17.86	11.41	4.97	11654	15.89	28.93	9.6	4.94	13065	9.88	18.6	11.13	4.94	11237	19.15	33.47	9.52	4.99	12022	13.98	25.95	10.85	4.89	10503	27.72	42.54	9.67	4.99															2018-05-13 14:36:00
13.05.2018	14:42:00	RO_SE_001	3257	256380	180	0	13161	9.50	17.85	11.41	4.94	11655	15.88	28.92	9.57	4.94	13065	9.88	18.6	11.15	4.94	11237	19.15	33.47	9.5	4.99	12023	13.97	25.94	10.87	4.89	10503	27.72	42.54	9.66	4.99															2018-05-13 14:42:00
13.05.2018	14:48:00	RO_SE_001	3256	256381	186	0	13161	9.50	17.85	11.42	4.94	11655	15.88	28.92	9.58	4.97	13066	9.88	18.59	11.14	4.97	11237	19.15	33.47	9.57	4.99	12024	13.97	25.93	10.86	4.89	10503	27.72	42.54	9.65	4.99															2018-05-13 14:48:00
13.05.2018	14:54:00	RO_SE_001	3256	256382	168	0	13162	9.50	17.85	11.42	4.94	11656	15.87	28.91	9.61	4.94	13067	9.88	18.59	11.18	4.97	11238	19.15	33.46	9.51	4.99	12024	13.97	25.93	10.88	4.89	10503	27.72	42.54	9.67	4.99															2018-05-13 14:54:00
13.05.2018	15:00:00	RO_SE_001	3256	256383	186	0	13163	9.50	17.84	11.45	4.97	11656	15.87	28.91	9.6	4.94	13067	9.88	18.59	11.2	4.97	11238	19.15	33.46	9.57	4.99	12025	13.96	25.92	10.86	4.89	10503	27.72	42.54	9.69	4.97															2018-05-13 15:00:00
13.05.2018	15:06:00	RO_SE_001	3255	256384	189	0	13164	9.50	17.83	11.51	4.97	11657	15.87	28.9	9.59	4.97	13068	9.87	18.58	11.16	4.94	11238	19.15	33.46	9.55	4.99	12025	13.96	25.92	10.91	4.89	10503	27.72	42.54	9.66	4.99															2018-05-13 15:06:00
13.05.2018	15:12:00	RO_SE_001	3256	256385	177	0	13165	9.49	17.83	11.48	4.94	11658	15.86	28.89	9.62	4.97	13069	9.87	18.57	11.21	4.94	11238	19.15	33.46	9.54	4.99	12026	13.96	25.91	10.9	4.91	10503	27.72	42.54	9.66	4.99															2018-05-13 15:12:00
13.05.2018	15:18:00	RO_SE_001	3256	256386	183	0	13165	9.49	17.83	11.5	4.94	11658	15.86	28.89	9.61	4.94	13070	9.87	18.57	11.2	4.97	11239	19.14	33.45	9.55	4.99	12027	13.95	25.91	10.94	4.89	10503	27.72	42.54	9.66	4.99															2018-05-13 15:18:00
13.05.2018	15:24:00	RO_SE_001	3255	256387	183	0	13166	9.49	17.82	11.52	4.97	11658	15.86	28.89	9.63	4.94	13070	9.87	18.57	11.25	4.97	11239	19.14	33.45	9.54	4.99	12027	13.95	25.91	10.92	4.89	10503	27.72	42.54	9.65	4.99															2018-05-13 15:24:00
13.05.2018	15:30:00	RO_SE_001	3255	256388	183	0	13166	9.49	17.82	11.52	4.94	11658	15.86	28.89	9.63	4.94	13070	9.87	18.57	11.23	4.97	11239	19.14	33.45	9.57	4.99	12027	13.95	25.91	10.95	4.89	10503	27.72	42.54	9.67	4.99															2018-05-13 15:30:00
13.05.2018	15:36:00	RO_SE_001	3255	256389	183	0	13167	9.49	17.82	11.52	4.97	11658	15.86	28.89	9.62	4.97	13071	9.86	18.56	11.26	4.97	11239	19.14	33.45	9.57	4.99	12028	13.95	25.9	10.91	4.89	10503	27.72	42.54	9.7	4.99															2018-05-13 15:36:00
13.05.2018	15:42:00	RO_SE_001	3255	256390	186	0	13168	9.48	17.81	11.52	4.97	11659	15.86	28.89	9.62	4.97	13072	9.86	18.55	11.23	4.97	11239	19.14	33.45	9.59	4.99	12028	13.95	25.9	10.94	4.89	10503	27.72	42.54	9.66	4.99															2018-05-13 15:42:00
13.05.2018	15:48:00	RO_SE_001	3254	256391	183	0	13168	9.48	17.81	11.53	4.97	11660	15.85	28.88	9.64	4.97	13071	9.86	18.56	11.29	4.97	11240	19.13	33.44	9.54	4.99	12029	13.94	25.89	10.98	4.89	10503	27.72	42.54	9.69	4.99															2018-05-13 15:48:00
13.05.2018	15:54:00	RO_SE_001	3254	256392	183	0	13169	9.48	17.8	11.53	4.97	11660	15.85	28.88	9.6	4.94	13072	9.86	18.55	11.27	4.97	11240	19.13	33.44	9.59	4.99	12029	13.94	25.89	10.98	4.89	10503	27.72	42.54	9.68	4.99															2018-05-13 15:54:00
13.05.2018	16:00:00	RO_SE_001	3254	256393	183	0	13169	9.48	17.8	11.57	4.97	11660	15.85	28.88	9.62	4.94	13071	9.86	18.56	11.28	4.97	11240	19.13	33.44	9.57	4.99	12029	13.94	25.89	10.98	4.89	10503	27.72	42.54	9.72	4.99															2018-05-13 16:00:00
13.05.2018	16:06:00	RO_SE_001	3254	256394	183	0	13169	9.48	17.8	11.56	4.97	11660	15.85	28.88	9.63	4.94	13072	9.86	18.55	11.28	4.97	11240	19.13	33.44	9.58	4.99	12029	13.94	25.89	10.98	4.89	10503	27.72	42.54	9.69	4.99															2018-05-13 16:06:00
13.05.2018	16:12:00	RO_SE_001	3254	256395	189	0	13170	9.48	17.8	11.56	4.94	11660	15.85	28.88	9.63	4.94	13072	9.86	18.55	11.33	4.97	11240	19.13	33.44	9.59	4.99	12030	13.94	25.88	10.98	4.89	10503	27.72	42.54	9.72	4.99															2018-05-13 16:12:00
13.05.2018	16:18:00	RO_SE_001	3254	256396	183	0	13170	9.48	17.8	11.55	4.97	11660	15.85	28.88	9.61	4.94	13073	9.86	18.55	11.33	4.97	11240	19.13	33.44	9.57	4.99	12030	13.94	25.88	10.97	4.89	10503	27.72	42.54	9.69	4.99															2018-05-13 16:18:00
13.05.2018	16:24:00	RO_SE_001	3254	256397	186	0	13171	9.47	17.79	11.53	4.97	11661	15.84	28.87	9.59	4.94	13074	9.85	18.54	11.31	4.97	11241	19.12	33.43	9.56	4.99	12031	13.93	25.87	11.0	4.89	10504	27.71	42.53	9.68	4.99															2018-05-13 16:24:00
13.05.2018	16:30:00	RO_SE_001	3253	256398	183	0	13171	9.47	17.79	11.58	4.97	11661	15.84	28.87	9.64	4.94	13074	9.85	18.54	11.3	4.94	11240	19.13	33.44	9.55	4.99	12031	13.93	25.87	10.99	4.89	10503	27.72	42.54	9.73	4.99															2018-05-13 16:30:00
13.05.2018	16:36:00	RO_SE_001	3253	256399	186	0	13172	9.47	17.79	11.53	4.97	11662	15.84	28.86	9.66	4.94	13075	9.85	18.54	11.31	4.97	11241	19.12	33.43	9.59	4.99	12032	13.93	25.86	11.0	4.89	10503	27.72	42.54	9.7	4.99															2018-05-13 16:36:00
13.05.2018	16:42:00	RO_SE_001	3254	256400	186	0	13173	9.47	17.78	11.54	4.97	11662	15.84	28.86	9.63	4.94	13075	9.85	18.54	11.3	4.94	11241	19.12	33.43	9.59	4.99	12032	13.93	25.86	11.01	4.89	10503	27.72	42.54	9.71	4.99															2018-05-13 16:42:00
13.05.2018	16:48:00	RO_SE_001	3253	256401	189	0	13174	9.46	17.77	11.56	4.97	11664	15.82	28.84	9.62	4.94	13076	9.85	18.53	11.31	4.97	11241	19.12	33.43	9.55	4.99	12033	13.92	25.85	11.05	4.89	10503	27.72	42.54	9.7	4.99															2018-05-13 16:48:00
13.05.2018	16:54:00	RO_SE_001	3253	256402	189	0	13175	9.46	17.77	11.57	4.94	11664	15.82	28.84	9.63	4.94	13077	9.84	18.52	11.32	4.97	11241	19.12	33.43	9.59	4.99	12034	13.92	25.85	11.02	4.89	10503	27.72	42.54	9.7	4.99															2018-05-13 16:54:00
13.05.2018	17:00:00	RO_SE_001	3252	256403	189	0	13175	9.46	17.77	11.56	4.97	11665	15.82	28.83	9.61	4.94	13078	9.84	18.52	11.34	4.97	11241	19.12	33.43	9.55	4.99	12034	13.92	25.85	11.04	4.89	10503	27.72	42.54	9.73	4.99															2018-05-13 17:00:00
13.05.2018	17:06:00	RO_SE_001	3252	256404	183	0	13176	9.46	17.76	11.59	4.97	11666	15.81	28.82	9.63	4.94	13078	9.84	18.52	11.34	4.94	11241	19.12	33.43	9.63	4.99	12040	13.89	25.8	11.05	4.89	10503	27.72	42.54	9.71	4.99															2018-05-13 17:06:00
13.05.2018	17:12:00	RO_SE_001	3251	256405	183	0	13176	9.46	17.76	11.61	4.97	11666	15.81	28.82	9.66	4.94	13079	9.84	18.51	11.33	4.94	11241	19.12	33.43	9.59	4.99	12040	13.89	25.8	11.03	4.89	10503	27.72	42.54	9.7	4.99															2018-05-13 17:12:00
13.05.2018	17:18:00	RO_SE_001	3251	256406	165	0	13177	9.46	17.76	11.61	4.94	11667	15.81	28.81	9.62	4.97	13078	9.84	18.52	11.34	4.97	11241	19.12	33.43	9.57	4.99	12040	13.89	25.8	11.07	4.89	10503	27.72	42.54	9.71	4.99															2018-05-13 17:18:00
13.05.2018	17:24:00	RO_SE_001	3251	256407	168	0	13178	9.45	17.75	11.62	4.97	11668	15.80	28.8	9.64	4.94	13079	9.84	18.51	11.38	4.97	11241	19.12	33.43	9.58	4.99	12040	13.89	25.8	11.08	4.89	10503	27.72	42.54	9.67	4.99															2018-05-13 17:24:00
13.05.2018	17:30:00	RO_SE_001	3250	256408	168	0	13178	9.45	17.75	11.62	4.97	11669	15.79	28.79	9.66	4.94	13080	9.83	18.5	11.36	4.94	11242	19.11	33.42	9.59	4.99	12040	13.89	25.8	11.08	4.89	10504	27.71	42.53	9.73	4.99															2018-05-13 17:30:00
13.05.2018	17:36:00	RO_SE_001	3251	256409	180	0	13179	9.45	17.74	11.63	4.97	11669	15.79	28.79	9.66	4.94	13080	9.83	18.5	11.37	4.97	11242	19.11	33.42	9.6	4.99	12040	13.89	25.8	11.05	4.89	10504	27.71	42.53	9.7	4.99															2018-05-13 17:36:00
13.05.2018	17:42:00	RO_SE_001	3250	256410	159	0	13180	9.45	17.74	11.61	4.94	11669	15.79	28.79	9.63	4.97	13081	9.83	18.5	11.35	4.94	11242	19.11	33.42	9.56	4.99	12040	13.89	25.8	11.06	4.89	10504	27.71	42.53	9.71	4.99															2018-05-13 17:42:00
13.05.2018	17:48:00	RO_SE_001	3250	256411	159	0	13181	9.44	17.73	11.64	4.97	11670	15.79	28.78	9.65	4.97	13082	9.83	18.49	11.38	4.97	11242	19.11	33.42	9.63	4.99	12040	13.89	25.8	11.08	4.89	10504	27.71	42.53	9.73	4.99															2018-05-13 17:48:00
13.05.2018	17:54:00	RO_SE_001	3250	256412	159	0	13182	9.44	17.72	11.63	4.97	11671	15.78	28.77	9.66	4.97	13082	9.83	18.49	11.36	4.97	11243	19.11	33.41	9.61	4.99	12040	13.89	25.8	11.07	4.89	10504	27.71	42.53	9.74	4.99															2018-05-13 17:54:00
13.05.2018	18:00:00	RO_SE_001	3250	256413	177	0	13183	9.44	17.72	11.65	4.94	11673	15.77	28.76	9.67	4.97	13083	9.82	18.49	11.34	4.97	11243	19.11	33.41	9.59	4.99	12040	13.89	25.8	11.09	4.89	10504	27.71	42.53	9.73	4.99															2018-05-13 18:00:00
13.05.2018	18:06:00	RO_SE_001	3250	256414	168	0	13183	9.44	17.72	11.65	4.97	11673	15.77	28.76	9.66	4.97	13084	9.82	18.48	11.35	4.97	11243	19.11	33.41	9.59	4.99	12040	13.89	25.8	11.08	4.89	10504	27.71	42.53	9.74	4.99															2018-05-13 18:06:00
13.05.2018	18:12:00	RO_SE_001	3250	256415	159	0	13184	9.43	17.71	11.68	4.97	11673	15.77	28.76	9.66	4.97	13084	9.82	18.48	11.39	4.97	11243	19.11	33.41	9.59	4.99	12040	13.89	25.8	11.09	4.89	10504	27.71	42.53	9.72	4.99															2018-05-13 18:12:00
13.05.2018	18:18:00	RO_SE_001	3250	256416	183	0	13184	9.43	17.71	11.68	4.97	11673	15.77	28.76	9.67	4.94	13085	9.82	18.47	11.39	4.97	11244	19.10	33.4	9.62	4.99	12041	13.88	25.79	11.09	4.89	10505	27.69	42.51	9.75	4.99															2018-05-13 18:18:00
13.05.2018	18:24:00	RO_SE_001	3250	256417	180	0	13185	9.43	17.71	11.66	4.97	11674	15.76	28.75	9.66	4.94	13086	9.81	18.47	11.45	4.94	11244	19.10	33.4	9.61	4.99	12041	13.88	25.79	11.11	4.89	10505	27.69	42.51	9.74	4.99															2018-05-13 18:24:00
13.05.2018	18:30:00	RO_SE_001	3249	256418	171	0	13186	9.43	17.7	11.69	4.97	11675	15.76	28.74	9.7	4.97	13085	9.82	18.47	11.4	4.94	11244	19.10	33.4	9.6	4.99	12042	13.88	25.78	11.11	4.89	10505	27.69	42.51	9.74	4.99															2018-05-13 18:30:00
13.05.2018	18:36:00	RO_SE_001	3249	256419	177	0	13187	9.42	17.69	11.69	4.94	11674	15.76	28.75	9.66	4.97	13086	9.81	18.47	11.39	4.97	11244	19.10	33.4	9.59	4.99	12043	13.87	25.77	11.12	4.89	10505	27.69	42.51	9.72	4.99															2018-05-13 18:36:00
13.05.2018	18:42:00	RO_SE_001	3248	256420	177	0	13188	9.42	17.69	11.71	4.97	11675	15.76	28.74	9.64	4.97	13086	9.81	18.47	11.43	4.97	11245	19.09	33.39	9.64	4.99	12043	13.87	25.77	11.13	4.89	10505	27.69	42.51	9.76	4.99															2018-05-13 18:42:00
13.05.2018	18:48:00	RO_SE_001	3248	256421	183	0	13188	9.42	17.69	11.7	4.97	11675	15.76	28.74	9.65	4.94	13087	9.81	18.46	11.43	4.97	11245	19.09	33.39	9.63	4.99	12043	13.87	25.77	11.11	4.89	10505	27.69	42.51	9.73	4.99															2018-05-13 18:48:00
13.05.2018	18:54:00	RO_SE_001	3249	256422	168	0	13189	9.42	17.68	11.7	4.97	11676	15.75	28.73	9.65	4.94	13088	9.81	18.45	11.45	4.97	11245	19.09	33.39	9.63	4.99	12043	13.87	25.77	11.13	4.89	10505	27.69	42.51	9.76	4.99															2018-05-13 18:54:00
13.05.2018	19:00:00	RO_SE_001	3248	256423	180	0	13190	9.42	17.68	11.72	4.97	11676	15.75	28.73	9.68	4.94	13088	9.81	18.45	11.43	4.97	11246	19.08	33.38	9.62	4.99	12043	13.87	25.77	11.16	4.89	10505	27.69	42.51	9.79	4.99															2018-05-13 19:00:00
13.05.2018	19:06:00	RO_SE_001	3248	256424	177	0	13190	9.42	17.68	11.71	4.94	11676	15.75	28.73	9.66	4.94	13089	9.80	18.45	11.39	4.97	11246	19.08	33.38	9.62	4.99	12044	13.87	25.76	11.16	4.89	10506	27.67	42.5	9.76	4.99															2018-05-13 19:06:00
13.05.2018	19:12:00	RO_SE_001	3248	256425	183	0	13190	9.42	17.68	11.72	4.97	11677	15.75	28.72	9.69	4.94	13089	9.80	18.45	11.48	4.94	11246	19.08	33.38	9.6	4.99	12044	13.87	25.76	11.16	4.89	10506	27.67	42.5	9.77	4.99															2018-05-13 19:12:00
13.05.2018	19:18:00	RO_SE_001	3248	256426	168	0	13191	9.41	17.67	11.73	4.97	11678	15.74	28.71	9.7	4.94	13090	9.80	18.44	11.46	4.97	11246	19.08	33.38	9.61	4.99	12045	13.86	25.75	11.16	4.89	10506	27.67	42.5	9.79	4.99															2018-05-13 19:18:00
13.05.2018	19:24:00	RO_SE_001	3248	256427	183	0	13192	9.41	17.66	11.73	4.94	11678	15.74	28.71	9.68	4.94	13090	9.80	18.44	11.48	4.97	11247	19.07	33.37	9.63	4.99	12045	13.86	25.75	11.18	4.89	10506	27.67	42.5	9.77	4.99															2018-05-13 19:24:00
13.05.2018	19:30:00	RO_SE_001	3248	256428	186	0	13192	9.41	17.66	11.76	4.97	11679	15.73	28.7	9.68	4.94	13091	9.80	18.44	11.47	4.97	11247	19.07	33.37	9.66	4.99	12046	13.86	25.75	11.15	4.89	10506	27.67	42.5	9.77	4.99															2018-05-13 19:30:00
13.05.2018	19:36:00	RO_SE_001	3247	256429	174	0	13193	9.41	17.66	11.76	4.97	11679	15.73	28.7	9.71	4.94	13091	9.80	18.44	11.48	4.97	11247	19.07	33.37	9.66	4.99	12046	13.86	25.75	11.18	4.89	10506	27.67	42.5	9.77	4.97															2018-05-13 19:36:00
13.05.2018	19:42:00	RO_SE_001	3247	256430	180	0	13193	9.41	17.66	11.77	4.97	11679	15.73	28.7	9.69	4.94	13092	9.80	18.43	11.46	4.97	11247	19.07	33.37	9.65	4.99	12047	13.85	25.74	11.17	4.89	10506	27.67	42.5	9.77	4.99															2018-05-13 19:42:00
13.05.2018	19:54:00	RO_SE_001	3247	256432	186	0	13195	9.40	17.65	11.76	4.97	11679	15.73	28.7	9.7	4.94	13093	9.79	18.42	11.49	4.97	11248	19.07	33.36	9.64	4.99	12048	13.85	25.73	11.18	4.89	10506	27.67	42.5	9.75	4.99															2018-05-13 19:54:00
13.05.2018	20:00:00	RO_SE_001	3247	256433	177	0	13195	9.40	17.65	11.76	4.97	11679	15.73	28.7	9.71	4.94	13092	9.80	18.43	11.45	4.97	11248	19.07	33.36	9.62	4.99	12048	13.85	25.73	11.2	4.89	10507	27.66	42.49	9.79	4.99															2018-05-13 20:00:00
13.05.2018	20:06:00	RO_SE_001	3247	256434	177	0	13195	9.40	17.65	11.76	4.97	11679	15.73	28.7	9.69	4.94	13092	9.80	18.43	11.47	4.97	11248	19.07	33.36	9.65	4.99	12049	13.84	25.72	11.2	4.89	10507	27.66	42.49	9.78	4.99															2018-05-13 20:06:00
13.05.2018	20:12:00	RO_SE_001	3247	256435	183	0	13196	9.40	17.64	11.75	4.97	11680	15.73	28.69	9.72	4.94	13093	9.79	18.42	11.5	4.97	11249	19.06	33.35	9.61	4.99	12049	13.84	25.72	11.2	4.89	10507	27.66	42.49	9.78	4.99															2018-05-13 20:12:00
13.05.2018	20:18:00	RO_SE_001	3247	256436	186	0	13196	9.40	17.64	11.75	4.97	11680	15.73	28.69	9.71	4.94	13093	9.79	18.42	11.49	4.94	11248	19.07	33.36	9.65	4.99	12049	13.84	25.72	11.21	4.89	10507	27.66	42.49	9.81	4.99															2018-05-13 20:18:00
13.05.2018	20:24:00	RO_SE_001	3247	256437	183	0	13196	9.40	17.64	11.74	4.97	11680	15.73	28.69	9.7	4.97	13094	9.79	18.42	11.48	4.97	11248	19.07	33.36	9.67	4.99	12050	13.84	25.71	11.23	4.89	10507	27.66	42.49	9.79	4.99															2018-05-13 20:24:00
13.05.2018	20:30:00	RO_SE_001	3247	256438	183	0	13197	9.39	17.63	11.76	4.97	11680	15.73	28.69	9.73	4.97	13094	9.79	18.42	11.47	4.97	11248	19.07	33.36	9.66	4.99	12050	13.84	25.71	11.2	4.89	10507	27.66	42.49	9.79	4.99															2018-05-13 20:30:00
13.05.2018	20:36:00	RO_SE_001	3246	256439	183	0	13197	9.39	17.63	11.73	4.97	11680	15.73	28.69	9.75	4.94	13094	9.79	18.42	11.48	4.97	11249	19.06	33.35	9.66	4.99	12049	13.84	25.72	11.23	4.89	10507	27.66	42.49	9.8	4.97															2018-05-13 20:36:00
13.05.2018	20:42:00	RO_SE_001	3246	256440	180	0	13196	9.40	17.64	11.74	4.97	11680	15.73	28.69	9.73	4.94	13095	9.79	18.41	11.45	4.97	11249	19.06	33.35	9.69	4.99	12050	13.84	25.71	11.23	4.89	10507	27.66	42.49	9.79	4.99															2018-05-13 20:42:00
13.05.2018	20:48:00	RO_SE_001	3246	256441	180	0	13197	9.39	17.63	11.77	4.94	11679	15.73	28.7	9.7	4.97	13095	9.79	18.41	11.5	4.97	11249	19.06	33.35	9.64	4.99	12050	13.84	25.71	11.2	4.89	10507	27.66	42.49	9.8	4.99															2018-05-13 20:48:00
13.05.2018	20:54:00	RO_SE_001	3246	256442	102	0	13197	9.39	17.63	11.74	4.97	11679	15.73	28.7	9.73	4.94	13095	9.79	18.41	11.48	4.97	11249	19.06	33.35	9.66	4.99	12050	13.84	25.71	11.22	4.89	10507	27.66	42.49	9.82	4.99															2018-05-13 20:54:00
13.05.2018	21:00:00	RO_SE_001	3245	256443	180	0	13197	9.39	17.63	11.78	4.97	11679	15.73	28.7	9.75	4.97	13096	9.78	18.4	11.48	4.97	11250	19.05	33.34	9.66	4.99	12051	13.83	25.7	11.22	4.89	10508	27.64	42.47	9.79	4.99															2018-05-13 21:00:00
13.05.2018	21:06:00	RO_SE_001	3246	256444	180	0	13197	9.39	17.63	11.74	4.97	11679	15.73	28.7	9.72	4.94	13096	9.78	18.4	11.47	4.97	11250	19.05	33.34	9.67	4.99	12051	13.83	25.7	11.26	4.89	10508	27.64	42.47	9.8	4.99															2018-05-13 21:06:00
13.05.2018	21:12:00	RO_SE_001	3244	256445	183	0	13197	9.39	17.63	11.73	4.97	11679	15.73	28.7	9.75	4.97	13096	9.78	18.4	11.48	4.97	11250	19.05	33.34	9.66	4.99	12051	13.83	25.7	11.2	4.89	10508	27.64	42.47	9.78	4.99															2018-05-13 21:12:00
13.05.2018	21:18:00	RO_SE_001	3244	256446	183	0	13198	9.39	17.63	11.73	4.97	11679	15.73	28.7	9.73	4.97	13097	9.78	18.4	11.48	4.97	11251	19.04	33.33	9.7	4.99	12052	13.83	25.7	11.21	4.89	10508	27.64	42.47	9.8	4.99															2018-05-13 21:18:00
13.05.2018	21:24:00	RO_SE_001	3244	256447	180	0	13198	9.39	17.63	11.7	4.97	11679	15.73	28.7	9.75	4.97	13097	9.78	18.4	11.47	4.97	11251	19.04	33.33	9.67	4.99	12052	13.83	25.7	11.23	4.89	10508	27.64	42.47	9.81	4.99															2018-05-13 21:24:00
13.05.2018	21:30:00	RO_SE_001	3244	256448	180	0	13198	9.39	17.63	11.76	4.97	11679	15.73	28.7	9.73	4.94	13097	9.78	18.4	11.46	4.97	11251	19.04	33.33	9.68	4.99	12052	13.83	25.7	11.2	4.89	10508	27.64	42.47	9.81	4.99															2018-05-13 21:30:00
13.05.2018	21:36:00	RO_SE_001	3243	256449	180	0	13198	9.39	17.63	11.71	4.94	11679	15.73	28.7	9.74	4.94	13097	9.78	18.4	11.43	4.97	11251	19.04	33.33	9.66	4.99	12053	13.82	25.69	11.19	4.89	10508	27.64	42.47	9.82	4.99															2018-05-13 21:36:00
13.05.2018	21:42:00	RO_SE_001	3242	256450	180	0	13198	9.39	17.63	11.73	4.94	11679	15.73	28.7	9.77	4.97	13098	9.78	18.39	11.43	4.97	11252	19.03	33.32	9.66	4.99	12053	13.82	25.69	11.21	4.89	10508	27.64	42.47	9.84	4.99															2018-05-13 21:42:00
13.05.2018	21:48:00	RO_SE_001	3242	256451	183	0	13199	9.39	17.62	11.72	4.94	11679	15.73	28.7	9.74	4.94	13098	9.78	18.39	11.47	4.97	11252	19.03	33.32	9.66	4.99	12053	13.82	25.69	11.23	4.89	10508	27.64	42.47	9.84	4.97															2018-05-13 21:48:00
13.05.2018	22:00:00	RO_SE_001	3242	256453	183	0	13199	9.39	17.62	11.7	4.97	11679	15.73	28.7	9.74	4.94	13098	9.78	18.39	11.46	4.97	11252	19.03	33.32	9.7	4.99	12054	13.82	25.68	11.21	4.89	10508	27.64	42.47	9.81	4.99															2018-05-13 22:00:00
13.05.2018	22:06:00	RO_SE_001	3241	256454	183	0	13199	9.39	17.62	11.71	4.94	11678	15.74	28.71	9.79	4.94	13099	9.77	18.39	11.46	4.97	11253	19.03	33.31	9.67	4.99	12054	13.82	25.68	11.21	4.89	10509	27.63	42.46	9.82	4.99															2018-05-13 22:06:00
13.05.2018	22:12:00	RO_SE_001	3242	256455	183	0	13199	9.39	17.62	11.7	4.97	11679	15.73	28.7	9.76	4.94	13099	9.77	18.39	11.42	4.97	11253	19.03	33.31	9.7	4.99	12054	13.82	25.68	11.2	4.89	10509	27.63	42.46	9.84	4.99															2018-05-13 22:12:00
13.05.2018	22:18:00	RO_SE_001	3242	256456	183	0	13199	9.39	17.62	11.66	4.97	11678	15.74	28.71	9.77	4.94	13099	9.77	18.39	11.41	4.97	11253	19.03	33.31	9.7	4.99	12054	13.82	25.68	11.22	4.89	10509	27.63	42.46	9.88	4.99															2018-05-13 22:18:00
13.05.2018	22:24:00	RO_SE_001	3241	256457	183	0	13199	9.39	17.62	11.68	4.97	11678	15.74	28.71	9.78	4.94	13100	9.77	18.38	11.45	4.97	11253	19.03	33.31	9.69	4.99	12055	13.81	25.67	11.2	4.89	10509	27.63	42.46	9.82	4.99															2018-05-13 22:24:00
13.05.2018	22:30:00	RO_SE_001	3240	256458	180	0	13200	9.38	17.61	11.66	4.97	11678	15.74	28.71	9.77	4.94	13099	9.77	18.39	11.44	4.97	11254	19.02	33.3	9.69	4.99	12055	13.81	25.67	11.21	4.89	10509	27.63	42.46	9.83	4.99															2018-05-13 22:30:00
13.05.2018	22:36:00	RO_SE_001	3240	256459	180	0	13200	9.38	17.61	11.66	4.97	11678	15.74	28.71	9.79	4.97	13099	9.77	18.39	11.39	4.97	11254	19.02	33.3	9.69	4.99	12055	13.81	25.67	11.21	4.89	10509	27.63	42.46	9.88	4.99															2018-05-13 22:36:00
13.05.2018	22:42:00	RO_SE_001	3240	256460	180	0	13200	9.38	17.61	11.64	4.94	11678	15.74	28.71	9.79	4.94	13099	9.77	18.39	11.41	4.97	11254	19.02	33.3	9.7	4.99	12056	13.81	25.66	11.16	4.89	10509	27.63	42.46	9.86	4.99															2018-05-13 22:42:00
13.05.2018	22:48:00	RO_SE_001	3239	256461	177	0	13200	9.38	17.61	11.64	4.97	11678	15.74	28.71	9.78	4.97	13100	9.77	18.38	11.37	4.97	11254	19.02	33.3	9.73	4.99	12056	13.81	25.66	11.2	4.89	10509	27.63	42.46	9.86	4.99															2018-05-13 22:48:00
13.05.2018	22:54:00	RO_SE_001	3239	256462	180	0	13200	9.38	17.61	11.63	4.97	11678	15.74	28.71	9.78	4.94	13100	9.77	18.38	11.36	4.97	11254	19.02	33.3	9.69	4.99	12056	13.81	25.66	11.2	4.89	10509	27.63	42.46	9.87	4.99															2018-05-13 22:54:00
