12.05.2018	00:00:00	RO_SE_001	3301	255993	183	0	13030	9.92	18.67	10.55	4.97	11570	16.42	29.72	9.38	4.94	12957	10.24	19.29	10.34	4.97	11171	19.70	34.17	9.34	4.99	11913	14.56	26.88	10.27	4.89	10481	28.07	42.84	9.48	4.99															2018-05-12 00:00:00
12.05.2018	00:06:00	RO_SE_001	3301	255994	183	0	13032	9.91	18.66	10.55	4.97	11570	16.42	29.72	9.37	4.97	12958	10.23	19.28	10.38	4.97	11171	19.70	34.17	9.32	4.99	11913	14.56	26.88	10.27	4.89	10481	28.07	42.84	9.45	4.99															2018-05-12 00:06:00
12.05.2018	00:12:00	RO_SE_001	3302	255995	177	0	13032	9.91	18.66	10.55	4.97	11570	16.42	29.72	9.4	4.97	12958	10.23	19.28	10.36	4.97	11171	19.70	34.17	9.38	4.99	11913	14.56	26.88	10.26	4.89	10481	28.07	42.84	9.47	4.99															2018-05-12 00:12:00
12.05.2018	00:18:00	RO_SE_001	3301	255996	177	0	13027	9.93	18.69	10.54	4.94	11570	16.42	29.72	9.42	4.97	12958	10.23	19.28	10.36	4.97	11171	19.70	34.17	9.34	4.99	11913	14.56	26.88	10.27	4.89	10481	28.07	42.84	9.45	4.99															2018-05-12 00:18:00
12.05.2018	00:24:00	RO_SE_001	3300	255997	177	0	13032	9.91	18.66	10.55	4.94	11570	16.42	29.72	9.38	4.97	12958	10.23	19.28	10.38	4.97	11171	19.70	34.17	9.35	4.99	11914	14.55	26.87	10.26	4.91	10481	28.07	42.84	9.45	4.99															2018-05-12 00:24:00
12.05.2018	00:30:00	RO_SE_001	3298	255998	183	0	13031	9.92	18.67	10.52	4.97	11570	16.42	29.72	9.4	4.94	12958	10.23	19.28	10.36	4.97	11172	19.69	34.16	9.35	4.99	11914	14.55	26.87	10.27	4.89	10481	28.07	42.84	9.48	4.99															2018-05-12 00:30:00
12.05.2018	00:36:00	RO_SE_001	3300	255999	183	0	13033	9.91	18.65	10.51	4.94	11570	16.42	29.72	9.4	4.94	12958	10.23	19.28	10.38	4.97	11172	19.69	34.16	9.33	4.99	11914	14.55	26.87	10.27	4.89	10481	28.07	42.84	9.46	4.99															2018-05-12 00:36:00
12.05.2018	00:42:00	RO_SE_001	3299	256000	180	0	13033	9.91	18.65	10.55	4.97	11570	16.42	29.72	9.38	4.97	12958	10.23	19.28	10.38	4.97	11172	19.69	34.16	9.37	4.99	11914	14.55	26.87	10.26	4.89	10481	28.07	42.84	9.44	4.99															2018-05-12 00:42:00
12.05.2018	00:48:00	RO_SE_001	3300	256001	183	0	13036	9.90	18.63	10.52	4.94	11570	16.42	29.72	9.38	4.97	12959	10.23	19.28	10.38	4.97	11172	19.69	34.16	9.32	4.99	11914	14.55	26.87	10.28	4.89	10481	28.07	42.84	9.47	4.99															2018-05-12 00:48:00
12.05.2018	00:54:00	RO_SE_001	3299	256002	183	0	13032	9.91	18.66	10.52	4.94	11570	16.42	29.72	9.39	4.94	12959	10.23	19.28	10.34	4.97	11172	19.69	34.16	9.31	4.99	11915	14.55	26.86	10.27	4.89	10481	28.07	42.84	9.41	4.99															2018-05-12 00:54:00
12.05.2018	01:00:00	RO_SE_001	3299	256003	186	0	13018	9.96	18.75	10.53	4.94	11570	16.42	29.72	9.37	4.94	12959	10.23	19.28	10.34	4.97	11172	19.69	34.16	9.34	4.99	11915	14.55	26.86	10.28	4.89	10481	28.07	42.84	9.45	4.99															2018-05-12 01:00:00
12.05.2018	01:06:00	RO_SE_001	3298	256004	180	0	13009	9.99	18.81	10.49	4.97	11570	16.42	29.72	9.4	4.94	12959	10.23	19.28	10.33	4.97	11173	19.69	34.15	9.32	4.99	11915	14.55	26.86	10.23	4.89	10481	28.07	42.84	9.47	4.99															2018-05-12 01:06:00
12.05.2018	01:12:00	RO_SE_001	3298	256005	183	0	13009	9.99	18.81	10.5	4.97	11570	16.42	29.72	9.41	4.94	12959	10.23	19.28	10.33	4.97	11173	19.69	34.15	9.34	4.99	11915	14.55	26.86	10.27	4.89	10481	28.07	42.84	9.45	4.99															2018-05-12 01:12:00
12.05.2018	01:18:00	RO_SE_001	3298	256006	177	0	13009	9.99	18.81	10.52	4.94	11570	16.42	29.72	9.38	4.97	12959	10.23	19.28	10.34	4.97	11173	19.69	34.15	9.33	4.99	11915	14.55	26.86	10.27	4.89	10481	28.07	42.84	9.46	4.99															2018-05-12 01:18:00
12.05.2018	01:24:00	RO_SE_001	3298	256007	180	0	13011	9.98	18.79	10.5	4.97	11570	16.42	29.72	9.4	4.97	12959	10.23	19.28	10.31	4.94	11173	19.69	34.15	9.35	4.99	11916	14.54	26.86	10.24	4.89	10481	28.07	42.84	9.47	4.99															2018-05-12 01:24:00
12.05.2018	01:30:00	RO_SE_001	3298	256008	180	0	13013	9.98	18.78	10.5	4.94	11570	16.42	29.72	9.38	4.94	12959	10.23	19.28	10.36	4.97	11173	19.69	34.15	9.36	4.99	11916	14.54	26.86	10.23	4.89	10482	28.05	42.83	9.48	4.99															2018-05-12 01:30:00
12.05.2018	01:36:00	RO_SE_001	3298	256009	180	0	13010	9.98	18.8	10.48	4.97	11570	16.42	29.72	9.38	4.97	12959	10.23	19.28	10.34	4.97	11173	19.69	34.15	9.37	4.99	11916	14.54	26.86	10.24	4.89	10482	28.05	42.83	9.46	4.99															2018-05-12 01:36:00
12.05.2018	01:42:00	RO_SE_001	3298	256010	183	0	13011	9.98	18.79	10.52	4.97	11570	16.42	29.72	9.41	4.97	12960	10.23	19.27	10.32	4.97	11174	19.68	34.14	9.34	4.99	11916	14.54	26.86	10.25	4.89	10482	28.05	42.83	9.47	4.99															2018-05-12 01:42:00
12.05.2018	01:48:00	RO_SE_001	3298	256011	183	0	12999	10.02	18.87	10.49	4.97	11570	16.42	29.72	9.38	4.94	12960	10.23	19.27	10.34	4.97	11174	19.68	34.14	9.36	4.99	11916	14.54	26.86	10.27	4.91	10482	28.05	42.83	9.44	4.99															2018-05-12 01:48:00
12.05.2018	01:54:00	RO_SE_001	3297	256012	180	0	12998	10.02	18.88	10.49	4.97	11570	16.42	29.72	9.38	4.94	12960	10.23	19.27	10.29	4.97	11174	19.68	34.14	9.36	4.99	11916	14.54	26.86	10.24	4.89	10482	28.05	42.83	9.44	4.99															2018-05-12 01:54:00
12.05.2018	02:00:00	RO_SE_001	3298	256013	183	0	12998	10.02	18.88	10.47	4.97	11570	16.42	29.72	9.38	4.94	12960	10.23	19.27	10.33	4.97	11174	19.68	34.14	9.33	4.99	11917	14.54	26.85	10.24	4.89	10482	28.05	42.83	9.47	4.99															2018-05-12 02:00:00
12.05.2018	02:06:00	RO_SE_001	3297	256014	183	0	12998	10.02	18.88	10.47	4.94	11570	16.42	29.72	9.4	4.97	12961	10.22	19.26	10.31	4.97	11174	19.68	34.14	9.32	4.99	11917	14.54	26.85	10.27	4.89	10482	28.05	42.83	9.47	4.99															2018-05-12 02:06:00
12.05.2018	02:12:00	RO_SE_001	3297	256015	180	0	13001	10.01	18.86	10.48	4.94	11570	16.42	29.72	9.4	4.97	12961	10.22	19.26	10.34	4.97	11174	19.68	34.14	9.35	4.99	11917	14.54	26.85	10.23	4.89	10482	28.05	42.83	9.46	4.99															2018-05-12 02:12:00
12.05.2018	02:18:00	RO_SE_001	3296	256016	183	0	13001	10.01	18.86	10.48	4.97	11570	16.42	29.72	9.37	4.97	12960	10.23	19.27	10.32	4.97	11174	19.68	34.14	9.31	4.99	11917	14.54	26.85	10.23	4.89	10482	28.05	42.83	9.46	4.99															2018-05-12 02:18:00
12.05.2018	02:24:00	RO_SE_001	3297	256017	183	0	13002	10.01	18.85	10.46	4.97	11570	16.42	29.72	9.4	4.97	12960	10.23	19.27	10.31	4.97	11175	19.67	34.13	9.4	4.99	11917	14.54	26.85	10.27	4.89	10482	28.05	42.83	9.46	4.99															2018-05-12 02:24:00
12.05.2018	02:30:00	RO_SE_001	3297	256018	183	0	13005	10.00	18.83	10.47	4.97	11569	16.42	29.73	9.38	4.94	12960	10.23	19.27	10.33	4.97	11175	19.67	34.13	9.34	4.99	11918	14.53	26.84	10.23	4.89	10482	28.05	42.83	9.47	4.99															2018-05-12 02:30:00
12.05.2018	02:36:00	RO_SE_001	3296	256019	183	0	13002	10.01	18.85	10.47	4.94	11569	16.42	29.73	9.39	4.94	12960	10.23	19.27	10.3	4.97	11175	19.67	34.13	9.39	4.99	11917	14.54	26.85	10.23	4.89	10482	28.05	42.83	9.48	4.99															2018-05-12 02:36:00
12.05.2018	02:42:00	RO_SE_001	3296	256020	183	0	13012	9.98	18.79	10.49	4.94	11569	16.42	29.73	9.37	4.94	12961	10.22	19.26	10.33	4.97	11175	19.67	34.13	9.34	4.99	11918	14.53	26.84	10.22	4.89	10482	28.05	42.83	9.48	4.99															2018-05-12 02:42:00
12.05.2018	02:48:00	RO_SE_001	3296	256021	183	0	13013	9.98	18.78	10.44	4.97	11569	16.42	29.73	9.38	4.97	12961	10.22	19.26	10.32	4.97	11175	19.67	34.13	9.34	4.99	11917	14.54	26.85	10.25	4.89	10482	28.05	42.83	9.45	4.99															2018-05-12 02:48:00
12.05.2018	02:54:00	RO_SE_001	3296	256022	180	0	13018	9.96	18.75	10.46	4.94	11569	16.42	29.73	9.39	4.97	12961	10.22	19.26	10.3	4.97	11176	19.66	34.12	9.35	4.99	11917	14.54	26.85	10.23	4.89	10482	28.05	42.83	9.45	4.99															2018-05-12 02:54:00
12.05.2018	03:00:00	RO_SE_001	3295	256023	183	0	13004	10.00	18.84	10.49	4.94	11569	16.42	29.73	9.4	4.94	12961	10.22	19.26	10.3	4.97	11176	19.66	34.12	9.34	4.99	11918	14.53	26.84	10.23	4.89	10482	28.05	42.83	9.45	4.99															2018-05-12 03:00:00
12.05.2018	03:06:00	RO_SE_001	3295	256024	183	0	13001	10.01	18.86	10.45	4.94	11569	16.42	29.73	9.37	4.94	12961	10.22	19.26	10.3	4.97	11176	19.66	34.12	9.36	4.99	11918	14.53	26.84	10.22	4.89	10482	28.05	42.83	9.44	4.99															2018-05-12 03:06:00
12.05.2018	03:12:00	RO_SE_001	3296	256025	180	0	13002	10.01	18.85	10.48	4.97	11569	16.42	29.73	9.4	4.97	12961	10.22	19.26	10.31	4.97	11176	19.66	34.12	9.32	4.99	11918	14.53	26.84	10.22	4.89	10482	28.05	42.83	9.44	4.99															2018-05-12 03:12:00
12.05.2018	03:18:00	RO_SE_001	3295	256026	180	0	13005	10.00	18.83	10.5	4.94	11569	16.42	29.73	9.38	4.94	12961	10.22	19.26	10.34	4.97	11176	19.66	34.12	9.35	4.99	11918	14.53	26.84	10.23	4.89	10482	28.05	42.83	9.42	4.99															2018-05-12 03:18:00
12.05.2018	03:24:00	RO_SE_001	3296	256027	180	0	13003	10.01	18.85	10.44	4.97	11569	16.42	29.73	9.38	4.97	12961	10.22	19.26	10.3	4.97	11176	19.66	34.12	9.35	4.99	11918	14.53	26.84	10.25	4.89	10481	28.07	42.84	9.45	4.99															2018-05-12 03:24:00
12.05.2018	03:30:00	RO_SE_001	3295	256028	183	0	13002	10.01	18.85	10.41	4.97	11569	16.42	29.73	9.39	4.94	12962	10.22	19.26	10.3	4.97	11176	19.66	34.12	9.36	4.99	11918	14.53	26.84	10.23	4.89	10482	28.05	42.83	9.48	4.99															2018-05-12 03:30:00
12.05.2018	03:36:00	RO_SE_001	3294	256029	183	0	13001	10.01	18.86	10.46	4.97	11569	16.42	29.73	9.37	4.97	12962	10.22	19.26	10.27	4.97	11177	19.65	34.11	9.35	4.99	11918	14.53	26.84	10.2	4.89	10482	28.05	42.83	9.48	4.99															2018-05-12 03:36:00
12.05.2018	03:42:00	RO_SE_001	3295	256030	186	0	13002	10.01	18.85	10.44	4.97	11569	16.42	29.73	9.42	4.94	12962	10.22	19.26	10.3	4.97	11177	19.65	34.11	9.34	4.99	11919	14.53	26.83	10.23	4.89	10481	28.07	42.84	9.44	4.99															2018-05-12 03:42:00
12.05.2018	03:48:00	RO_SE_001	3294	256031	183	0	13007	9.99	18.82	10.46	4.94	11569	16.42	29.73	9.38	4.94	12962	10.22	19.26	10.25	4.97	11177	19.65	34.11	9.36	4.99	11919	14.53	26.83	10.23	4.89	10482	28.05	42.83	9.45	4.99															2018-05-12 03:48:00
12.05.2018	03:54:00	RO_SE_001	3294	256032	183	0	13007	9.99	18.82	10.41	4.97	11569	16.42	29.73	9.36	4.97	12962	10.22	19.26	10.24	4.97	11177	19.65	34.11	9.4	4.99	11919	14.53	26.83	10.25	4.89	10482	28.05	42.83	9.42	4.99															2018-05-12 03:54:00
12.05.2018	04:00:00	RO_SE_001	3294	256033	183	0	13002	10.01	18.85	10.4	4.97	11569	16.42	29.73	9.38	4.94	12962	10.22	19.26	10.29	4.97	11177	19.65	34.11	9.36	4.99	11919	14.53	26.83	10.16	4.89	10482	28.05	42.83	9.46	4.99															2018-05-12 04:00:00
12.05.2018	04:06:00	RO_SE_001	3294	256034	183	0	13003	10.01	18.85	10.45	4.94	11569	16.42	29.73	9.38	4.97	12962	10.22	19.26	10.27	4.97	11177	19.65	34.11	9.36	4.99	11919	14.53	26.83	10.21	4.89	10482	28.05	42.83	9.44	4.99															2018-05-12 04:06:00
12.05.2018	04:12:00	RO_SE_001	3293	256035	180	0	13006	10.00	18.83	10.44	4.97	11569	16.42	29.73	9.38	4.97	12963	10.22	19.25	10.27	4.97	11178	19.64	34.1	9.35	4.99	11919	14.53	26.83	10.22	4.91	10482	28.05	42.83	9.45	4.99															2018-05-12 04:12:00
12.05.2018	04:18:00	RO_SE_001	3294	256036	183	0	13006	10.00	18.83	10.41	4.97	11569	16.42	29.73	9.38	4.97	12963	10.22	19.25	10.27	4.97	11178	19.64	34.1	9.38	4.99	11920	14.52	26.82	10.19	4.89	10482	28.05	42.83	9.47	4.99															2018-05-12 04:18:00
12.05.2018	04:24:00	RO_SE_001	3293	256037	183	0	13006	10.00	18.83	10.42	4.97	11569	16.42	29.73	9.39	4.97	12963	10.22	19.25	10.27	4.97	11178	19.64	34.1	9.34	4.99	11920	14.52	26.82	10.19	4.89	10483	28.04	42.81	9.45	4.99															2018-05-12 04:24:00
12.05.2018	04:30:00	RO_SE_001	3293	256038	183	0	13005	10.00	18.83	10.42	4.97	11569	16.42	29.73	9.4	4.97	12963	10.22	19.25	10.22	4.97	11178	19.64	34.1	9.37	4.99	11920	14.52	26.82	10.17	4.89	10482	28.05	42.83	9.45	4.99															2018-05-12 04:30:00
12.05.2018	04:36:00	RO_SE_001	3293	256039	183	0	13006	10.00	18.83	10.41	4.97	11569	16.42	29.73	9.4	4.97	12963	10.22	19.25	10.24	4.97	11178	19.64	34.1	9.36	4.99	11920	14.52	26.82	10.21	4.89	10483	28.04	42.81	9.45	4.99															2018-05-12 04:36:00
12.05.2018	04:42:00	RO_SE_001	3293	256040	183	0	13003	10.01	18.85	10.38	4.97	11569	16.42	29.73	9.38	4.97	12963	10.22	19.25	10.26	4.97	11178	19.64	34.1	9.38	4.99	11920	14.52	26.82	10.2	4.89	10482	28.05	42.83	9.46	4.99															2018-05-12 04:42:00
12.05.2018	04:48:00	RO_SE_001	3293	256041	183	0	13005	10.00	18.83	10.41	4.94	11569	16.42	29.73	9.4	4.94	12963	10.22	19.25	10.21	4.94	11179	19.63	34.08	9.37	4.99	11921	14.52	26.81	10.17	4.89	10483	28.04	42.81	9.45	4.99															2018-05-12 04:48:00
12.05.2018	04:54:00	RO_SE_001	3292	256042	180	0	13004	10.00	18.84	10.37	4.97	11570	16.42	29.72	9.39	4.94	12963	10.22	19.25	10.23	4.97	11179	19.63	34.08	9.35	4.99	11921	14.52	26.81	10.16	4.89	10482	28.05	42.83	9.45	4.99															2018-05-12 04:54:00
12.05.2018	05:00:00	RO_SE_001	3292	256043	183	0	13013	9.98	18.78	10.38	4.97	11569	16.42	29.73	9.42	4.97	12964	10.21	19.24	10.23	4.97	11179	19.63	34.08	9.36	4.99	11921	14.52	26.81	10.2	4.89	10483	28.04	42.81	9.46	4.99															2018-05-12 05:00:00
12.05.2018	05:06:00	RO_SE_001	3292	256044	183	0	13012	9.98	18.79	10.41	4.94	11569	16.42	29.73	9.41	4.97	12964	10.21	19.24	10.21	4.97	11179	19.63	34.08	9.3	4.99	11921	14.52	26.81	10.2	4.89	10482	28.05	42.83	9.46	4.99															2018-05-12 05:06:00
12.05.2018	05:12:00	RO_SE_001	3292	256045	183	0	13012	9.98	18.79	10.41	4.97	11569	16.42	29.73	9.41	4.97	12964	10.21	19.24	10.2	4.97	11179	19.63	34.08	9.36	4.99	11921	14.52	26.81	10.17	4.89	10482	28.05	42.83	9.48	4.99															2018-05-12 05:12:00
12.05.2018	05:18:00	RO_SE_001	3290	256046	183	0	13011	9.98	18.79	10.36	4.97	11569	16.42	29.73	9.38	4.94	12964	10.21	19.24	10.22	4.97	11180	19.63	34.07	9.34	4.99	11921	14.52	26.81	10.17	4.89	10483	28.04	42.81	9.46	4.99															2018-05-12 05:18:00
12.05.2018	05:24:00	RO_SE_001	3290	256047	180	0	13012	9.98	18.79	10.37	4.97	11569	16.42	29.73	9.41	4.94	12964	10.21	19.24	10.23	4.97	11180	19.63	34.07	9.36	4.99	11922	14.51	26.8	10.16	4.89	10482	28.05	42.83	9.47	4.99															2018-05-12 05:24:00
12.05.2018	05:30:00	RO_SE_001	3290	256048	180	0	13013	9.98	18.78	10.38	4.97	11569	16.42	29.73	9.4	4.94	12964	10.21	19.24	10.2	4.97	11180	19.63	34.07	9.34	4.99	11922	14.51	26.8	10.17	4.89	10483	28.04	42.81	9.45	4.99															2018-05-12 05:30:00
12.05.2018	05:36:00	RO_SE_001	3290	256049	183	0	13013	9.98	18.78	10.39	4.97	11569	16.42	29.73	9.38	4.97	12964	10.21	19.24	10.23	4.97	11180	19.63	34.07	9.35	4.99	11922	14.51	26.8	10.17	4.89	10482	28.05	42.83	9.46	4.99															2018-05-12 05:36:00
12.05.2018	05:42:00	RO_SE_001	3290	256050	180	0	13011	9.98	18.79	10.38	4.94	11569	16.42	29.73	9.42	4.97	12965	10.21	19.24	10.17	4.97	11180	19.63	34.07	9.34	4.99	11922	14.51	26.8	10.16	4.89	10482	28.05	42.83	9.46	4.99															2018-05-12 05:42:00
12.05.2018	05:48:00	RO_SE_001	3290	256051	183	0	13011	9.98	18.79	10.36	4.97	11569	16.42	29.73	9.37	4.97	12965	10.21	19.24	10.23	4.97	11180	19.63	34.07	9.38	4.99	11922	14.51	26.8	10.16	4.89	10482	28.05	42.83	9.48	4.99															2018-05-12 05:48:00
12.05.2018	05:54:00	RO_SE_001	3290	256052	183	0	13011	9.98	18.79	10.34	4.97	11569	16.42	29.73	9.4	4.94	12965	10.21	19.24	10.18	4.97	11181	19.62	34.06	9.35	4.99	11922	14.51	26.8	10.13	4.91	10482	28.05	42.83	9.43	4.99															2018-05-12 05:54:00
12.05.2018	06:00:00	RO_SE_001	3290	256053	183	0	13011	9.98	18.79	10.34	4.94	11569	16.42	29.73	9.38	4.97	12965	10.21	19.24	10.2	4.97	11181	19.62	34.06	9.35	4.99	11923	14.51	26.8	10.15	4.89	10482	28.05	42.83	9.46	4.99															2018-05-12 06:00:00
12.05.2018	06:06:00	RO_SE_001	3290	256054	180	0	13013	9.98	18.78	10.37	4.97	11569	16.42	29.73	9.38	4.94	12965	10.21	19.24	10.17	4.97	11181	19.62	34.06	9.4	4.99	11923	14.51	26.8	10.15	4.89	10482	28.05	42.83	9.49	4.99															2018-05-12 06:06:00
12.05.2018	06:12:00	RO_SE_001	3290	256055	180	0	13012	9.98	18.79	10.34	4.97	11569	16.42	29.73	9.41	4.97	12965	10.21	19.24	10.2	4.97	11181	19.62	34.06	9.36	4.99	11923	14.51	26.8	10.16	4.89	10482	28.05	42.83	9.47	4.99															2018-05-12 06:12:00
12.05.2018	06:18:00	RO_SE_001	3290	256056	183	0	13015	9.97	18.77	10.34	4.94	11569	16.42	29.73	9.4	4.97	12966	10.21	19.23	10.19	4.97	11181	19.62	34.06	9.36	4.99	11923	14.51	26.8	10.14	4.89	10482	28.05	42.83	9.46	4.99															2018-05-12 06:18:00
12.05.2018	06:24:00	RO_SE_001	3290	256057	183	0	13013	9.98	18.78	10.34	4.94	11569	16.42	29.73	9.38	4.97	12966	10.21	19.23	10.17	4.97	11182	19.61	34.05	9.35	4.99	11923	14.51	26.8	10.13	4.89	10482	28.05	42.83	9.51	4.99															2018-05-12 06:24:00
12.05.2018	06:30:00	RO_SE_001	3290	256058	183	0	13013	9.98	18.78	10.33	4.94	11570	16.42	29.72	9.36	4.97	12966	10.21	19.23	10.19	4.97	11182	19.61	34.05	9.34	4.99	11923	14.51	26.8	10.13	4.89	10482	28.05	42.83	9.46	4.99															2018-05-12 06:30:00
12.05.2018	06:36:00	RO_SE_001	3290	256059	183	0	13012	9.98	18.79	10.3	4.97	11569	16.42	29.73	9.38	4.97	12966	10.21	19.23	10.18	4.97	11182	19.61	34.05	9.36	4.99	11924	14.50	26.79	10.12	4.91	10482	28.05	42.83	9.45	4.99															2018-05-12 06:36:00
12.05.2018	06:42:00	RO_SE_001	3289	256060	183	0	13012	9.98	18.79	10.33	4.97	11570	16.42	29.72	9.38	4.94	12966	10.21	19.23	10.17	4.97	11182	19.61	34.05	9.35	4.99	11924	14.50	26.79	10.13	4.89	10482	28.05	42.83	9.47	4.99															2018-05-12 06:42:00
12.05.2018	06:48:00	RO_SE_001	3289	256061	183	0	13010	9.98	18.8	10.34	4.94	11570	16.42	29.72	9.38	4.97	12966	10.21	19.23	10.15	4.97	11182	19.61	34.05	9.34	4.99	11924	14.50	26.79	10.15	4.89	10482	28.05	42.83	9.46	4.99															2018-05-12 06:48:00
12.05.2018	06:54:00	RO_SE_001	3289	256062	180	0	13011	9.98	18.79	10.33	4.94	11570	16.42	29.72	9.39	4.94	12966	10.21	19.23	10.11	4.97	11182	19.61	34.05	9.37	4.99	11924	14.50	26.79	10.13	4.89	10482	28.05	42.83	9.48	4.99															2018-05-12 06:54:00
12.05.2018	07:00:00	RO_SE_001	3289	256063	183	0	13010	9.98	18.8	10.29	4.97	11569	16.42	29.73	9.4	4.94	12967	10.20	19.22	10.18	4.97	11183	19.60	34.04	9.35	4.99	11924	14.50	26.79	10.16	4.89	10482	28.05	42.83	9.46	4.99															2018-05-12 07:00:00
12.05.2018	07:06:00	RO_SE_001	3289	256064	183	0	13010	9.98	18.8	10.3	4.97	11570	16.42	29.72	9.38	4.97	12967	10.20	19.22	10.14	4.97	11183	19.60	34.04	9.33	4.99	11924	14.50	26.79	10.11	4.89	10482	28.05	42.83	9.47	4.99															2018-05-12 07:06:00
12.05.2018	07:12:00	RO_SE_001	3289	256065	183	0	13008	9.99	18.81	10.3	4.97	11569	16.42	29.73	9.41	4.97	12967	10.20	19.22	10.15	4.97	11183	19.60	34.04	9.36	4.99	11924	14.50	26.79	10.13	4.89	10482	28.05	42.83	9.45	4.99															2018-05-12 07:12:00
12.05.2018	07:18:00	RO_SE_001	3289	256066	183	0	13009	9.99	18.81	10.3	4.97	11569	16.42	29.73	9.38	4.94	12967	10.20	19.22	10.17	4.97	11183	19.60	34.04	9.36	4.99	11924	14.50	26.79	10.11	4.89	10482	28.05	42.83	9.44	4.99															2018-05-12 07:18:00
12.05.2018	07:24:00	RO_SE_001	3289	256067	183	0	13004	10.00	18.84	10.27	4.97	11569	16.42	29.73	9.38	4.94	12967	10.20	19.22	10.13	4.97	11183	19.60	34.04	9.34	4.99	11924	14.50	26.79	10.16	4.89	10482	28.05	42.83	9.45	4.99															2018-05-12 07:24:00
12.05.2018	07:30:00	RO_SE_001	3288	256068	183	0	13015	9.97	18.77	10.27	4.94	11569	16.42	29.73	9.38	4.97	12967	10.20	19.22	10.13	4.97	11183	19.60	34.04	9.38	4.99	11924	14.50	26.79	10.12	4.89	10483	28.04	42.81	9.45	4.99															2018-05-12 07:30:00
12.05.2018	07:36:00	RO_SE_001	3289	256069	183	0	13009	9.99	18.81	10.28	4.97	11569	16.42	29.73	9.33	4.94	12967	10.20	19.22	10.09	4.97	11184	19.59	34.03	9.38	4.99	11924	14.50	26.79	10.11	4.89	10483	28.04	42.81	9.45	4.99															2018-05-12 07:36:00
12.05.2018	07:42:00	RO_SE_001	3288	256070	183	0	13009	9.99	18.81	10.29	4.97	11569	16.42	29.73	9.42	4.94	12967	10.20	19.22	10.15	4.97	11184	19.59	34.03	9.38	4.99	11925	14.49	26.78	10.11	4.89	10483	28.04	42.81	9.47	4.99															2018-05-12 07:42:00
12.05.2018	07:48:00	RO_SE_001	3288	256071	183	0	13003	10.01	18.85	10.28	4.97	11570	16.42	29.72	9.38	4.94	12967	10.20	19.22	10.13	4.97	11184	19.59	34.03	9.34	4.99	11925	14.49	26.78	10.11	4.89	10483	28.04	42.81	9.45	4.99															2018-05-12 07:48:00
12.05.2018	07:54:00	RO_SE_001	3288	256072	183	0	13012	9.98	18.79	10.3	4.94	11570	16.42	29.72	9.38	4.94	12968	10.20	19.22	10.16	4.97	11184	19.59	34.03	9.36	4.99	11925	14.49	26.78	10.1	4.91	10483	28.04	42.81	9.47	4.99															2018-05-12 07:54:00
12.05.2018	08:00:00	RO_SE_001	3290	256073	183	0	13010	9.98	18.8	10.3	4.94	11570	16.42	29.72	9.39	4.97	12968	10.20	19.22	10.13	4.97	11185	19.58	34.02	9.36	4.99	11925	14.49	26.78	10.12	4.91	10483	28.04	42.81	9.48	4.99															2018-05-12 08:00:00
12.05.2018	08:06:00	RO_SE_001	3290	256074	180	0	13014	9.97	18.78	10.3	4.97	11569	16.42	29.73	9.38	4.97	12967	10.20	19.22	10.12	4.97	11185	19.58	34.02	9.34	4.99	11925	14.49	26.78	10.1	4.89	10483	28.04	42.81	9.43	4.99															2018-05-12 08:06:00
12.05.2018	08:12:00	RO_SE_001	3290	256075	183	0	13020	9.95	18.74	10.27	4.97	11569	16.42	29.73	9.41	4.94	12967	10.20	19.22	10.13	4.97	11185	19.58	34.02	9.37	4.99	11925	14.49	26.78	10.09	4.89	10483	28.04	42.81	9.45	4.99															2018-05-12 08:12:00
12.05.2018	08:18:00	RO_SE_001	3290	256076	183	0	13012	9.98	18.79	10.3	4.94	11569	16.42	29.73	9.39	4.94	12967	10.20	19.22	10.13	4.97	11186	19.58	34.01	9.35	4.99	11926	14.49	26.77	10.09	4.89	10483	28.04	42.81	9.49	4.99															2018-05-12 08:18:00
12.05.2018	08:24:00	RO_SE_001	3289	256077	183	0	13016	9.97	18.76	10.29	4.97	11569	16.42	29.73	9.38	4.97	12967	10.20	19.22	10.13	4.97	11185	19.58	34.02	9.38	4.99	11926	14.49	26.77	10.08	4.91	10483	28.04	42.81	9.43	4.99															2018-05-12 08:24:00
12.05.2018	08:30:00	RO_SE_001	3289	256078	186	0	13015	9.97	18.77	10.27	4.97	11569	16.42	29.73	9.39	4.97	12967	10.20	19.22	10.13	4.97	11185	19.58	34.02	9.36	4.99	11926	14.49	26.77	10.07	4.89	10483	28.04	42.81	9.41	4.99															2018-05-12 08:30:00
12.05.2018	08:36:00	RO_SE_001	3289	256079	180	0	13014	9.97	18.78	10.26	4.97	11569	16.42	29.73	9.37	4.94	12968	10.20	19.22	10.14	4.97	11185	19.58	34.02	9.35	4.99	11926	14.49	26.77	10.07	4.89	10483	28.04	42.81	9.45	4.99															2018-05-12 08:36:00
12.05.2018	08:42:00	RO_SE_001	3288	256080	186	0	13002	10.01	18.85	10.27	4.94	11570	16.42	29.72	9.41	4.94	12968	10.20	19.22	10.12	4.97	11185	19.58	34.02	9.36	4.99	11927	14.48	26.76	10.09	4.89	10483	28.04	42.81	9.43	4.99															2018-05-12 08:42:00
12.05.2018	08:48:00	RO_SE_001	3288	256081	183	0	13012	9.98	18.79	10.27	4.97	11569	16.42	29.73	9.39	4.97	12968	10.20	19.22	10.13	4.97	11186	19.58	34.01	9.37	4.99	11927	14.48	26.76	10.06	4.89	10483	28.04	42.81	9.45	4.99															2018-05-12 08:48:00
12.05.2018	08:54:00	RO_SE_001	3288	256082	183	0	13012	9.98	18.79	10.27	4.94	11569	16.42	29.73	9.38	4.94	12968	10.20	19.22	10.13	4.97	11186	19.58	34.01	9.38	4.99	11927	14.48	26.76	10.12	4.89	10483	28.04	42.81	9.46	4.99															2018-05-12 08:54:00
12.05.2018	09:00:00	RO_SE_001	3288	256083	183	0	13012	9.98	18.79	10.28	4.94	11569	16.42	29.73	9.39	4.94	12968	10.20	19.22	10.13	4.97	11186	19.58	34.01	9.37	4.99	11927	14.48	26.76	10.07	4.89	10483	28.04	42.81	9.47	4.99															2018-05-12 09:00:00
12.05.2018	09:06:00	RO_SE_001	3288	256084	183	0	13013	9.98	18.78	10.27	4.97	11569	16.42	29.73	9.35	4.94	12968	10.20	19.22	10.13	4.97	11186	19.58	34.01	9.36	4.99	11927	14.48	26.76	10.12	4.89	10483	28.04	42.81	9.41	4.99															2018-05-12 09:06:00
12.05.2018	09:12:00	RO_SE_001	3286	256085	183	0	13013	9.98	18.78	10.27	4.97	11570	16.42	29.72	9.35	4.94	12968	10.20	19.22	10.11	4.97	11186	19.58	34.01	9.34	4.99	11927	14.48	26.76	10.1	4.89	10483	28.04	42.81	9.46	4.99															2018-05-12 09:12:00
12.05.2018	09:18:00	RO_SE_001	3286	256086	186	0	13015	9.97	18.77	10.26	4.97	11570	16.42	29.72	9.38	4.97	12968	10.20	19.22	10.13	4.97	11186	19.58	34.01	9.33	4.99	11927	14.48	26.76	10.06	4.89	10483	28.04	42.81	9.46	4.99															2018-05-12 09:18:00
12.05.2018	09:24:00	RO_SE_001	3287	256087	180	0	13021	9.95	18.73	10.24	4.94	11570	16.42	29.72	9.38	4.94	12968	10.20	19.22	10.13	4.97	11187	19.57	34.0	9.38	4.99	11928	14.48	26.75	10.09	4.89	10483	28.04	42.81	9.42	4.99															2018-05-12 09:24:00
12.05.2018	09:30:00	RO_SE_001	3287	256088	180	0	13020	9.95	18.74	10.27	4.97	11570	16.42	29.72	9.39	4.94	12969	10.20	19.21	10.13	4.97	11187	19.57	34.0	9.34	4.99	11928	14.48	26.75	10.08	4.89	10483	28.04	42.81	9.45	4.99															2018-05-12 09:30:00
12.05.2018	09:36:00	RO_SE_001	3287	256089	183	0	13020	9.95	18.74	10.28	4.97	11571	16.41	29.71	9.38	4.94	12969	10.20	19.21	10.11	4.97	11187	19.57	34.0	9.28	4.99	11928	14.48	26.75	10.09	4.91	10483	28.04	42.81	9.45	4.99															2018-05-12 09:36:00
12.05.2018	09:42:00	RO_SE_001	3287	256090	183	0	13023	9.94	18.72	10.3	4.94	11571	16.41	29.71	9.38	4.94	12969	10.20	19.21	10.12	4.97	11187	19.57	34.0	9.34	4.99	11928	14.48	26.75	10.06	4.89	10483	28.04	42.81	9.45	4.97															2018-05-12 09:42:00
12.05.2018	09:48:00	RO_SE_001	3287	256091	186	0	13029	9.92	18.68	10.28	4.94	11571	16.41	29.71	9.41	4.97	12969	10.20	19.21	10.16	4.97	11187	19.57	34.0	9.36	4.99	11929	14.47	26.74	10.06	4.89	10483	28.04	42.81	9.41	4.99															2018-05-12 09:48:00
12.05.2018	09:54:00	RO_SE_001	3286	256092	186	0	13024	9.94	18.71	10.27	4.97	11572	16.40	29.7	9.35	4.97	12970	10.19	19.21	10.12	4.97	11188	19.56	33.99	9.34	4.99	11929	14.47	26.74	10.07	4.89	10483	28.04	42.81	9.42	4.99															2018-05-12 09:54:00
12.05.2018	10:00:00	RO_SE_001	3286	256093	183	0	13026	9.93	18.7	10.3	4.94	11572	16.40	29.7	9.35	4.94	12970	10.19	19.21	10.12	4.97	11188	19.56	33.99	9.36	4.99	11929	14.47	26.74	10.09	4.89	10483	28.04	42.81	9.44	4.99															2018-05-12 10:00:00
12.05.2018	10:06:00	RO_SE_001	3286	256094	183	0	13024	9.94	18.71	10.25	4.97	11572	16.40	29.7	9.39	4.94	12970	10.19	19.21	10.15	4.97	11188	19.56	33.99	9.34	4.99	11930	14.47	26.73	10.09	4.89	10483	28.04	42.81	9.42	4.99															2018-05-12 10:06:00
12.05.2018	10:12:00	RO_SE_001	3286	256095	180	0	13028	9.93	18.69	10.3	4.97	11573	16.40	29.69	9.38	4.97	12970	10.19	19.21	10.14	4.97	11188	19.56	33.99	9.34	4.99	11930	14.47	26.73	10.08	4.89	10483	28.04	42.81	9.46	4.99															2018-05-12 10:12:00
12.05.2018	10:18:00	RO_SE_001	3286	256096	180	0	13020	9.95	18.74	10.31	4.97	11573	16.40	29.69	9.39	4.94	12970	10.19	19.21	10.14	4.97	11189	19.55	33.98	9.38	4.99	11930	14.47	26.73	10.09	4.89	10483	28.04	42.81	9.44	4.99															2018-05-12 10:18:00
12.05.2018	10:24:00	RO_SE_001	3286	256097	186	0	12996	10.03	18.89	10.32	4.97	11573	16.40	29.69	9.37	4.97	12971	10.19	19.2	10.14	4.97	11189	19.55	33.98	9.34	4.99	11930	14.47	26.73	10.09	4.89	10483	28.04	42.81	9.43	4.99															2018-05-12 10:24:00
12.05.2018	10:30:00	RO_SE_001	3286	256098	180	0	13027	9.93	18.69	10.34	4.97	11574	16.39	29.68	9.36	4.94	12971	10.19	19.2	10.15	4.97	11189	19.55	33.98	9.35	4.99	11931	14.46	26.73	10.05	4.89	10483	28.04	42.81	9.45	4.99															2018-05-12 10:30:00
12.05.2018	10:36:00	RO_SE_001	3286	256099	183	0	13035	9.90	18.64	10.29	4.94	11574	16.39	29.68	9.39	4.97	12971	10.19	19.2	10.18	4.97	11189	19.55	33.98	9.37	4.99	11931	14.46	26.73	10.08	4.89	10483	28.04	42.81	9.43	4.99															2018-05-12 10:36:00
12.05.2018	10:42:00	RO_SE_001	3285	256100	177	0	13040	9.89	18.61	10.34	4.97	11575	16.39	29.67	9.38	4.94	12972	10.19	19.19	10.16	4.97	11189	19.55	33.98	9.38	4.99	11931	14.46	26.73	10.09	4.89	10484	28.02	42.8	9.47	4.99															2018-05-12 10:42:00
12.05.2018	10:48:00	RO_SE_001	3285	256101	177	0	13035	9.90	18.64	10.35	4.94	11575	16.39	29.67	9.38	4.97	12972	10.19	19.19	10.16	4.97	11189	19.55	33.98	9.32	4.99	11932	14.46	26.72	10.12	4.89	10484	28.02	42.8	9.44	4.97															2018-05-12 10:48:00
12.05.2018	10:54:00	RO_SE_001	3286	256102	183	0	13035	9.90	18.64	10.33	4.94	11576	16.38	29.66	9.38	4.94	12972	10.19	19.19	10.16	4.97	11190	19.54	33.97	9.34	4.99	11931	14.46	26.73	10.12	4.89	10484	28.02	42.8	9.45	4.99															2018-05-12 10:54:00
12.05.2018	11:00:00	RO_SE_001	3286	256103	180	0	13035	9.90	18.64	10.33	4.94	11576	16.38	29.66	9.38	4.97	12972	10.19	19.19	10.21	4.97	11190	19.54	33.97	9.35	4.99	11931	14.46	26.73	10.09	4.89	10484	28.02	42.8	9.43	4.99															2018-05-12 11:00:00
12.05.2018	11:06:00	RO_SE_001	3285	256104	180	0	13037	9.90	18.63	10.38	4.97	11576	16.38	29.66	9.36	4.94	12973	10.18	19.19	10.19	4.97	11190	19.54	33.97	9.32	4.99	11932	14.46	26.72	10.09	4.89	10484	28.02	42.8	9.41	4.99															2018-05-12 11:06:00
12.05.2018	11:12:00	RO_SE_001	3285	256105	180	0	13037	9.90	18.63	10.34	4.97	11577	16.37	29.65	9.36	4.94	12973	10.18	19.19	10.2	4.97	11190	19.54	33.97	9.32	4.99	11932	14.46	26.72	10.11	4.89	10484	28.02	42.8	9.43	4.99															2018-05-12 11:12:00
12.05.2018	11:18:00	RO_SE_001	3284	256106	186	0	13037	9.90	18.63	10.39	4.94	11578	16.37	29.64	9.38	4.97	12974	10.18	19.18	10.21	4.97	11191	19.53	33.96	9.36	4.97	11932	14.46	26.72	10.11	4.89	10484	28.02	42.8	9.42	4.99															2018-05-12 11:18:00
12.05.2018	11:24:00	RO_SE_001	3285	256107	180	0	13037	9.90	18.63	10.37	4.97	11578	16.37	29.64	9.35	4.97	12974	10.18	19.18	10.18	4.97	11191	19.53	33.96	9.31	4.99	11933	14.45	26.71	10.1	4.89	10484	28.02	42.8	9.45	4.99															2018-05-12 11:24:00
12.05.2018	11:30:00	RO_SE_001	3285	256108	183	0	13042	9.88	18.6	10.4	4.94	11579	16.36	29.63	9.34	4.94	12975	10.18	19.17	10.23	4.97	11191	19.53	33.96	9.33	4.99	11933	14.45	26.71	10.11	4.89	10484	28.02	42.8	9.41	4.99															2018-05-12 11:30:00
12.05.2018	11:36:00	RO_SE_001	3285	256109	183	0	13070	9.79	18.42	10.41	4.97	11580	16.35	29.62	9.35	4.94	12974	10.18	19.18	10.2	4.94	11191	19.53	33.96	9.34	4.99	11934	14.45	26.7	10.11	4.89	10484	28.02	42.8	9.45	4.99															2018-05-12 11:36:00
12.05.2018	11:42:00	RO_SE_001	3285	256110	183	0	13070	9.79	18.42	10.44	4.97	11580	16.35	29.62	9.36	4.94	12974	10.18	19.18	10.24	4.97	11192	19.53	33.95	9.35	4.99	11934	14.45	26.7	10.11	4.89	10484	28.02	42.8	9.46	4.99															2018-05-12 11:42:00
12.05.2018	11:48:00	RO_SE_001	3284	256111	183	0	13070	9.79	18.42	10.41	4.97	11581	16.35	29.61	9.38	4.97	12975	10.18	19.17	10.25	4.97	11192	19.53	33.95	9.34	4.99	11935	14.44	26.69	10.15	4.89	10484	28.02	42.8	9.44	4.97															2018-05-12 11:48:00
12.05.2018	11:54:00	RO_SE_001	3285	256112	180	0	13070	9.79	18.42	10.45	4.97	11581	16.35	29.61	9.38	4.97	12975	10.18	19.17	10.23	4.97	11192	19.53	33.95	9.34	4.99	11935	14.44	26.69	10.14	4.89	10484	28.02	42.8	9.45	4.99															2018-05-12 11:54:00
12.05.2018	12:06:00	RO_SE_001	3285	256114	183	0	13071	9.79	18.41	10.44	4.97	11582	16.34	29.6	9.33	4.97	12976	10.17	19.17	10.27	4.97	11193	19.52	33.94	9.34	4.99	11936	14.43	26.68	10.15	4.89	10484	28.02	42.8	9.42	4.99															2018-05-12 12:06:00
12.05.2018	12:12:00	RO_SE_001	3285	256115	183	0	13071	9.79	18.41	10.47	4.94	11582	16.34	29.6	9.38	4.94	12977	10.17	19.16	10.29	4.97	11192	19.53	33.95	9.34	4.99	11936	14.43	26.68	10.16	4.89	10484	28.02	42.8	9.4	4.99															2018-05-12 12:12:00
12.05.2018	12:18:00	RO_SE_001	3285	256116	186	0	13071	9.79	18.41	10.48	4.94	11583	16.33	29.6	9.37	4.97	12977	10.17	19.16	10.27	4.97	11192	19.53	33.95	9.3	4.99	11937	14.43	26.67	10.16	4.89	10484	28.02	42.8	9.41	4.99															2018-05-12 12:18:00
12.05.2018	12:24:00	RO_SE_001	3285	256117	186	0	13072	9.78	18.41	10.48	4.97	11583	16.33	29.6	9.34	4.97	12977	10.17	19.16	10.26	4.97	11192	19.53	33.95	9.34	4.99	11937	14.43	26.67	10.19	4.89	10484	28.02	42.8	9.41	4.99															2018-05-12 12:24:00
12.05.2018	12:30:00	RO_SE_001	3284	256118	186	0	13072	9.78	18.41	10.47	4.97	11583	16.33	29.6	9.35	4.97	12978	10.17	19.15	10.3	4.97	11192	19.53	33.95	9.3	4.99	11938	14.42	26.67	10.16	4.89	10484	28.02	42.8	9.45	4.99															2018-05-12 12:30:00
12.05.2018	12:36:00	RO_SE_001	3284	256119	180	0	13073	9.78	18.4	10.48	4.94	11584	16.33	29.59	9.37	4.97	12978	10.17	19.15	10.3	4.97	11193	19.52	33.94	9.31	4.99	11938	14.42	26.67	10.19	4.89	10485	28.01	42.78	9.41	4.99															2018-05-12 12:36:00
12.05.2018	12:42:00	RO_SE_001	3284	256120	183	0	13073	9.78	18.4	10.51	4.97	11584	16.33	29.59	9.35	4.97	12979	10.16	19.15	10.32	4.97	11193	19.52	33.94	9.34	4.99	11938	14.42	26.67	10.19	4.89	10485	28.01	42.78	9.42	4.99															2018-05-12 12:42:00
12.05.2018	12:48:00	RO_SE_001	3284	256121	183	0	13074	9.78	18.39	10.5	4.97	11585	16.32	29.58	9.36	4.94	12979	10.16	19.15	10.33	4.97	11193	19.52	33.94	9.35	4.99	11938	14.42	26.67	10.2	4.89	10485	28.01	42.78	9.41	4.99															2018-05-12 12:48:00
12.05.2018	12:54:00	RO_SE_001	3284	256122	183	0	13074	9.78	18.39	10.52	4.97	11586	16.31	29.57	9.36	4.97	12980	10.16	19.14	10.34	4.94	11193	19.52	33.94	9.31	4.99	11939	14.42	26.66	10.18	4.89	10485	28.01	42.78	9.41	4.99															2018-05-12 12:54:00
12.05.2018	13:00:00	RO_SE_001	3285	256123	177	0	13075	9.77	18.39	10.54	4.94	11587	16.31	29.56	9.37	4.97	12981	10.16	19.13	10.35	4.97	11193	19.52	33.94	9.36	4.99	11939	14.42	26.66	10.2	4.89	10485	28.01	42.78	9.41	4.99															2018-05-12 13:00:00
12.05.2018	13:06:00	RO_SE_001	3285	256124	186	0	13075	9.77	18.39	10.52	4.97	11587	16.31	29.56	9.35	4.97	12981	10.16	19.13	10.34	4.97	11194	19.51	33.93	9.32	4.99	11940	14.41	26.65	10.2	4.89	10485	28.01	42.78	9.45	4.99															2018-05-12 13:06:00
12.05.2018	13:18:00	RO_SE_001	3284	256126	183	0	13077	9.77	18.38	10.57	4.94	11589	16.30	29.54	9.38	4.97	12981	10.16	19.13	10.38	4.97	11194	19.51	33.93	9.34	4.99	11941	14.41	26.64	10.2	4.89	10485	28.01	42.78	9.44	4.99															2018-05-12 13:18:00
12.05.2018	13:24:00	RO_SE_001	3293	256127	183	0	13077	9.77	18.38	10.59	4.97	11589	16.30	29.54	9.34	4.97	12982	10.15	19.13	10.35	4.97	11194	19.51	33.93	9.36	4.99	11941	14.41	26.64	10.22	4.89	10485	28.01	42.78	9.42	4.99															2018-05-12 13:24:00
12.05.2018	13:30:00	RO_SE_001	3294	256128	183	0	13078	9.76	18.37	10.59	4.97	11590	16.29	29.53	9.37	4.97	12982	10.15	19.13	10.44	4.97	11194	19.51	33.93	9.35	4.99	11942	14.40	26.63	10.24	4.89	10485	28.01	42.78	9.41	4.99															2018-05-12 13:30:00
12.05.2018	13:36:00	RO_SE_001	3291	256129	183	0	13078	9.76	18.37	10.6	4.94	11590	16.29	29.53	9.34	4.97	12983	10.15	19.12	10.41	4.97	11195	19.50	33.92	9.32	4.99	11942	14.40	26.63	10.22	4.89	10485	28.01	42.78	9.42	4.99															2018-05-12 13:36:00
12.05.2018	13:42:00	RO_SE_001	3291	256130	180	0	13078	9.76	18.37	10.66	4.97	11590	16.29	29.53	9.38	4.94	12983	10.15	19.12	10.41	4.97	11195	19.50	33.92	9.34	4.99	11943	14.40	26.62	10.26	4.89	10485	28.01	42.78	9.44	4.99															2018-05-12 13:42:00
12.05.2018	13:48:00	RO_SE_001	3290	256131	186	0	13078	9.76	18.37	10.62	4.94	11590	16.29	29.53	9.35	4.97	12984	10.15	19.11	10.44	4.97	11195	19.50	33.92	9.35	4.99	11943	14.40	26.62	10.27	4.89	10485	28.01	42.78	9.42	4.99															2018-05-12 13:48:00
12.05.2018	13:54:00	RO_SE_001	3290	256132	183	0	13079	9.76	18.36	10.62	4.97	11591	16.28	29.52	9.34	4.97	12984	10.15	19.11	10.45	4.97	11195	19.50	33.92	9.33	4.99	11944	14.39	26.61	10.23	4.89	10486	27.99	42.77	9.39	4.99															2018-05-12 13:54:00
12.05.2018	14:00:00	RO_SE_001	3290	256133	186	0	13080	9.76	18.36	10.62	4.97	11592	16.28	29.51	9.34	4.97	12985	10.14	19.11	10.48	4.97	11196	19.49	33.9	9.33	4.99	11944	14.39	26.61	10.27	4.89	10486	27.99	42.77	9.41	4.99															2018-05-12 14:00:00
12.05.2018	14:06:00	RO_SE_001	3289	256134	183	0	13081	9.76	18.35	10.65	4.97	11592	16.28	29.51	9.36	4.97	12986	10.14	19.1	10.47	4.97	11196	19.49	33.9	9.36	4.99	11945	14.39	26.6	10.27	4.89	10486	27.99	42.77	9.45	4.99															2018-05-12 14:06:00
12.05.2018	14:12:00	RO_SE_001	3289	256135	186	0	13081	9.76	18.35	10.67	4.97	11593	16.27	29.5	9.33	4.94	12987	10.14	19.1	10.45	4.97	11196	19.49	33.9	9.32	4.99	11945	14.39	26.6	10.27	4.89	10486	27.99	42.77	9.41	4.99															2018-05-12 14:12:00
12.05.2018	14:18:00	RO_SE_001	3289	256136	183	0	13082	9.75	18.34	10.66	4.97	11594	16.26	29.49	9.36	4.94	12987	10.14	19.1	10.47	4.97	11196	19.49	33.9	9.37	4.99	11945	14.39	26.6	10.3	4.89	10486	27.99	42.77	9.42	4.99															2018-05-12 14:18:00
12.05.2018	14:24:00	RO_SE_001	3288	256137	177	0	13083	9.75	18.34	10.68	4.97	11595	16.26	29.48	9.35	4.94	12988	10.13	19.09	10.48	4.97	11197	19.48	33.89	9.34	4.99	11946	14.38	26.6	10.3	4.91	10486	27.99	42.77	9.46	4.99															2018-05-12 14:24:00
12.05.2018	14:30:00	RO_SE_001	3288	256138	186	0	13083	9.75	18.34	10.7	4.97	11595	16.26	29.48	9.34	4.94	12989	10.13	19.08	10.47	4.97	11197	19.48	33.89	9.34	4.99	11947	14.38	26.59	10.27	4.89	10486	27.99	42.77	9.42	4.99															2018-05-12 14:30:00
12.05.2018	14:42:00	RO_SE_001	3287	256140	177	0	13085	9.74	18.33	10.72	4.97	11597	16.24	29.46	9.38	4.94	12989	10.13	19.08	10.52	4.97	11197	19.48	33.89	9.34	4.99	11948	14.37	26.58	10.34	4.89	10486	27.99	42.77	9.44	4.99															2018-05-12 14:42:00
12.05.2018	14:48:00	RO_SE_001	3287	256141	180	0	13085	9.74	18.33	10.73	4.97	11598	16.24	29.45	9.38	4.94	12990	10.13	19.08	10.53	4.97	11197	19.48	33.89	9.35	4.99	11948	14.37	26.58	10.34	4.89	10486	27.99	42.77	9.41	4.99															2018-05-12 14:48:00
12.05.2018	14:54:00	RO_SE_001	3287	256142	186	0	13086	9.74	18.32	10.71	4.97	11597	16.24	29.46	9.33	4.97	12990	10.13	19.08	10.55	4.97	11198	19.48	33.88	9.34	4.99	11949	14.36	26.57	10.34	4.89	10486	27.99	42.77	9.42	4.99															2018-05-12 14:54:00
12.05.2018	15:00:00	RO_SE_001	3287	256143	186	0	13087	9.74	18.31	10.74	4.97	11598	16.24	29.45	9.38	4.94	12991	10.12	19.07	10.55	4.97	11198	19.48	33.88	9.34	4.99	11950	14.36	26.56	10.37	4.89	10487	27.97	42.76	9.43	4.99															2018-05-12 15:00:00
12.05.2018	15:06:00	RO_SE_001	3287	256144	186	0	13087	9.74	18.31	10.77	4.97	11599	16.23	29.44	9.35	4.97	12992	10.12	19.06	10.55	4.97	11198	19.48	33.88	9.3	4.99	11950	14.36	26.56	10.3	4.89	10487	27.97	42.76	9.44	4.99															2018-05-12 15:06:00
12.05.2018	15:12:00	RO_SE_001	3286	256145	186	0	13088	9.73	18.31	10.77	4.94	11599	16.23	29.44	9.34	4.94	12992	10.12	19.06	10.55	4.97	11198	19.48	33.88	9.34	4.99	11951	14.35	26.55	10.38	4.89	10487	27.97	42.76	9.43	4.99															2018-05-12 15:12:00
12.05.2018	15:18:00	RO_SE_001	3287	256146	183	0	13089	9.73	18.3	10.8	4.97	11600	16.23	29.44	9.34	4.94	12988	10.13	19.09	10.6	4.97	11198	19.48	33.88	9.34	4.99	11952	14.35	26.54	10.39	4.89	10487	27.97	42.76	9.42	4.99															2018-05-12 15:18:00
12.05.2018	15:24:00	RO_SE_001	3287	256147	183	0	13090	9.73	18.29	10.84	4.97	11601	16.22	29.43	9.38	4.97	12988	10.13	19.09	10.59	4.97	11199	19.47	33.87	9.33	4.99	11952	14.35	26.54	10.41	4.89	10487	27.97	42.76	9.45	4.99															2018-05-12 15:24:00
12.05.2018	15:30:00	RO_SE_001	3287	256148	180	0	13091	9.72	18.29	10.81	4.94	11601	16.22	29.43	9.39	4.94	12995	10.11	19.04	10.6	4.97	11199	19.47	33.87	9.35	4.99	11951	14.35	26.55	10.38	4.89	10487	27.97	42.76	9.47	4.99															2018-05-12 15:30:00
12.05.2018	15:36:00	RO_SE_001	3286	256149	183	0	13092	9.72	18.28	10.84	4.94	11602	16.21	29.42	9.36	4.94	12996	10.11	19.04	10.64	4.97	11199	19.47	33.87	9.33	4.99	11953	14.34	26.54	10.39	4.89	10487	27.97	42.76	9.45	4.99															2018-05-12 15:36:00
12.05.2018	15:42:00	RO_SE_001	3286	256150	186	0	13092	9.72	18.28	10.82	4.97	11603	16.21	29.41	9.35	4.97	12995	10.11	19.04	10.64	4.97	11199	19.47	33.87	9.3	4.99	11953	14.34	26.54	10.39	4.89	10487	27.97	42.76	9.4	4.99															2018-05-12 15:42:00
12.05.2018	15:48:00	RO_SE_001	3286	256151	186	0	13093	9.72	18.28	10.84	4.94	11604	16.20	29.4	9.39	4.97	12996	10.11	19.04	10.64	4.97	11199	19.47	33.87	9.34	4.99	11954	14.34	26.53	10.39	4.89	10488	27.96	42.74	9.43	4.99															2018-05-12 15:48:00
12.05.2018	15:54:00	RO_SE_001	3285	256152	180	0	13094	9.71	18.27	10.87	4.97	11604	16.20	29.4	9.36	4.94	12997	10.10	19.03	10.64	4.97	11199	19.47	33.87	9.34	4.99	11955	14.33	26.52	10.41	4.89	10488	27.96	42.74	9.44	4.99															2018-05-12 15:54:00
12.05.2018	16:00:00	RO_SE_001	3286	256153	186	0	13095	9.71	18.26	10.89	4.97	11604	16.20	29.4	9.38	4.94	12998	10.10	19.02	10.64	4.97	11199	19.47	33.87	9.33	4.99	11955	14.33	26.52	10.41	4.89	10488	27.96	42.74	9.44	4.99															2018-05-12 16:00:00
12.05.2018	16:06:00	RO_SE_001	3285	256154	183	0	13095	9.71	18.26	10.89	4.94	11605	16.19	29.39	9.34	4.94	12998	10.10	19.02	10.67	4.97	11200	19.46	33.86	9.32	4.99	11956	14.33	26.51	10.41	4.89	10488	27.96	42.74	9.44	4.99															2018-05-12 16:06:00
12.05.2018	16:12:00	RO_SE_001	3286	256155	186	0	13096	9.71	18.26	10.88	4.97	11606	16.19	29.38	9.36	4.94	12999	10.10	19.02	10.67	4.97	11200	19.46	33.86	9.34	4.99	11957	14.32	26.5	10.44	4.89	10488	27.96	42.74	9.43	4.99															2018-05-12 16:12:00
12.05.2018	16:18:00	RO_SE_001	3285	256156	180	0	13097	9.70	18.25	10.89	4.97	11606	16.19	29.38	9.38	4.97	13000	10.09	19.01	10.67	4.97	11200	19.46	33.86	9.34	4.99	11957	14.32	26.5	10.45	4.89	10488	27.96	42.74	9.45	4.99															2018-05-12 16:18:00
12.05.2018	16:24:00	RO_SE_001	3284	256157	183	0	13098	9.70	18.24	10.89	4.94	11606	16.19	29.38	9.37	4.97	13000	10.09	19.01	10.7	4.97	11200	19.46	33.86	9.34	4.99	11958	14.32	26.49	10.46	4.89	10488	27.96	42.74	9.45	4.99															2018-05-12 16:24:00
12.05.2018	16:30:00	RO_SE_001	3285	256158	183	0	13099	9.70	18.24	10.92	4.97	11607	16.18	29.37	9.35	4.94	13001	10.09	19.01	10.68	4.97	11200	19.46	33.86	9.33	4.99	11958	14.32	26.49	10.48	4.89	10488	27.96	42.74	9.44	4.99															2018-05-12 16:30:00
12.05.2018	16:36:00	RO_SE_001	3285	256159	183	0	13099	9.70	18.24	10.93	4.97	11607	16.18	29.37	9.39	4.97	13001	10.09	19.01	10.72	4.97	11201	19.45	33.85	9.34	4.99	11959	14.31	26.48	10.46	4.89	10489	27.94	42.73	9.43	4.99															2018-05-12 16:36:00
12.05.2018	16:42:00	RO_SE_001	3284	256160	183	0	13099	9.70	18.24	10.9	4.97	11608	16.17	29.36	9.36	4.94	13002	10.09	19.0	10.73	4.97	11201	19.45	33.85	9.34	4.99	11960	14.31	26.48	10.47	4.89	10489	27.94	42.73	9.44	4.99															2018-05-12 16:42:00
12.05.2018	16:48:00	RO_SE_001	3284	256161	183	0	13100	9.69	18.23	10.95	4.94	11609	16.17	29.35	9.37	4.97	13002	10.09	19.0	10.73	4.97	11201	19.45	33.85	9.37	4.99	11959	14.31	26.48	10.5	4.89	10489	27.94	42.73	9.47	4.99															2018-05-12 16:48:00
12.05.2018	16:54:00	RO_SE_001	3283	256162	183	0	13101	9.69	18.23	10.97	4.94	11609	16.17	29.35	9.34	4.94	13002	10.09	19.0	10.73	4.97	11201	19.45	33.85	9.35	4.99	11960	14.31	26.48	10.52	4.89	10489	27.94	42.73	9.46	4.97															2018-05-12 16:54:00
12.05.2018	17:00:00	RO_SE_001	3283	256163	186	0	13102	9.69	18.22	10.96	4.94	11610	16.16	29.34	9.37	4.97	13003	10.08	18.99	10.76	4.97	11202	19.44	33.84	9.35	4.99	11961	14.30	26.47	10.51	4.89	10489	27.94	42.73	9.43	4.99															2018-05-12 17:00:00
12.05.2018	17:06:00	RO_SE_001	3283	256164	186	0	13103	9.69	18.21	10.95	4.97	11611	16.16	29.33	9.38	4.97	13004	10.08	18.99	10.73	4.97	11202	19.44	33.84	9.34	4.99	11961	14.30	26.47	10.52	4.89	10489	27.94	42.73	9.45	4.99															2018-05-12 17:06:00
12.05.2018	17:12:00	RO_SE_001	3283	256165	186	0	13104	9.68	18.21	10.98	4.97	11611	16.16	29.33	9.38	4.97	13005	10.08	18.98	10.76	4.97	11202	19.44	33.84	9.34	4.99	11962	14.30	26.46	10.5	4.89	10489	27.94	42.73	9.47	4.99															2018-05-12 17:12:00
12.05.2018	17:18:00	RO_SE_001	3283	256166	186	0	13104	9.68	18.21	10.99	4.97	11611	16.16	29.33	9.38	4.97	13005	10.08	18.98	10.77	4.97	11202	19.44	33.84	9.36	4.99	11962	14.30	26.46	10.52	4.89	10489	27.94	42.73	9.43	4.99															2018-05-12 17:18:00
12.05.2018	17:24:00	RO_SE_001	3283	256167	186	0	13105	9.68	18.2	10.99	4.97	11612	16.15	29.32	9.38	4.94	13006	10.07	18.97	10.75	4.97	11203	19.43	33.83	9.34	4.99	11963	14.29	26.45	10.55	4.89	10490	27.93	42.72	9.45	4.99															2018-05-12 17:24:00
12.05.2018	17:30:00	RO_SE_001	3283	256168	186	0	13106	9.68	18.19	11.02	4.97	11613	16.14	29.31	9.41	4.94	13006	10.07	18.97	10.78	4.97	11203	19.43	33.83	9.34	4.99	11963	14.29	26.45	10.55	4.89	10489	27.94	42.73	9.47	4.99															2018-05-12 17:30:00
12.05.2018	17:36:00	RO_SE_001	3089	256169	0	0	13106	9.68	18.19	11.02	4.94	11613	16.14	29.31	9.38	4.97	13007	10.07	18.97	10.82	4.97	11203	19.43	33.83	9.33	4.99	11964	14.28	26.44	10.55	4.89	10489	27.94	42.73	9.45	4.99															2018-05-12 17:36:00
12.05.2018	17:42:00	RO_SE_001	3287	256170	183	0	13107	9.67	18.19	11.01	4.97	11614	16.14	29.3	9.41	4.97	13008	10.07	18.96	10.8	4.97	11203	19.43	33.83	9.37	4.99	11965	14.28	26.43	10.58	4.89	10489	27.94	42.73	9.46	4.99															2018-05-12 17:42:00
12.05.2018	17:48:00	RO_SE_001	3287	256171	183	0	13107	9.67	18.19	11.04	4.97	11614	16.14	29.3	9.41	4.97	13009	10.06	18.95	10.83	4.97	11204	19.43	33.82	9.34	4.99	11965	14.28	26.43	10.56	4.89	10489	27.94	42.73	9.44	4.99															2018-05-12 17:48:00
12.05.2018	17:54:00	RO_SE_001	3286	256172	183	0	13108	9.67	18.18	11.05	4.94	11615	16.13	29.29	9.36	4.94	13009	10.06	18.95	10.82	4.97	11204	19.43	33.82	9.34	4.99	11966	14.27	26.42	10.6	4.89	10489	27.94	42.73	9.45	4.99															2018-05-12 17:54:00
12.05.2018	18:00:00	RO_SE_001	3285	256173	183	0	13109	9.67	18.18	11.06	4.97	11615	16.13	29.29	9.39	4.97	13009	10.06	18.95	10.84	4.97	11204	19.43	33.82	9.38	4.99	11966	14.27	26.42	10.55	4.89	10489	27.94	42.73	9.45	4.99															2018-05-12 18:00:00
12.05.2018	18:06:00	RO_SE_001	3285	256174	183	0	13110	9.66	18.17	11.08	4.97	11616	16.12	29.29	9.35	4.97	13009	10.06	18.95	10.84	4.97	11204	19.43	33.82	9.37	4.99	11966	14.27	26.42	10.56	4.91	10489	27.94	42.73	9.47	4.99															2018-05-12 18:06:00
12.05.2018	18:12:00	RO_SE_001	3285	256175	183	0	13110	9.66	18.17	11.08	4.97	11616	16.12	29.29	9.38	4.97	13010	10.06	18.95	10.84	4.97	11204	19.43	33.82	9.37	4.99	11967	14.27	26.42	10.59	4.89	10489	27.94	42.73	9.46	4.97															2018-05-12 18:12:00
12.05.2018	18:18:00	RO_SE_001	3285	256176	183	0	13111	9.66	18.16	11.08	4.97	11617	16.12	29.28	9.4	4.97	13011	10.06	18.94	10.84	4.97	11204	19.43	33.82	9.36	4.99	11967	14.27	26.42	10.56	4.89	10490	27.93	42.72	9.48	4.99															2018-05-12 18:18:00
12.05.2018	18:24:00	RO_SE_001	3284	256177	183	0	13111	9.66	18.16	11.05	4.97	11617	16.12	29.28	9.38	4.94	13011	10.06	18.94	10.85	4.94	11205	19.42	33.81	9.34	4.99	11967	14.27	26.42	10.57	4.89	10490	27.93	42.72	9.45	4.99															2018-05-12 18:24:00
12.05.2018	18:30:00	RO_SE_001	3284	256178	183	0	13112	9.66	18.16	11.05	4.97	11618	16.11	29.27	9.41	4.97	13012	10.05	18.94	10.83	4.97	11205	19.42	33.81	9.36	4.99	11968	14.26	26.41	10.63	4.89	10490	27.93	42.72	9.44	4.99															2018-05-12 18:30:00
12.05.2018	18:36:00	RO_SE_001	3283	256179	183	0	13113	9.65	18.15	11.09	4.97	11618	16.11	29.27	9.4	4.97	13012	10.05	18.94	10.85	4.97	11205	19.42	33.81	9.35	4.99	11969	14.26	26.4	10.61	4.89	10490	27.93	42.72	9.49	4.99															2018-05-12 18:36:00
12.05.2018	18:42:00	RO_SE_001	3283	256180	183	0	13113	9.65	18.15	11.09	4.94	11618	16.11	29.27	9.4	4.94	13013	10.05	18.93	10.91	4.97	11205	19.42	33.81	9.34	4.99	11969	14.26	26.4	10.62	4.89	10490	27.93	42.72	9.45	4.99															2018-05-12 18:42:00
12.05.2018	18:48:00	RO_SE_001	3283	256181	183	0	13113	9.65	18.15	11.12	4.97	11619	16.10	29.26	9.41	4.94	13013	10.05	18.93	10.86	4.97	11206	19.41	33.8	9.37	4.99	11970	14.25	26.39	10.6	4.89	10490	27.93	42.72	9.49	4.99															2018-05-12 18:48:00
12.05.2018	18:54:00	RO_SE_001	3283	256182	177	0	13113	9.65	18.15	11.12	4.97	11618	16.11	29.27	9.36	4.94	13014	10.05	18.92	10.89	4.97	11206	19.41	33.8	9.34	4.99	11970	14.25	26.39	10.61	4.89	10490	27.93	42.72	9.46	4.99															2018-05-12 18:54:00
12.05.2018	19:00:00	RO_SE_001	3283	256183	177	0	13114	9.65	18.14	11.12	4.94	11618	16.11	29.27	9.41	4.97	13014	10.05	18.92	10.89	4.97	11206	19.41	33.8	9.38	4.99	11971	14.25	26.38	10.62	4.89	10490	27.93	42.72	9.5	4.99															2018-05-12 19:00:00
12.05.2018	19:06:00	RO_SE_001	3283	256184	180	0	13114	9.65	18.14	11.13	4.97	11619	16.10	29.26	9.41	4.94	13015	10.04	18.92	10.93	4.97	11206	19.41	33.8	9.36	4.99	11971	14.25	26.38	10.59	4.89	10490	27.93	42.72	9.52	4.97															2018-05-12 19:06:00
12.05.2018	19:12:00	RO_SE_001	3282	256185	180	0	13115	9.65	18.14	11.14	4.97	11619	16.10	29.26	9.41	4.97	13015	10.04	18.92	10.91	4.97	11207	19.40	33.79	9.37	4.99	11972	14.24	26.37	10.65	4.89	10491	27.91	42.7	9.48	4.99															2018-05-12 19:12:00
12.05.2018	19:18:00	RO_SE_001	3283	256186	180	0	13116	9.64	18.13	11.13	4.94	11620	16.10	29.25	9.43	4.97	13016	10.04	18.91	10.92	4.97	11206	19.41	33.8	9.36	4.99	11972	14.24	26.37	10.65	4.89	10491	27.91	42.7	9.48	4.99															2018-05-12 19:18:00
12.05.2018	19:24:00	RO_SE_001	3283	256187	186	0	13116	9.64	18.13	11.11	4.97	11620	16.10	29.25	9.44	4.94	13016	10.04	18.91	10.95	4.97	11206	19.41	33.8	9.38	4.99	11973	14.24	26.36	10.66	4.89	10491	27.91	42.7	9.46	4.99															2018-05-12 19:24:00
12.05.2018	19:30:00	RO_SE_001	3283	256188	186	0	13117	9.64	18.13	11.16	4.97	11620	16.10	29.25	9.43	4.94	13016	10.04	18.91	10.91	4.97	11206	19.41	33.8	9.37	4.99	11973	14.24	26.36	10.68	4.89	10491	27.91	42.7	9.45	4.99															2018-05-12 19:30:00
12.05.2018	19:36:00	RO_SE_001	3281	256189	186	0	13117	9.64	18.13	11.16	4.94	11621	16.09	29.24	9.41	4.94	13016	10.04	18.91	10.92	4.97	11207	19.40	33.79	9.37	4.99	11973	14.24	26.36	10.67	4.89	10491	27.91	42.7	9.48	4.99															2018-05-12 19:36:00
12.05.2018	19:42:00	RO_SE_001	3283	256190	186	0	13117	9.64	18.13	11.16	4.97	11620	16.10	29.25	9.41	4.94	13016	10.04	18.91	10.95	4.97	11207	19.40	33.79	9.35	4.99	11973	14.24	26.36	10.66	4.89	10491	27.91	42.7	9.51	4.99															2018-05-12 19:42:00
12.05.2018	19:48:00	RO_SE_001	3282	256191	183	0	13117	9.64	18.13	11.16	4.97	11620	16.10	29.25	9.42	4.94	13017	10.04	18.9	10.92	4.97	11207	19.40	33.79	9.41	4.99	11973	14.24	26.36	10.7	4.89	10491	27.91	42.7	9.48	4.99															2018-05-12 19:48:00
12.05.2018	19:54:00	RO_SE_001	3280	256192	189	0	13112	9.66	18.16	11.14	4.97	11620	16.10	29.25	9.39	4.94	13017	10.04	18.9	10.91	4.97	11207	19.40	33.79	9.41	4.99	11973	14.24	26.36	10.69	4.89	10491	27.91	42.7	9.47	4.99															2018-05-12 19:54:00
12.05.2018	20:00:00	RO_SE_001	3282	256193	186	0	13108	9.67	18.18	11.19	4.94	11620	16.10	29.25	9.4	4.97	13018	10.03	18.9	10.95	4.97	11207	19.40	33.79	9.39	4.99	11974	14.23	26.36	10.68	4.89	10491	27.91	42.7	9.5	4.99															2018-05-12 20:00:00
12.05.2018	20:06:00	RO_SE_001	3281	256194	183	0	13110	9.66	18.17	11.17	4.94	11620	16.10	29.25	9.41	4.97	13018	10.03	18.9	10.93	4.97	11208	19.39	33.78	9.39	4.99	11974	14.23	26.36	10.7	4.89	10491	27.91	42.7	9.49	4.99															2018-05-12 20:06:00
12.05.2018	20:18:00	RO_SE_001	3281	256196	183	0	13114	9.65	18.14	11.18	4.97	11620	16.10	29.25	9.41	4.97	13018	10.03	18.9	10.96	4.97	11208	19.39	33.78	9.38	4.99	11975	14.23	26.35	10.69	4.89	10492	27.89	42.69	9.51	4.99															2018-05-12 20:18:00
12.05.2018	20:24:00	RO_SE_001	3281	256197	183	0	13114	9.65	18.14	11.19	4.97	11620	16.10	29.25	9.41	4.94	13018	10.03	18.9	10.94	4.94	11208	19.39	33.78	9.39	4.99	11975	14.23	26.35	10.73	4.89	10492	27.89	42.69	9.52	4.99															2018-05-12 20:24:00
12.05.2018	20:30:00	RO_SE_001	3280	256198	186	0	13115	9.65	18.14	11.2	4.97	11620	16.10	29.25	9.42	4.94	13019	10.03	18.89	10.95	4.94	11209	19.38	33.77	9.35	4.99	11975	14.23	26.35	10.7	4.89	10492	27.89	42.69	9.5	4.99															2018-05-12 20:30:00
12.05.2018	20:36:00	RO_SE_001	3280	256199	186	0	13115	9.65	18.14	11.17	4.97	11620	16.10	29.25	9.44	4.94	13019	10.03	18.89	10.96	4.97	11209	19.38	33.77	9.38	4.99	11976	14.22	26.34	10.7	4.89	10492	27.89	42.69	9.49	4.99															2018-05-12 20:36:00
12.05.2018	20:42:00	RO_SE_001	3280	256200	186	0	13116	9.64	18.13	11.22	4.97	11620	16.10	29.25	9.46	4.97	13020	10.03	18.88	10.95	4.97	11209	19.38	33.77	9.4	4.99	11976	14.22	26.34	10.69	4.89	10492	27.89	42.69	9.54	4.99															2018-05-12 20:42:00
12.05.2018	20:48:00	RO_SE_001	3279	256201	186	0	13116	9.64	18.13	11.22	4.94	11620	16.10	29.25	9.45	4.94	13020	10.03	18.88	10.95	4.97	11209	19.38	33.77	9.37	4.99	11976	14.22	26.34	10.7	4.89	10492	27.89	42.69	9.55	4.99															2018-05-12 20:48:00
12.05.2018	20:54:00	RO_SE_001	3279	256202	186	0	13116	9.64	18.13	11.18	4.97	11620	16.10	29.25	9.45	4.97	13020	10.03	18.88	10.95	4.97	11209	19.38	33.77	9.41	4.99	11976	14.22	26.34	10.73	4.89	10492	27.89	42.69	9.52	4.99															2018-05-12 20:54:00
12.05.2018	21:00:00	RO_SE_001	3279	256203	186	0	13116	9.64	18.13	11.19	4.97	11620	16.10	29.25	9.45	4.94	13020	10.03	18.88	10.95	4.97	11210	19.38	33.76	9.41	4.99	11977	14.22	26.33	10.7	4.89	10492	27.89	42.69	9.52	4.99															2018-05-12 21:00:00
12.05.2018	21:06:00	RO_SE_001	3278	256204	183	0	13116	9.64	18.13	11.21	4.97	11620	16.10	29.25	9.46	4.97	13021	10.02	18.88	10.97	4.97	11210	19.38	33.76	9.41	4.99	11977	14.22	26.33	10.71	4.89	10492	27.89	42.69	9.52	4.99															2018-05-12 21:06:00
12.05.2018	21:12:00	RO_SE_001	3278	256205	186	0	13117	9.64	18.13	11.17	4.94	11620	16.10	29.25	9.42	4.94	13021	10.02	18.88	10.97	4.97	11210	19.38	33.76	9.44	4.99	11977	14.22	26.33	10.75	4.89	10492	27.89	42.69	9.52	4.99															2018-05-12 21:12:00
12.05.2018	21:18:00	RO_SE_001	3278	256206	183	0	13117	9.64	18.13	11.16	4.94	11620	16.10	29.25	9.44	4.97	13021	10.02	18.88	10.97	4.97	11211	19.37	33.75	9.42	4.99	11978	14.21	26.32	10.73	4.89	10493	27.88	42.68	9.52	4.99															2018-05-12 21:18:00
12.05.2018	21:24:00	RO_SE_001	3278	256207	180	0	13117	9.64	18.13	11.2	4.97	11620	16.10	29.25	9.45	4.97	13021	10.02	18.88	10.95	4.97	11211	19.37	33.75	9.41	4.99	11978	14.21	26.32	10.71	4.89	10493	27.88	42.68	9.53	4.99															2018-05-12 21:24:00
12.05.2018	21:30:00	RO_SE_001	3277	256208	180	0	13117	9.64	18.13	11.24	4.97	11620	16.10	29.25	9.44	4.97	13022	10.02	18.87	10.98	4.97	11211	19.37	33.75	9.43	4.99	11978	14.21	26.32	10.73	4.89	10493	27.88	42.68	9.54	4.99															2018-05-12 21:30:00
12.05.2018	21:36:00	RO_SE_001	3277	256209	183	0	13117	9.64	18.13	11.17	4.94	11620	16.10	29.25	9.47	4.94	13022	10.02	18.87	10.98	4.97	11211	19.37	33.75	9.38	4.99	11979	14.20	26.31	10.73	4.89	10493	27.88	42.68	9.52	4.99															2018-05-12 21:36:00
12.05.2018	21:42:00	RO_SE_001	3276	256210	180	0	13117	9.64	18.13	11.18	4.94	11620	16.10	29.25	9.46	4.94	13022	10.02	18.87	11.01	4.97	11211	19.37	33.75	9.44	4.97	11979	14.20	26.31	10.72	4.89	10493	27.88	42.68	9.53	4.99															2018-05-12 21:42:00
12.05.2018	21:48:00	RO_SE_001	3277	256211	180	0	13117	9.64	18.13	11.2	4.94	11619	16.10	29.26	9.45	4.97	13022	10.02	18.87	10.96	4.97	11212	19.36	33.74	9.44	4.99	11979	14.20	26.31	10.77	4.89	10493	27.88	42.68	9.53	4.99															2018-05-12 21:48:00
12.05.2018	21:54:00	RO_SE_001	3276	256212	180	0	13118	9.64	18.12	11.19	4.97	11619	16.10	29.26	9.48	4.97	13022	10.02	18.87	10.97	4.97	11212	19.36	33.74	9.4	4.99	11979	14.20	26.31	10.75	4.89	10493	27.88	42.68	9.53	4.99															2018-05-12 21:54:00
12.05.2018	22:00:00	RO_SE_001	3276	256213	186	0	13118	9.64	18.12	11.19	4.97	11619	16.10	29.26	9.43	4.94	13023	10.02	18.86	10.95	4.97	11212	19.36	33.74	9.43	4.99	11980	14.20	26.3	10.76	4.89	10493	27.88	42.68	9.55	4.99															2018-05-12 22:00:00
12.05.2018	22:12:00	RO_SE_001	3276	256215	186	0	13118	9.64	18.12	11.18	4.97	11619	16.10	29.26	9.47	4.94	13023	10.02	18.86	10.95	4.97	11212	19.36	33.74	9.43	4.99	11979	14.20	26.31	10.72	4.89	10493	27.88	42.68	9.55	4.99															2018-05-12 22:12:00
12.05.2018	22:18:00	RO_SE_001	3276	256216	186	0	13118	9.64	18.12	11.18	4.97	11619	16.10	29.26	9.5	4.94	13023	10.02	18.86	10.94	4.97	11213	19.35	33.73	9.41	4.97	11980	14.20	26.3	10.76	4.89	10493	27.88	42.68	9.52	4.99															2018-05-12 22:18:00
12.05.2018	22:24:00	RO_SE_001	3275	256217	183	0	13118	9.64	18.12	11.2	4.97	11619	16.10	29.26	9.47	4.97	13023	10.02	18.86	10.95	4.94	11213	19.35	33.73	9.44	4.99	11980	14.20	26.3	10.73	4.89	10493	27.88	42.68	9.55	4.99															2018-05-12 22:24:00
12.05.2018	22:30:00	RO_SE_001	3276	256218	183	0	13118	9.64	18.12	11.19	4.97	11619	16.10	29.26	9.49	4.97	13023	10.02	18.86	10.97	4.97	11213	19.35	33.73	9.41	4.99	11980	14.20	26.3	10.76	4.89	10493	27.88	42.68	9.55	4.99															2018-05-12 22:30:00
12.05.2018	22:36:00	RO_SE_001	3276	256219	183	0	13119	9.64	18.11	11.17	4.97	11619	16.10	29.26	9.48	4.94	13023	10.02	18.86	10.95	4.97	11213	19.35	33.73	9.43	4.99	11980	14.20	26.3	10.73	4.89	10493	27.88	42.68	9.54	4.99															2018-05-12 22:36:00
12.05.2018	22:42:00	RO_SE_001	3275	256220	183	0	13119	9.64	18.11	11.15	4.97	11619	16.10	29.26	9.5	4.94	13023	10.02	18.86	10.94	4.97	11213	19.35	33.73	9.45	4.99	11980	14.20	26.3	10.75	4.89	10493	27.88	42.68	9.52	4.99															2018-05-12 22:42:00
12.05.2018	22:48:00	RO_SE_001	3275	256221	186	0	13119	9.64	18.11	11.17	4.94	11619	16.10	29.26	9.48	4.94	13023	10.02	18.86	10.94	4.97	11213	19.35	33.73	9.41	4.99	11981	14.19	26.3	10.7	4.89	10493	27.88	42.68	9.56	4.99															2018-05-12 22:48:00
12.05.2018	22:54:00	RO_SE_001	3275	256222	183	0	13119	9.64	18.11	11.12	4.94	11619	16.10	29.26	9.47	4.94	13023	10.02	18.86	10.96	4.97	11214	19.34	33.71	9.44	4.99	11981	14.19	26.3	10.73	4.89	10494	27.86	42.66	9.57	4.99															2018-05-12 22:54:00
12.05.2018	23:00:00	RO_SE_001	3275	256223	183	0	13119	9.64	18.11	11.14	4.97	11619	16.10	29.26	9.49	4.97	13023	10.02	18.86	10.91	4.97	11214	19.34	33.71	9.45	4.99	11981	14.19	26.3	10.74	4.89	10494	27.86	42.66	9.56	4.99															2018-05-12 23:00:00
12.05.2018	23:06:00	RO_SE_001	3275	256224	180	0	13119	9.64	18.11	11.15	4.97	11619	16.10	29.26	9.49	4.97	13024	10.01	18.86	10.95	4.97	11213	19.35	33.73	9.45	4.99	11981	14.19	26.3	10.71	4.89	10494	27.86	42.66	9.55	4.99															2018-05-12 23:06:00
12.05.2018	23:12:00	RO_SE_001	3275	256225	183	0	13119	9.64	18.11	11.13	4.94	11619	16.10	29.26	9.52	4.94	13024	10.01	18.86	10.95	4.97	11213	19.35	33.73	9.46	4.99	11981	14.19	26.3	10.77	4.89	10494	27.86	42.66	9.56	4.99															2018-05-12 23:12:00
12.05.2018	23:18:00	RO_SE_001	3275	256226	180	0	13119	9.64	18.11	11.11	4.97	11619	16.10	29.26	9.49	4.94	13024	10.01	18.86	10.94	4.97	11213	19.35	33.73	9.46	4.97	11981	14.19	26.3	10.76	4.89	10494	27.86	42.66	9.55	4.99															2018-05-12 23:18:00
12.05.2018	23:24:00	RO_SE_001	3275	256227	186	0	13120	9.63	18.11	11.13	4.97	11618	16.11	29.27	9.51	4.97	13024	10.01	18.86	10.93	4.97	11213	19.35	33.73	9.44	4.99	11982	14.19	26.29	10.73	4.89	10494	27.86	42.66	9.58	4.99															2018-05-12 23:24:00
12.05.2018	23:30:00	RO_SE_001	3274	256228	183	0	13120	9.63	18.11	11.14	4.94	11618	16.11	29.27	9.47	4.97	13024	10.01	18.86	10.91	4.97	11214	19.34	33.71	9.44	4.99	11982	14.19	26.29	10.72	4.89	10494	27.86	42.66	9.58	4.99															2018-05-12 23:30:00
12.05.2018	23:36:00	RO_SE_001	3275	256229	183	0	13120	9.63	18.11	11.13	4.94	11618	16.11	29.27	9.48	4.97	13024	10.01	18.86	10.9	4.94	11214	19.34	33.71	9.46	4.99	11982	14.19	26.29	10.73	4.89	10494	27.86	42.66	9.56	4.99															2018-05-12 23:36:00
12.05.2018	23:42:00	RO_SE_001	3273	256230	183	0	13120	9.63	18.11	11.13	4.97	11618	16.11	29.27	9.52	4.97	13025	10.01	18.85	10.88	4.97	11214	19.34	33.71	9.45	4.99	11982	14.19	26.29	10.73	4.89	10494	27.86	42.66	9.57	4.99															2018-05-12 23:42:00
12.05.2018	23:48:00	RO_SE_001	3273	256231	183	0	13120	9.63	18.11	11.12	4.97	11618	16.11	29.27	9.48	4.97	13025	10.01	18.85	10.88	4.97	11214	19.34	33.71	9.43	4.99	11983	14.18	26.28	10.72	4.89	10494	27.86	42.66	9.57	4.99															2018-05-12 23:48:00
12.05.2018	23:54:00	RO_SE_001	3274	256232	180	0	13120	9.63	18.11	11.09	4.94	11618	16.11	29.27	9.52	4.94	13025	10.01	18.85	10.89	4.97	11214	19.34	33.71	9.44	4.99	11983	14.18	26.28	10.7	4.89	10494	27.86	42.66	9.54	4.99															2018-05-12 23:54:00
