03.07.2020	00:00:00	RO_SE_001	3598	21540	84	0	13121	9.63	18.1	15.01	4.97	11449	17.23	30.88	13.79	4.97	12283	12.87	24.09	14.78	4.97	11331	18.41	32.5	13.65	4.99	12465	11.93	22.43	14.73	4.91	10512	27.58	42.42	13.78	4.99															2020-07-03 00:00:00
03.07.2020	00:06:00	RO_SE_001	3598	21541	138	0	13122	9.63	18.09	14.99	4.97	11449	17.23	30.88	13.77	4.97	12282	12.88	24.1	14.74	4.97	11331	18.41	32.5	13.68	5.02	12465	11.93	22.43	14.7	4.91	10512	27.58	42.42	13.76	4.97															2020-07-03 00:06:00
03.07.2020	00:12:00	RO_SE_001	3598	21542	120	0	13122	9.63	18.09	14.98	4.97	11449	17.23	30.88	13.79	4.97	12281	12.88	24.11	14.7	4.97	11332	18.41	32.49	13.66	4.99	12465	11.93	22.43	14.72	4.91	10512	27.58	42.42	13.78	4.97															2020-07-03 00:12:00
03.07.2020	00:18:00	RO_SE_001	3598	21543	120	0	13122	9.63	18.09	14.94	4.97	11449	17.23	30.88	13.76	4.97	12280	12.89	24.12	14.74	4.97	11332	18.41	32.49	13.68	4.99	12464	11.93	22.44	14.69	4.89	10512	27.58	42.42	13.77	4.99															2020-07-03 00:18:00
03.07.2020	00:24:00	RO_SE_001	3598	21544	123	0	13122	9.63	18.09	14.92	4.97	11449	17.23	30.88	13.77	4.97	12280	12.89	24.12	14.73	4.97	11332	18.41	32.49	13.63	4.99	12464	11.93	22.44	14.68	4.91	10512	27.58	42.42	13.77	4.99															2020-07-03 00:24:00
03.07.2020	00:30:00	RO_SE_001	3598	21545	120	0	13120	9.63	18.11	14.91	4.97	11449	17.23	30.88	13.77	4.97	12279	12.89	24.12	14.68	4.97	11332	18.41	32.49	13.6	4.99	12464	11.93	22.44	14.7	4.89	10512	27.58	42.42	13.78	4.99															2020-07-03 00:30:00
03.07.2020	00:36:00	RO_SE_001	3598	21546	138	0	13120	9.63	18.11	14.88	4.97	11449	17.23	30.88	13.75	4.97	12278	12.90	24.13	14.65	4.99	11332	18.41	32.49	13.65	4.99	12463	11.93	22.45	14.66	4.89	10512	27.58	42.42	13.76	4.99															2020-07-03 00:36:00
03.07.2020	00:42:00	RO_SE_001	3598	21547	138	0	13120	9.63	18.11	14.87	4.97	11449	17.23	30.88	13.77	4.97	12277	12.90	24.14	14.63	4.97	11332	18.41	32.49	13.66	4.99	12463	11.93	22.45	14.66	4.89	10512	27.58	42.42	13.73	4.99															2020-07-03 00:42:00
03.07.2020	00:48:00	RO_SE_001	3598	21548	111	0	13120	9.63	18.11	14.86	4.97	11449	17.23	30.88	13.77	4.97	12277	12.90	24.14	14.62	4.97	11333	18.40	32.48	13.63	4.99	12463	11.93	22.45	14.63	4.91	10512	27.58	42.42	13.8	4.97															2020-07-03 00:48:00
03.07.2020	00:54:00	RO_SE_001	3598	21549	132	0	13120	9.63	18.11	14.88	4.97	11449	17.23	30.88	13.77	4.97	12276	12.90	24.15	14.6	4.97	11333	18.40	32.48	13.64	4.99	12462	11.94	22.45	14.63	4.91	10512	27.58	42.42	13.77	4.97															2020-07-03 00:54:00
03.07.2020	01:00:00	RO_SE_001	3598	21550	132	0	13120	9.63	18.11	14.84	4.97	11449	17.23	30.88	13.8	4.97	12276	12.90	24.15	14.56	4.97	11333	18.40	32.48	13.66	5.02	12462	11.94	22.45	14.62	4.89	10512	27.58	42.42	13.8	4.99															2020-07-03 01:00:00
03.07.2020	01:06:00	RO_SE_001	3598	21551	132	0	13120	9.63	18.11	14.8	4.97	11449	17.23	30.88	13.77	4.97	12276	12.90	24.15	14.55	4.97	11333	18.40	32.48	13.66	5.02	12462	11.94	22.45	14.61	4.89	10512	27.58	42.42	13.76	4.97															2020-07-03 01:06:00
03.07.2020	01:12:00	RO_SE_001	3598	21552	132	0	13121	9.63	18.1	14.8	4.97	11449	17.23	30.88	13.8	4.97	12275	12.91	24.15	14.55	4.97	11333	18.40	32.48	13.66	4.99	12462	11.94	22.45	14.56	4.89	10513	27.56	42.4	13.77	4.99															2020-07-03 01:12:00
03.07.2020	01:18:00	RO_SE_001	3598	21553	132	0	13121	9.63	18.1	14.78	4.97	11449	17.23	30.88	13.8	4.97	12274	12.91	24.16	14.55	4.97	11333	18.40	32.48	13.68	4.99	12462	11.94	22.45	14.59	4.91	10513	27.56	42.4	13.74	4.99															2020-07-03 01:18:00
03.07.2020	01:24:00	RO_SE_001	3598	21554	132	0	13121	9.63	18.1	14.73	4.97	11449	17.23	30.88	13.79	4.97	12274	12.91	24.16	14.52	4.97	11333	18.40	32.48	13.66	5.02	12462	11.94	22.45	14.56	4.89	10513	27.56	42.4	13.77	4.99															2020-07-03 01:24:00
03.07.2020	01:30:00	RO_SE_001	3598	21555	132	0	13121	9.63	18.1	14.7	4.97	11449	17.23	30.88	13.77	4.97	12273	12.92	24.17	14.53	4.97	11333	18.40	32.48	13.66	4.99	12461	11.94	22.46	14.55	4.89	10513	27.56	42.4	13.76	4.97															2020-07-03 01:30:00
03.07.2020	01:36:00	RO_SE_001	3595	21556	132	0	13121	9.63	18.1	14.73	4.97	11449	17.23	30.88	13.77	4.97	12272	12.92	24.18	14.5	4.97	11334	18.39	32.47	13.64	5.02	12461	11.94	22.46	14.55	4.89	10513	27.56	42.4	13.77	4.97															2020-07-03 01:36:00
03.07.2020	01:42:00	RO_SE_001	3597	21557	132	0	13121	9.63	18.1	14.69	4.97	11449	17.23	30.88	13.76	4.97	12272	12.92	24.18	14.48	4.97	11334	18.39	32.47	13.67	4.99	12461	11.94	22.46	14.53	4.89	10513	27.56	42.4	13.77	4.97															2020-07-03 01:42:00
03.07.2020	01:54:00	RO_SE_001	3597	21559	132	0	13119	9.64	18.11	14.64	4.97	11449	17.23	30.88	13.77	4.97	12271	12.93	24.19	14.47	4.97	11334	18.39	32.47	13.67	4.99	12460	11.95	22.47	14.48	4.89	10513	27.56	42.4	13.77	4.99															2020-07-03 01:54:00
03.07.2020	02:00:00	RO_SE_001	3597	21560	126	0	13119	9.64	18.11	14.67	4.97	11449	17.23	30.88	13.78	4.97	12270	12.93	24.19	14.41	4.97	11334	18.39	32.47	13.63	4.99	12459	11.95	22.48	14.45	4.89	10513	27.56	42.4	13.74	4.99															2020-07-03 02:00:00
03.07.2020	02:06:00	RO_SE_001	3597	21561	120	0	13119	9.64	18.11	14.62	4.97	11449	17.23	30.88	13.76	4.97	12269	12.94	24.2	14.4	4.97	11334	18.39	32.47	13.63	4.99	12459	11.95	22.48	14.47	4.89	10513	27.56	42.4	13.76	4.97															2020-07-03 02:06:00
03.07.2020	02:12:00	RO_SE_001	3597	21562	120	0	13119	9.64	18.11	14.63	4.97	11449	17.23	30.88	13.77	4.97	12270	12.93	24.19	14.38	4.97	11334	18.39	32.47	13.66	5.02	12459	11.95	22.48	14.48	4.89	10513	27.56	42.4	13.73	4.99															2020-07-03 02:12:00
03.07.2020	02:18:00	RO_SE_001	3596	21563	72	0	13119	9.64	18.11	14.6	4.97	11449	17.23	30.88	13.77	4.97	12269	12.94	24.2	14.39	4.97	11334	18.39	32.47	13.64	4.99	12458	11.96	22.48	14.45	4.91	10514	27.55	42.39	13.75	4.99															2020-07-03 02:18:00
03.07.2020	02:24:00	RO_SE_001	3596	21564	120	0	13119	9.64	18.11	14.59	4.97	11449	17.23	30.88	13.8	4.97	12269	12.94	24.2	14.35	4.97	11335	18.38	32.46	13.66	5.02	12458	11.96	22.48	14.41	4.91	10514	27.55	42.39	13.75	4.99															2020-07-03 02:24:00
03.07.2020	02:30:00	RO_SE_001	3597	21565	105	0	13120	9.63	18.11	14.6	4.97	11449	17.23	30.88	13.76	4.97	12268	12.94	24.21	14.38	4.97	11335	18.38	32.46	13.66	4.99	12458	11.96	22.48	14.42	4.89	10514	27.55	42.39	13.73	4.99															2020-07-03 02:30:00
03.07.2020	02:36:00	RO_SE_001	3597	21566	84	0	13119	9.64	18.11	14.55	4.97	11449	17.23	30.88	13.75	4.97	12268	12.94	24.21	14.34	4.97	11335	18.38	32.46	13.66	4.99	12457	11.96	22.49	14.41	4.91	10514	27.55	42.39	13.74	4.99															2020-07-03 02:36:00
03.07.2020	02:42:00	RO_SE_001	3597	21567	111	0	13120	9.63	18.11	14.53	4.97	11449	17.23	30.88	13.77	4.97	12267	12.95	24.22	14.32	4.97	11335	18.38	32.46	13.65	5.02	12457	11.96	22.49	14.39	4.89	10514	27.55	42.39	13.74	4.99															2020-07-03 02:42:00
03.07.2020	02:48:00	RO_SE_001	3597	21568	114	0	13120	9.63	18.11	14.52	4.97	11449	17.23	30.88	13.76	4.97	12267	12.95	24.22	14.29	4.97	11335	18.38	32.46	13.67	4.99	12456	11.96	22.5	14.39	4.91	10514	27.55	42.39	13.75	4.99															2020-07-03 02:48:00
03.07.2020	02:54:00	RO_SE_001	3597	21569	132	0	13120	9.63	18.11	14.52	4.97	11449	17.23	30.88	13.77	4.97	12266	12.95	24.23	14.26	4.97	11335	18.38	32.46	13.67	4.99	12456	11.96	22.5	14.38	4.89	10514	27.55	42.39	13.75	4.97															2020-07-03 02:54:00
03.07.2020	03:00:00	RO_SE_001	3597	21570	123	0	13120	9.63	18.11	14.5	4.97	11449	17.23	30.88	13.78	4.97	12266	12.95	24.23	14.28	4.97	11335	18.38	32.46	13.65	4.99	12456	11.96	22.5	14.37	4.89	10514	27.55	42.39	13.74	4.99															2020-07-03 03:00:00
03.07.2020	03:06:00	RO_SE_001	3596	21571	108	0	13120	9.63	18.11	14.5	4.97	11449	17.23	30.88	13.76	4.97	12266	12.95	24.23	14.27	4.97	11336	18.37	32.45	13.69	4.99	12455	11.97	22.51	14.36	4.89	10514	27.55	42.39	13.72	4.99															2020-07-03 03:06:00
03.07.2020	03:12:00	RO_SE_001	3597	21572	108	0	13120	9.63	18.11	14.48	4.97	11449	17.23	30.88	13.79	4.97	12266	12.95	24.23	14.24	4.97	11336	18.37	32.45	13.68	5.02	12455	11.97	22.51	14.27	4.89	10514	27.55	42.39	13.73	4.99															2020-07-03 03:12:00
03.07.2020	03:18:00	RO_SE_001	3596	21573	114	0	13117	9.64	18.13	14.48	4.97	11449	17.23	30.88	13.77	4.97	12265	12.96	24.23	14.23	4.97	11336	18.37	32.45	13.63	4.99	12454	11.97	22.51	14.3	4.91	10514	27.55	42.39	13.72	4.99															2020-07-03 03:18:00
03.07.2020	03:24:00	RO_SE_001	3596	21574	78	0	13117	9.64	18.13	14.44	4.97	11449	17.23	30.88	13.75	4.97	12265	12.96	24.23	14.27	4.97	11336	18.37	32.45	13.66	5.02	12455	11.97	22.51	14.3	4.89	10514	27.55	42.39	13.76	4.99															2020-07-03 03:24:00
03.07.2020	03:30:00	RO_SE_001	3597	21575	84	0	13117	9.64	18.13	14.43	4.97	11449	17.23	30.88	13.75	4.97	12264	12.96	24.24	14.21	4.97	11336	18.37	32.45	13.64	4.99	12454	11.97	22.51	14.32	4.89	10514	27.55	42.39	13.76	4.99															2020-07-03 03:30:00
03.07.2020	03:36:00	RO_SE_001	3598	21576	84	0	13117	9.64	18.13	14.41	4.97	11449	17.23	30.88	13.77	4.97	12264	12.96	24.24	14.18	4.97	11336	18.37	32.45	13.66	4.99	12454	11.97	22.51	14.26	4.91	10515	27.53	42.38	13.75	4.97															2020-07-03 03:36:00
03.07.2020	03:42:00	RO_SE_001	3598	21577	72	0	13117	9.64	18.13	14.38	4.97	11449	17.23	30.88	13.74	4.97	12264	12.96	24.24	14.16	4.97	11337	18.37	32.44	13.65	4.99	12454	11.97	22.51	14.25	4.89	10515	27.53	42.38	13.7	4.99															2020-07-03 03:42:00
03.07.2020	03:48:00	RO_SE_001	3598	21578	111	0	13117	9.64	18.13	14.39	4.97	11449	17.23	30.88	13.79	4.97	12263	12.96	24.25	14.16	4.97	11337	18.37	32.44	13.66	4.99	12453	11.98	22.52	14.23	4.89	10515	27.53	42.38	13.77	4.99															2020-07-03 03:48:00
03.07.2020	03:54:00	RO_SE_001	3598	21579	102	0	13118	9.64	18.12	14.38	4.97	11449	17.23	30.88	13.74	4.97	12263	12.96	24.25	14.15	4.97	11337	18.37	32.44	13.65	5.02	12453	11.98	22.52	14.25	4.91	10515	27.53	42.38	13.71	4.99															2020-07-03 03:54:00
03.07.2020	04:00:00	RO_SE_001	3598	21580	111	0	13118	9.64	18.12	14.37	4.97	11450	17.22	30.87	13.76	4.97	12263	12.96	24.25	14.15	4.97	11337	18.37	32.44	13.65	5.02	12452	11.98	22.53	14.24	4.89	10515	27.53	42.38	13.73	4.99															2020-07-03 04:00:00
03.07.2020	04:06:00	RO_SE_001	3597	21581	111	0	13118	9.64	18.12	14.35	4.97	11450	17.22	30.87	13.73	4.97	12263	12.96	24.25	14.15	4.97	11337	18.37	32.44	13.62	4.99	12452	11.98	22.53	14.23	4.91	10515	27.53	42.38	13.74	4.99															2020-07-03 04:06:00
03.07.2020	04:12:00	RO_SE_001	3597	21582	105	0	13118	9.64	18.12	14.31	4.94	11450	17.22	30.87	13.74	4.97	12263	12.96	24.25	14.15	4.97	11337	18.37	32.44	13.67	4.99	12452	11.98	22.53	14.2	4.89	10515	27.53	42.38	13.73	4.99															2020-07-03 04:12:00
03.07.2020	04:18:00	RO_SE_001	3597	21583	105	0	13118	9.64	18.12	14.34	4.97	11450	17.22	30.87	13.75	4.97	12263	12.96	24.25	14.13	4.97	11337	18.37	32.44	13.63	4.99	12451	11.98	22.54	14.22	4.89	10515	27.53	42.38	13.71	4.97															2020-07-03 04:18:00
03.07.2020	04:24:00	RO_SE_001	3596	21584	93	0	13118	9.64	18.12	14.33	4.97	11450	17.22	30.87	13.76	4.97	12263	12.96	24.25	14.13	4.97	11337	18.37	32.44	13.66	4.99	12451	11.98	22.54	14.19	4.91	10515	27.53	42.38	13.7	4.99															2020-07-03 04:24:00
03.07.2020	04:30:00	RO_SE_001	3596	21585	102	0	13118	9.64	18.12	14.29	4.97	11450	17.22	30.87	13.73	4.97	12263	12.96	24.25	14.12	4.97	11337	18.37	32.44	13.62	4.99	12450	11.99	22.54	14.18	4.89	10515	27.53	42.38	13.73	4.99															2020-07-03 04:30:00
03.07.2020	04:36:00	RO_SE_001	3595	21586	111	0	13118	9.64	18.12	14.27	4.97	11450	17.22	30.87	13.75	4.97	12262	12.97	24.26	14.07	4.97	11338	18.36	32.43	13.57	5.02	12450	11.99	22.54	14.16	4.89	10515	27.53	42.38	13.72	4.99															2020-07-03 04:36:00
03.07.2020	04:42:00	RO_SE_001	3597	21587	111	0	13118	9.64	18.12	14.28	4.97	11450	17.22	30.87	13.77	4.97	12263	12.96	24.25	14.07	4.97	11338	18.36	32.43	13.66	4.99	12449	11.99	22.55	14.15	4.91	10516	27.52	42.36	13.68	4.99															2020-07-03 04:42:00
03.07.2020	04:48:00	RO_SE_001	3595	21588	111	0	13118	9.64	18.12	14.26	4.97	11450	17.22	30.87	13.74	4.97	12263	12.96	24.25	14.07	4.97	11338	18.36	32.43	13.63	4.99	12449	11.99	22.55	14.16	4.89	10516	27.52	42.36	13.72	4.97															2020-07-03 04:48:00
03.07.2020	04:54:00	RO_SE_001	3595	21589	78	0	13119	9.64	18.11	14.26	4.97	11450	17.22	30.87	13.73	4.97	12262	12.97	24.26	14.06	4.97	11337	18.37	32.44	13.61	4.99	12449	11.99	22.55	14.13	4.89	10516	27.52	42.36	13.73	4.99															2020-07-03 04:54:00
03.07.2020	05:00:00	RO_SE_001	3596	21590	108	0	13119	9.64	18.11	14.23	4.97	11450	17.22	30.87	13.75	4.97	12262	12.97	24.26	14.05	4.97	11338	18.36	32.43	13.62	5.02	12449	11.99	22.55	14.17	4.89	10515	27.53	42.38	13.7	4.97															2020-07-03 05:00:00
03.07.2020	05:06:00	RO_SE_001	3595	21591	108	0	13117	9.64	18.13	14.24	4.97	11450	17.22	30.87	13.73	4.97	12262	12.97	24.26	14.04	4.97	11338	18.36	32.43	13.65	4.99	12448	12.00	22.56	14.13	4.89	10516	27.52	42.36	13.71	4.97															2020-07-03 05:06:00
03.07.2020	05:12:00	RO_SE_001	3595	21592	78	0	13117	9.64	18.13	14.23	4.97	11450	17.22	30.87	13.74	4.97	12262	12.97	24.26	14.06	4.97	11337	18.37	32.44	13.61	4.99	12448	12.00	22.56	14.14	4.89	10515	27.53	42.38	13.73	4.99															2020-07-03 05:12:00
03.07.2020	05:18:00	RO_SE_001	3595	21593	108	0	13117	9.64	18.13	14.22	4.97	11450	17.22	30.87	13.73	4.97	12261	12.97	24.26	14.02	4.97	11337	18.37	32.44	13.63	5.02	12448	12.00	22.56	14.09	4.89	10516	27.52	42.36	13.72	4.99															2020-07-03 05:18:00
03.07.2020	05:24:00	RO_SE_001	3597	21594	108	0	13116	9.64	18.13	14.2	4.97	11450	17.22	30.87	13.71	4.97	12261	12.97	24.26	13.99	4.97	11337	18.37	32.44	13.6	5.02	12447	12.00	22.57	14.08	4.89	10515	27.53	42.38	13.7	4.99															2020-07-03 05:24:00
03.07.2020	05:30:00	RO_SE_001	3598	21595	78	0	13118	9.64	18.12	14.18	4.97	11450	17.22	30.87	13.7	4.97	12261	12.97	24.26	14.04	4.97	11338	18.36	32.43	13.63	4.99	12448	12.00	22.56	14.07	4.89	10515	27.53	42.38	13.7	4.99															2020-07-03 05:30:00
03.07.2020	05:36:00	RO_SE_001	3597	21596	120	0	13117	9.64	18.13	14.18	4.97	11450	17.22	30.87	13.73	4.97	12261	12.97	24.26	13.99	4.97	11338	18.36	32.43	13.61	4.99	12447	12.00	22.57	14.09	4.89	10515	27.53	42.38	13.69	4.99															2020-07-03 05:36:00
03.07.2020	05:42:00	RO_SE_001	3597	21597	105	0	13117	9.64	18.13	14.15	4.97	11450	17.22	30.87	13.73	4.97	12260	12.98	24.27	13.96	4.97	11337	18.37	32.44	13.63	4.99	12447	12.00	22.57	14.08	4.89	10515	27.53	42.38	13.67	4.97															2020-07-03 05:42:00
03.07.2020	05:48:00	RO_SE_001	3598	21598	105	0	13117	9.64	18.13	14.16	4.97	11450	17.22	30.87	13.73	4.97	12260	12.98	24.27	13.96	4.97	11337	18.37	32.44	13.56	4.99	12447	12.00	22.57	14.07	4.89	10515	27.53	42.38	13.66	4.99															2020-07-03 05:48:00
03.07.2020	05:54:00	RO_SE_001	3597	21599	84	0	13117	9.64	18.13	14.13	4.97	11450	17.22	30.87	13.71	4.97	12260	12.98	24.27	13.95	4.97	11338	18.36	32.43	13.63	4.99	12447	12.00	22.57	14.05	4.89	10516	27.52	42.36	13.69	4.99															2020-07-03 05:54:00
03.07.2020	06:00:00	RO_SE_001	3597	21600	102	0	13116	9.64	18.13	14.13	4.97	11450	17.22	30.87	13.67	4.97	12260	12.98	24.27	13.95	4.97	11337	18.37	32.44	13.62	5.02	12446	12.01	22.57	14.05	4.89	10516	27.52	42.36	13.68	4.99															2020-07-03 06:00:00
03.07.2020	06:06:00	RO_SE_001	3597	21601	102	0	13116	9.64	18.13	14.12	4.97	11450	17.22	30.87	13.7	4.97	12260	12.98	24.27	13.93	4.97	11338	18.36	32.43	13.59	5.02	12446	12.01	22.57	14.05	4.91	10516	27.52	42.36	13.66	4.97															2020-07-03 06:06:00
03.07.2020	06:12:00	RO_SE_001	3596	21602	102	0	13116	9.64	18.13	14.1	4.97	11450	17.22	30.87	13.69	4.97	12260	12.98	24.27	13.95	4.97	11338	18.36	32.43	13.62	5.02	12446	12.01	22.57	14.05	4.91	10516	27.52	42.36	13.66	4.99															2020-07-03 06:12:00
03.07.2020	06:18:00	RO_SE_001	3596	21603	102	0	13116	9.64	18.13	14.13	4.97	11450	17.22	30.87	13.7	4.97	12259	12.98	24.28	13.96	4.97	11338	18.36	32.43	13.6	4.99	12445	12.01	22.58	14.01	4.89	10516	27.52	42.36	13.67	4.99															2020-07-03 06:18:00
03.07.2020	06:24:00	RO_SE_001	3596	21604	102	0	13117	9.64	18.13	14.13	4.97	11450	17.22	30.87	13.7	4.97	12259	12.98	24.28	13.89	4.97	11338	18.36	32.43	13.59	4.99	12445	12.01	22.58	14.0	4.89	10516	27.52	42.36	13.66	4.99															2020-07-03 06:24:00
03.07.2020	06:30:00	RO_SE_001	3596	21605	102	0	13116	9.64	18.13	14.09	4.97	11450	17.22	30.87	13.68	4.97	12259	12.98	24.28	13.88	4.97	11338	18.36	32.43	13.62	5.02	12444	12.01	22.59	14.03	4.89	10516	27.52	42.36	13.66	4.99															2020-07-03 06:30:00
03.07.2020	06:36:00	RO_SE_001	3595	21606	48	0	13117	9.64	18.13	14.09	4.97	11451	17.22	30.86	13.69	4.97	12259	12.98	24.28	13.92	4.97	11338	18.36	32.43	13.61	4.99	12444	12.01	22.59	13.98	4.89	10516	27.52	42.36	13.67	4.99															2020-07-03 06:36:00
03.07.2020	06:42:00	RO_SE_001	3595	21607	48	0	13117	9.64	18.13	14.08	4.97	11450	17.22	30.87	13.67	4.97	12259	12.98	24.28	13.89	4.97	11338	18.36	32.43	13.57	5.02	12444	12.01	22.59	14.0	4.91	10516	27.52	42.36	13.67	4.97															2020-07-03 06:42:00
03.07.2020	06:48:00	RO_SE_001	3594	21608	105	0	13117	9.64	18.13	14.08	4.97	11450	17.22	30.87	13.66	4.97	12259	12.98	24.28	13.88	4.97	11338	18.36	32.43	13.56	4.99	12444	12.01	22.59	13.99	4.91	10516	27.52	42.36	13.64	4.99															2020-07-03 06:48:00
03.07.2020	06:54:00	RO_SE_001	3595	21609	105	0	13117	9.64	18.13	14.09	4.97	11451	17.22	30.86	13.66	4.97	12259	12.98	24.28	13.92	4.97	11338	18.36	32.43	13.59	4.99	12443	12.02	22.6	14.02	4.91	10516	27.52	42.36	13.68	4.97															2020-07-03 06:54:00
03.07.2020	07:00:00	RO_SE_001	3593	21610	87	0	13116	9.64	18.13	14.08	4.97	11451	17.22	30.86	13.7	4.97	12259	12.98	24.28	13.88	4.97	11339	18.35	32.42	13.56	4.99	12443	12.02	22.6	13.97	4.89	10517	27.50	42.35	13.61	4.99															2020-07-03 07:00:00
03.07.2020	07:06:00	RO_SE_001	3594	21611	87	0	13116	9.64	18.13	14.09	4.97	11451	17.22	30.86	13.66	4.97	12259	12.98	24.28	13.89	4.97	11339	18.35	32.42	13.54	5.02	12443	12.02	22.6	13.98	4.89	10517	27.50	42.35	13.64	4.99															2020-07-03 07:06:00
03.07.2020	07:12:00	RO_SE_001	3595	21612	87	0	13117	9.64	18.13	14.06	4.97	11451	17.22	30.86	13.65	4.97	12258	12.99	24.29	13.9	4.97	11339	18.35	32.42	13.58	4.99	12442	12.02	22.6	13.96	4.91	10517	27.50	42.35	13.63	4.99															2020-07-03 07:12:00
03.07.2020	07:18:00	RO_SE_001	3595	21613	87	0	13116	9.64	18.13	14.05	4.97	11450	17.22	30.87	13.66	4.97	12258	12.99	24.29	13.89	4.97	11339	18.35	32.42	13.57	5.02	12442	12.02	22.6	13.96	4.89	10517	27.50	42.35	13.63	4.99															2020-07-03 07:18:00
03.07.2020	07:24:00	RO_SE_001	3595	21614	87	0	13117	9.64	18.13	14.06	4.97	11451	17.22	30.86	13.68	4.97	12258	12.99	24.29	13.89	4.97	11339	18.35	32.42	13.59	5.02	12442	12.02	22.6	13.96	4.89	10517	27.50	42.35	13.65	4.99															2020-07-03 07:24:00
03.07.2020	07:30:00	RO_SE_001	3592	21615	120	0	13118	9.64	18.12	14.03	4.97	11451	17.22	30.86	13.65	4.97	12258	12.99	24.29	13.87	4.97	11339	18.35	32.42	13.59	4.99	12441	12.03	22.61	13.95	4.91	10517	27.50	42.35	13.64	4.99															2020-07-03 07:30:00
03.07.2020	07:36:00	RO_SE_001	3593	21616	120	0	13117	9.64	18.13	14.04	4.97	11451	17.22	30.86	13.65	4.97	12258	12.99	24.29	13.9	4.97	11339	18.35	32.42	13.59	4.99	12441	12.03	22.61	13.92	4.89	10517	27.50	42.35	13.65	4.99															2020-07-03 07:36:00
03.07.2020	07:42:00	RO_SE_001	3595	21617	120	0	13115	9.65	18.14	14.05	4.97	11451	17.22	30.86	13.64	4.97	12258	12.99	24.29	13.89	4.97	11339	18.35	32.42	13.55	4.99	12441	12.03	22.61	13.95	4.89	10517	27.50	42.35	13.64	4.99															2020-07-03 07:42:00
03.07.2020	07:48:00	RO_SE_001	3595	21618	120	0	13115	9.65	18.14	14.03	4.97	11451	17.22	30.86	13.66	4.97	12258	12.99	24.29	13.92	4.97	11339	18.35	32.42	13.55	5.02	12441	12.03	22.61	13.95	4.89	10517	27.50	42.35	13.59	4.97															2020-07-03 07:48:00
03.07.2020	07:54:00	RO_SE_001	3594	21619	108	0	13116	9.64	18.13	14.05	4.97	11452	17.21	30.85	13.66	4.97	12258	12.99	24.29	13.92	4.97	11339	18.35	32.42	13.56	4.99	12441	12.03	22.61	13.93	4.89	10517	27.50	42.35	13.62	4.97															2020-07-03 07:54:00
03.07.2020	08:00:00	RO_SE_001	3595	21620	108	0	13116	9.64	18.13	14.04	4.97	11452	17.21	30.85	13.66	4.97	12258	12.99	24.29	13.91	4.97	11339	18.35	32.42	13.53	4.99	12440	12.03	22.62	13.93	4.91	10517	27.50	42.35	13.59	4.99															2020-07-03 08:00:00
03.07.2020	08:06:00	RO_SE_001	3595	21621	72	0	13116	9.64	18.13	14.08	4.97	11452	17.21	30.85	13.64	4.97	12258	12.99	24.29	13.94	4.97	11340	18.34	32.41	13.58	5.02	12440	12.03	22.62	13.95	4.89	10517	27.50	42.35	13.63	4.99															2020-07-03 08:06:00
03.07.2020	08:12:00	RO_SE_001	3595	21622	72	0	13116	9.64	18.13	14.04	4.97	11452	17.21	30.85	13.63	4.97	12258	12.99	24.29	13.89	4.97	11340	18.34	32.41	13.59	4.99	12440	12.03	22.62	13.95	4.91	10518	27.49	42.34	13.63	4.99															2020-07-03 08:12:00
03.07.2020	08:18:00	RO_SE_001	3594	21623	66	0	13116	9.64	18.13	14.05	4.97	11452	17.21	30.85	13.64	4.97	12258	12.99	24.29	13.97	4.97	11340	18.34	32.41	13.55	5.02	12441	12.03	22.61	13.95	4.89	10518	27.49	42.34	13.62	4.99															2020-07-03 08:18:00
03.07.2020	08:24:00	RO_SE_001	3595	21624	69	0	13117	9.64	18.13	14.06	4.97	11453	17.20	30.84	13.66	4.97	12258	12.99	24.29	13.96	4.97	11340	18.34	32.41	13.57	5.02	12440	12.03	22.62	13.95	4.89	10518	27.49	42.34	13.61	4.97															2020-07-03 08:24:00
03.07.2020	08:30:00	RO_SE_001	3595	21625	66	0	13117	9.64	18.13	14.08	4.97	11453	17.20	30.84	13.63	4.97	12258	12.99	24.29	14.0	4.97	11340	18.34	32.41	13.55	4.99	12440	12.03	22.62	13.96	4.89	10518	27.49	42.34	13.63	4.97															2020-07-03 08:30:00
03.07.2020	08:36:00	RO_SE_001	3595	21626	66	0	13117	9.64	18.13	14.09	4.97	11453	17.20	30.84	13.63	4.97	12259	12.98	24.28	13.98	4.97	11340	18.34	32.41	13.56	4.99	12440	12.03	22.62	13.94	4.89	10518	27.49	42.34	13.59	4.99															2020-07-03 08:36:00
03.07.2020	08:42:00	RO_SE_001	3595	21627	60	0	13117	9.64	18.13	14.08	4.97	11453	17.20	30.84	13.62	4.97	12259	12.98	24.28	13.97	4.97	11340	18.34	32.41	13.54	5.02	12440	12.03	22.62	13.95	4.91	10518	27.49	42.34	13.62	4.99															2020-07-03 08:42:00
03.07.2020	08:48:00	RO_SE_001	3596	21628	60	0	13117	9.64	18.13	14.12	4.97	11454	17.20	30.83	13.6	4.97	12259	12.98	24.28	13.98	4.97	11340	18.34	32.41	13.57	4.99	12440	12.03	22.62	13.94	4.91	10518	27.49	42.34	13.61	4.97															2020-07-03 08:48:00
03.07.2020	08:54:00	RO_SE_001	3596	21629	66	0	13118	9.64	18.12	14.11	4.97	11454	17.20	30.83	13.57	4.97	12260	12.98	24.27	14.0	4.97	11340	18.34	32.41	13.56	4.99	12440	12.03	22.62	13.94	4.89	10518	27.49	42.34	13.59	4.99															2020-07-03 08:54:00
03.07.2020	09:00:00	RO_SE_001	3556	21630	66	0	13118	9.64	18.12	14.12	4.97	11455	17.19	30.82	13.63	4.97	12260	12.98	24.27	13.98	4.97	11341	18.34	32.4	13.52	5.02	12440	12.03	22.62	13.97	4.89	10518	27.49	42.34	13.6	4.97															2020-07-03 09:00:00
03.07.2020	09:06:00	RO_SE_001	3594	21631	66	0	13117	9.64	18.13	14.13	4.97	11455	17.19	30.82	13.57	4.97	12260	12.98	24.27	14.0	4.97	11341	18.34	32.4	13.53	4.99	12440	12.03	22.62	13.95	4.89	10518	27.49	42.34	13.62	4.99															2020-07-03 09:06:00
03.07.2020	09:12:00	RO_SE_001	3594	21632	60	0	13118	9.64	18.12	14.11	4.97	11454	17.20	30.83	13.61	4.97	12260	12.98	24.27	14.01	4.97	11341	18.34	32.4	13.55	4.99	12440	12.03	22.62	13.97	4.89	10518	27.49	42.34	13.55	4.99															2020-07-03 09:12:00
03.07.2020	09:18:00	RO_SE_001	3596	21633	72	0	13118	9.64	18.12	14.13	4.97	11454	17.20	30.83	13.6	4.97	12261	12.97	24.26	14.03	4.97	11341	18.34	32.4	13.55	4.99	12440	12.03	22.62	13.98	4.89	10518	27.49	42.34	13.56	4.99															2020-07-03 09:18:00
03.07.2020	09:24:00	RO_SE_001	3597	21634	57	0	13119	9.64	18.11	14.14	4.97	11455	17.19	30.82	13.59	4.97	12261	12.97	24.26	14.04	4.97	11341	18.34	32.4	13.51	4.99	12440	12.03	22.62	13.98	4.89	10519	27.47	42.32	13.55	4.99															2020-07-03 09:24:00
03.07.2020	09:30:00	RO_SE_001	3597	21635	60	0	13119	9.64	18.11	14.19	4.97	11456	17.18	30.82	13.63	4.97	12262	12.97	24.26	14.02	4.97	11342	18.33	32.39	13.52	5.02	12440	12.03	22.62	13.98	4.89	10519	27.47	42.32	13.58	4.99															2020-07-03 09:30:00
03.07.2020	09:36:00	RO_SE_001	3593	21636	57	0	13119	9.64	18.11	14.16	4.97	11456	17.18	30.82	13.6	4.97	12262	12.97	24.26	14.02	4.97	11342	18.33	32.39	13.53	4.99	12440	12.03	22.62	13.99	4.89	10519	27.47	42.32	13.57	4.99															2020-07-03 09:36:00
03.07.2020	09:42:00	RO_SE_001	3594	21637	63	0	13120	9.63	18.11	14.16	4.97	11456	17.18	30.82	13.59	4.97	12263	12.96	24.25	14.06	4.97	11341	18.34	32.4	13.52	4.99	12439	12.03	22.63	14.02	4.91	10519	27.47	42.32	13.58	4.97															2020-07-03 09:42:00
03.07.2020	09:48:00	RO_SE_001	3595	21638	63	0	13120	9.63	18.11	14.16	4.97	11458	17.17	30.8	13.58	4.97	12262	12.97	24.26	14.05	4.97	11342	18.33	32.39	13.47	4.99	12439	12.03	22.63	14.01	4.89	10519	27.47	42.32	13.58	4.99															2020-07-03 09:48:00
03.07.2020	09:54:00	RO_SE_001	3595	21639	54	0	13121	9.63	18.1	14.17	4.97	11459	17.16	30.79	13.59	4.97	12263	12.96	24.25	14.11	4.97	11342	18.33	32.39	13.5	4.99	12440	12.03	22.62	13.98	4.89	10519	27.47	42.32	13.55	4.97															2020-07-03 09:54:00
03.07.2020	10:00:00	RO_SE_001	3595	21640	54	0	13122	9.63	18.09	14.19	4.97	11459	17.16	30.79	13.6	4.97	12263	12.96	24.25	14.09	4.97	11342	18.33	32.39	13.52	4.99	12441	12.03	22.61	13.99	4.89	10519	27.47	42.32	13.55	4.99															2020-07-03 10:00:00
03.07.2020	10:06:00	RO_SE_001	3595	21641	60	0	13122	9.63	18.09	14.24	4.97	11460	17.15	30.78	13.61	4.97	12264	12.96	24.24	14.09	4.97	11342	18.33	32.39	13.54	4.99	12440	12.03	22.62	14.01	4.89	10519	27.47	42.32	13.52	4.99															2020-07-03 10:06:00
03.07.2020	10:12:00	RO_SE_001	3596	21642	72	0	13123	9.62	18.09	14.23	4.97	11460	17.15	30.78	13.56	4.97	12264	12.96	24.24	14.12	4.97	11343	18.32	32.38	13.51	4.99	12441	12.03	22.61	14.02	4.89	10519	27.47	42.32	13.55	4.99															2020-07-03 10:12:00
03.07.2020	10:18:00	RO_SE_001	3596	21643	57	0	13123	9.62	18.09	14.23	4.97	11461	17.15	30.77	13.55	4.97	12265	12.96	24.23	14.11	4.97	11343	18.32	32.38	13.52	5.02	12441	12.03	22.61	14.02	4.89	10519	27.47	42.32	13.57	4.99															2020-07-03 10:18:00
03.07.2020	10:24:00	RO_SE_001	3597	21644	66	0	13124	9.62	18.08	14.26	4.97	11461	17.15	30.77	13.56	4.97	12265	12.96	24.23	14.11	4.97	11343	18.32	32.38	13.48	5.02	12440	12.03	22.62	14.04	4.89	10519	27.47	42.32	13.55	4.99															2020-07-03 10:24:00
03.07.2020	10:30:00	RO_SE_001	3596	21645	48	0	13124	9.62	18.08	14.21	4.97	11461	17.15	30.77	13.55	4.97	12266	12.95	24.23	14.13	4.97	11343	18.32	32.38	13.52	4.99	12440	12.03	22.62	14.05	4.91	10519	27.47	42.32	13.53	4.99															2020-07-03 10:30:00
03.07.2020	10:36:00	RO_SE_001	3596	21646	60	0	13124	9.62	18.08	14.27	4.97	11461	17.15	30.77	13.58	4.97	12267	12.95	24.22	14.16	4.97	11343	18.32	32.38	13.51	4.99	12441	12.03	22.61	14.06	4.89	10520	27.46	42.31	13.57	4.97															2020-07-03 10:36:00
03.07.2020	10:42:00	RO_SE_001	3596	21647	66	0	13124	9.62	18.08	14.25	4.97	11462	17.14	30.76	13.56	4.97	12267	12.95	24.22	14.18	4.97	11343	18.32	32.38	13.51	4.99	12441	12.03	22.61	14.03	4.89	10520	27.46	42.31	13.53	4.99															2020-07-03 10:42:00
03.07.2020	10:48:00	RO_SE_001	3596	21648	63	0	13125	9.62	18.08	14.27	4.97	11462	17.14	30.76	13.56	4.97	12268	12.94	24.21	14.2	4.97	11344	18.31	32.37	13.51	4.99	12441	12.03	22.61	14.06	4.89	10520	27.46	42.31	13.52	4.99															2020-07-03 10:48:00
03.07.2020	10:54:00	RO_SE_001	3596	21649	66	0	13125	9.62	18.08	14.27	4.97	11463	17.13	30.75	13.56	4.97	12268	12.94	24.21	14.21	4.97	11344	18.31	32.37	13.51	5.02	12442	12.02	22.6	14.05	4.91	10520	27.46	42.31	13.53	4.99															2020-07-03 10:54:00
03.07.2020	11:00:00	RO_SE_001	3596	21650	72	0	13125	9.62	18.08	14.29	4.97	11464	17.13	30.74	13.57	4.97	12269	12.94	24.2	14.23	4.97	11344	18.31	32.37	13.49	4.99	12443	12.02	22.6	14.09	4.91	10520	27.46	42.31	13.53	4.99															2020-07-03 11:00:00
03.07.2020	11:06:00	RO_SE_001	3596	21651	72	0	13127	9.61	18.06	14.27	4.97	11465	17.12	30.73	13.56	4.97	12270	12.93	24.19	14.24	4.97	11344	18.31	32.37	13.5	4.99	12443	12.02	22.6	14.09	4.89	10520	27.46	42.31	13.56	4.97															2020-07-03 11:06:00
03.07.2020	11:12:00	RO_SE_001	3597	21652	69	0	13128	9.61	18.06	14.3	4.97	11465	17.12	30.73	13.54	4.97	12270	12.93	24.19	14.23	4.97	11344	18.31	32.37	13.5	4.99	12444	12.01	22.59	14.11	4.91	10520	27.46	42.31	13.52	4.99															2020-07-03 11:12:00
03.07.2020	11:18:00	RO_SE_001	3597	21653	75	0	13129	9.60	18.05	14.3	4.97	11466	17.11	30.72	13.54	4.97	12270	12.93	24.19	14.24	4.97	11345	18.31	32.36	13.45	5.02	12444	12.01	22.59	14.12	4.89	10520	27.46	42.31	13.54	4.97															2020-07-03 11:18:00
03.07.2020	11:24:00	RO_SE_001	3597	21654	63	0	13129	9.60	18.05	14.31	4.97	11468	17.10	30.7	13.59	4.97	12271	12.93	24.19	14.27	4.97	11345	18.31	32.36	13.49	4.99	12444	12.01	22.59	14.11	4.89	10520	27.46	42.31	13.54	4.97															2020-07-03 11:24:00
03.07.2020	11:30:00	RO_SE_001	3597	21655	66	0	13130	9.60	18.04	14.36	4.97	11467	17.11	30.71	13.56	4.97	12272	12.92	24.18	14.26	4.97	11345	18.31	32.36	13.45	4.99	12445	12.01	22.58	14.16	4.91	10520	27.46	42.31	13.54	4.99															2020-07-03 11:30:00
03.07.2020	11:36:00	RO_SE_001	3596	21656	66	0	13130	9.60	18.04	14.37	4.97	11468	17.10	30.7	13.52	4.97	12273	12.92	24.17	14.32	4.97	11345	18.31	32.36	13.5	5.02	12445	12.01	22.58	14.16	4.89	10520	27.46	42.31	13.5	4.97															2020-07-03 11:36:00
03.07.2020	11:42:00	RO_SE_001	3596	21657	66	0	13131	9.60	18.04	14.38	4.97	11468	17.10	30.7	13.55	4.97	12273	12.92	24.17	14.27	4.97	11344	18.31	32.37	13.52	5.02	12446	12.01	22.57	14.16	4.91	10521	27.44	42.3	13.53	4.99															2020-07-03 11:42:00
03.07.2020	11:48:00	RO_SE_001	3596	21658	66	0	13131	9.60	18.04	14.37	4.97	11468	17.10	30.7	13.55	4.97	12274	12.91	24.16	14.31	4.97	11345	18.31	32.36	13.48	5.02	12446	12.01	22.57	14.14	4.91	10521	27.44	42.3	13.54	4.99															2020-07-03 11:48:00
03.07.2020	11:54:00	RO_SE_001	3596	21659	66	0	13132	9.59	18.03	14.39	4.97	11469	17.09	30.69	13.55	4.97	12275	12.91	24.15	14.34	4.99	11345	18.31	32.36	13.48	4.99	12447	12.00	22.57	14.16	4.89	10521	27.44	42.3	13.49	4.99															2020-07-03 11:54:00
03.07.2020	12:00:00	RO_SE_001	3596	21660	72	0	13132	9.59	18.03	14.4	4.97	11469	17.09	30.69	13.54	4.97	12275	12.91	24.15	14.34	4.97	11345	18.31	32.36	13.47	5.02	12447	12.00	22.57	14.16	4.89	10521	27.44	42.3	13.52	4.99															2020-07-03 12:00:00
03.07.2020	12:06:00	RO_SE_001	3595	21661	63	0	13133	9.59	18.03	14.41	4.97	11470	17.09	30.68	13.52	4.97	12276	12.90	24.15	14.31	4.99	11345	18.31	32.36	13.46	5.02	12447	12.00	22.57	14.17	4.89	10521	27.44	42.3	13.48	4.99															2020-07-03 12:06:00
03.07.2020	12:12:00	RO_SE_001	3595	21662	66	0	13134	9.59	18.02	14.42	4.97	11470	17.09	30.68	13.54	4.97	12277	12.90	24.14	14.37	4.97	11346	18.30	32.35	13.49	5.02	12448	12.00	22.56	14.19	4.89	10521	27.44	42.3	13.54	4.99															2020-07-03 12:12:00
03.07.2020	12:18:00	RO_SE_001	3596	21663	69	0	13134	9.59	18.02	14.43	4.97	11472	17.07	30.66	13.51	4.97	12277	12.90	24.14	14.34	4.97	11346	18.30	32.35	13.47	4.99	12447	12.00	22.57	14.19	4.89	10521	27.44	42.3	13.5	4.99															2020-07-03 12:18:00
03.07.2020	12:24:00	RO_SE_001	3596	21664	57	0	13135	9.58	18.01	14.44	4.97	11473	17.06	30.65	13.54	4.97	12278	12.90	24.13	14.36	4.99	11346	18.30	32.35	13.46	4.99	12448	12.00	22.56	14.21	4.91	10521	27.44	42.3	13.47	4.99															2020-07-03 12:24:00
03.07.2020	12:30:00	RO_SE_001	3597	21665	57	0	13136	9.58	18.01	14.47	4.97	11473	17.06	30.65	13.51	4.97	12278	12.90	24.13	14.36	4.97	11346	18.30	32.35	13.45	4.99	12448	12.00	22.56	14.24	4.91	10521	27.44	42.3	13.53	4.99															2020-07-03 12:30:00
03.07.2020	12:36:00	RO_SE_001	3593	21666	57	0	13137	9.58	18.0	14.49	4.97	11473	17.06	30.65	13.56	4.97	12279	12.89	24.12	14.4	4.97	11347	18.29	32.34	13.46	4.99	12449	11.99	22.55	14.24	4.91	10521	27.44	42.3	13.52	4.97															2020-07-03 12:36:00
03.07.2020	12:42:00	RO_SE_001	3591	21667	69	0	13137	9.58	18.0	14.47	4.97	11474	17.06	30.64	13.55	4.97	12280	12.89	24.12	14.41	4.97	11347	18.29	32.34	13.47	4.99	12449	11.99	22.55	14.2	4.89	10521	27.44	42.3	13.49	4.99															2020-07-03 12:42:00
03.07.2020	12:48:00	RO_SE_001	3594	21668	66	0	13138	9.58	18.0	14.48	4.97	11476	17.04	30.62	13.52	4.97	12281	12.88	24.11	14.38	4.97	11347	18.29	32.34	13.45	5.02	12450	11.99	22.54	14.21	4.91	10522	27.42	42.28	13.52	4.97															2020-07-03 12:48:00
03.07.2020	12:54:00	RO_SE_001	3595	21669	72	0	13138	9.58	18.0	14.54	4.97	11475	17.05	30.63	13.52	4.97	12282	12.88	24.1	14.42	4.97	11348	18.28	32.33	13.47	4.99	12450	11.99	22.54	14.25	4.89	10522	27.42	42.28	13.5	4.97															2020-07-03 12:54:00
03.07.2020	13:00:00	RO_SE_001	3596	21670	57	0	13139	9.57	17.99	14.55	4.97	11476	17.04	30.62	13.52	4.97	12283	12.87	24.09	14.42	4.97	11348	18.28	32.33	13.45	4.99	12451	11.98	22.54	14.21	4.89	10522	27.42	42.28	13.49	4.99															2020-07-03 13:00:00
03.07.2020	13:06:00	RO_SE_001	3597	21671	66	0	13140	9.57	17.98	14.6	4.97	11477	17.04	30.61	13.52	4.97	12283	12.87	24.09	14.44	4.97	11348	18.28	32.33	13.46	5.02	12452	11.98	22.53	14.26	4.89	10522	27.42	42.28	13.48	4.99															2020-07-03 13:06:00
03.07.2020	13:12:00	RO_SE_001	3597	21672	48	0	13140	9.57	17.98	14.62	4.97	11477	17.04	30.61	13.53	4.97	12284	12.87	24.08	14.44	4.97	11348	18.28	32.33	13.44	4.99	12452	11.98	22.53	14.27	4.89	10522	27.42	42.28	13.5	4.99															2020-07-03 13:12:00
03.07.2020	13:18:00	RO_SE_001	3597	21673	66	0	13141	9.57	17.98	14.66	4.97	11477	17.04	30.61	13.55	4.97	12285	12.86	24.08	14.45	4.97	11348	18.28	32.33	13.47	4.99	12453	11.98	22.52	14.26	4.91	10522	27.42	42.28	13.49	4.99															2020-07-03 13:18:00
03.07.2020	13:24:00	RO_SE_001	3597	21674	66	0	13142	9.56	17.97	14.6	4.97	11479	17.02	30.59	13.52	4.97	12286	12.86	24.07	14.46	4.97	11349	18.28	32.32	13.48	5.02	12453	11.98	22.52	14.28	4.91	10522	27.42	42.28	13.48	4.99															2020-07-03 13:24:00
03.07.2020	13:30:00	RO_SE_001	3597	21675	48	0	13142	9.56	17.97	14.66	4.97	11479	17.02	30.59	13.52	4.97	12287	12.85	24.06	14.49	4.97	11349	18.28	32.32	13.45	4.99	12454	11.97	22.51	14.27	4.89	10522	27.42	42.28	13.52	4.97															2020-07-03 13:30:00
03.07.2020	13:36:00	RO_SE_001	3597	21676	48	0	13143	9.56	17.96	14.66	4.97	11476	17.04	30.62	13.53	4.97	12288	12.85	24.05	14.51	4.97	11349	18.28	32.32	13.44	4.99	12454	11.97	22.51	14.32	4.89	10522	27.42	42.28	13.5	4.99															2020-07-03 13:36:00
03.07.2020	13:42:00	RO_SE_001	3597	21677	54	0	13144	9.56	17.96	14.67	4.97	11480	17.02	30.58	13.52	4.97	12289	12.85	24.05	14.52	4.97	11350	18.27	32.31	13.45	5.02	12455	11.97	22.51	14.28	4.89	10522	27.42	42.28	13.49	4.99															2020-07-03 13:42:00
03.07.2020	13:48:00	RO_SE_001	3558	21678	63	0	13144	9.56	17.96	14.7	4.97	11482	17.00	30.56	13.51	4.97	12290	12.84	24.04	14.52	4.97	11350	18.27	32.31	13.45	4.99	12454	11.97	22.51	14.34	4.89	10522	27.42	42.28	13.51	4.97															2020-07-03 13:48:00
03.07.2020	13:54:00	RO_SE_001	3596	21679	60	0	13144	9.56	17.96	14.71	4.97	11482	17.00	30.56	13.52	4.97	12296	12.81	23.99	14.58	4.97	11350	18.27	32.31	13.43	5.02	12455	11.97	22.51	14.36	4.89	10522	27.42	42.28	13.53	4.99															2020-07-03 13:54:00
03.07.2020	14:00:00	RO_SE_001	3597	21680	69	0	13145	9.55	17.95	14.73	4.97	11483	17.00	30.55	13.48	4.97	12296	12.81	23.99	14.58	4.97	11351	18.26	32.3	13.44	4.99	12456	11.96	22.5	14.35	4.89	10523	27.41	42.27	13.51	4.99															2020-07-03 14:00:00
03.07.2020	14:06:00	RO_SE_001	3598	21681	72	0	13146	9.55	17.95	14.73	4.97	11482	17.00	30.56	13.49	4.97	12296	12.81	23.99	14.57	4.97	11351	18.26	32.3	13.45	5.02	12456	11.96	22.5	14.36	4.89	10523	27.41	42.27	13.49	4.99															2020-07-03 14:06:00
03.07.2020	14:12:00	RO_SE_001	3597	21682	66	0	13146	9.55	17.95	14.74	4.97	11483	17.00	30.55	13.53	4.97	12296	12.81	23.99	14.59	4.97	11351	18.26	32.3	13.43	5.02	12457	11.96	22.49	14.37	4.91	10523	27.41	42.27	13.48	4.99															2020-07-03 14:12:00
03.07.2020	14:18:00	RO_SE_001	3598	21683	57	0	13147	9.55	17.94	14.74	4.97	11484	16.99	30.54	13.49	4.97	12296	12.81	23.99	14.59	4.97	11351	18.26	32.3	13.41	5.02	12457	11.96	22.49	14.38	4.89	10522	27.42	42.28	13.5	4.99															2020-07-03 14:18:00
03.07.2020	14:24:00	RO_SE_001	3597	21684	57	0	13148	9.54	17.93	14.75	4.97	11485	16.98	30.53	13.51	4.97	12296	12.81	23.99	14.6	4.97	11352	18.25	32.29	13.45	4.99	12458	11.96	22.48	14.38	4.91	10522	27.42	42.28	13.49	4.99															2020-07-03 14:24:00
03.07.2020	14:30:00	RO_SE_001	3597	21685	60	0	13149	9.54	17.93	14.78	4.97	11484	16.99	30.54	13.5	4.97	12297	12.81	23.98	14.59	4.99	11352	18.25	32.29	13.43	4.99	12458	11.96	22.48	14.37	4.89	10522	27.42	42.28	13.5	4.99															2020-07-03 14:30:00
03.07.2020	14:36:00	RO_SE_001	3595	21686	57	0	13150	9.54	17.92	14.81	4.97	11486	16.98	30.52	13.54	4.97	12297	12.81	23.98	14.67	4.97	11352	18.25	32.29	13.46	5.02	12459	11.95	22.48	14.41	4.89	10522	27.42	42.28	13.52	4.99															2020-07-03 14:36:00
03.07.2020	14:42:00	RO_SE_001	3596	21687	60	0	13151	9.54	17.91	14.77	4.97	11487	16.97	30.51	13.51	4.97	12297	12.81	23.98	14.67	4.97	11352	18.25	32.29	13.41	5.02	12460	11.95	22.47	14.43	4.91	10523	27.41	42.27	13.46	4.99															2020-07-03 14:42:00
03.07.2020	14:48:00	RO_SE_001	3597	21688	60	0	13151	9.54	17.91	14.8	4.97	11487	16.97	30.51	13.5	4.97	12299	12.80	23.97	14.63	4.97	11352	18.25	32.29	13.45	5.02	12460	11.95	22.47	14.39	4.89	10522	27.42	42.28	13.5	4.97															2020-07-03 14:48:00
03.07.2020	14:54:00	RO_SE_001	3597	21689	60	0	13152	9.53	17.91	14.8	4.97	11488	16.96	30.5	13.5	4.97	12300	12.80	23.96	14.64	4.97	11352	18.25	32.29	13.45	5.02	12461	11.94	22.46	14.43	4.89	10522	27.42	42.28	13.52	4.97															2020-07-03 14:54:00
03.07.2020	15:00:00	RO_SE_001	3596	21690	57	0	13152	9.53	17.91	14.82	4.97	11488	16.96	30.5	13.52	4.97	12300	12.80	23.96	14.66	4.97	11352	18.25	32.29	13.43	4.99	12461	11.94	22.46	14.44	4.91	10523	27.41	42.27	13.52	4.99															2020-07-03 15:00:00
03.07.2020	15:06:00	RO_SE_001	3595	21691	72	0	13152	9.53	17.91	14.85	4.97	11489	16.96	30.49	13.5	4.97	12301	12.79	23.95	14.66	4.97	11353	18.25	32.28	13.41	4.99	12461	11.94	22.46	14.41	4.89	10523	27.41	42.27	13.52	4.99															2020-07-03 15:06:00
03.07.2020	15:12:00	RO_SE_001	3596	21692	57	0	13152	9.53	17.91	14.85	4.97	11489	16.96	30.49	13.5	4.97	12302	12.79	23.94	14.68	4.97	11353	18.25	32.28	13.44	4.99	12461	11.94	22.46	14.44	4.91	10523	27.41	42.27	13.46	4.99															2020-07-03 15:12:00
03.07.2020	15:18:00	RO_SE_001	3597	21693	48	0	13153	9.53	17.9	14.83	4.97	11489	16.96	30.49	13.5	4.97	12303	12.78	23.94	14.72	4.97	11353	18.25	32.28	13.43	4.99	12461	11.94	22.46	14.44	4.89	10523	27.41	42.27	13.47	4.99															2020-07-03 15:18:00
03.07.2020	15:24:00	RO_SE_001	3596	21694	51	0	13153	9.53	17.9	14.87	4.97	11489	16.96	30.49	13.5	4.97	12304	12.78	23.93	14.7	4.97	11354	18.24	32.27	13.44	4.99	12462	11.94	22.45	14.47	4.89	10523	27.41	42.27	13.47	4.97															2020-07-03 15:24:00
03.07.2020	15:30:00	RO_SE_001	3597	21695	78	0	13154	9.53	17.9	14.88	4.97	11489	16.96	30.49	13.54	4.97	12305	12.77	23.92	14.71	4.97	11354	18.24	32.27	13.41	4.99	12462	11.94	22.45	14.45	4.89	10523	27.41	42.27	13.48	4.99															2020-07-03 15:30:00
03.07.2020	15:36:00	RO_SE_001	3597	21696	57	0	13155	9.52	17.89	14.88	4.97	11490	16.95	30.48	13.52	4.97	12305	12.77	23.92	14.71	4.97	11354	18.24	32.27	13.43	4.99	12463	11.93	22.45	14.45	4.89	10523	27.41	42.27	13.47	4.99															2020-07-03 15:36:00
03.07.2020	15:42:00	RO_SE_001	3597	21697	63	0	13156	9.52	17.88	14.85	4.97	11491	16.94	30.47	13.48	4.97	12306	12.77	23.91	14.72	4.97	11354	18.24	32.27	13.46	4.99	12464	11.93	22.44	14.48	4.89	10523	27.41	42.27	13.52	4.99															2020-07-03 15:42:00
03.07.2020	15:48:00	RO_SE_001	3598	21698	72	0	13156	9.52	17.88	14.88	4.97	11491	16.94	30.47	13.48	4.97	12307	12.76	23.91	14.76	4.97	11355	18.23	32.26	13.42	4.99	12464	11.93	22.44	14.48	4.91	10523	27.41	42.27	13.49	4.99															2020-07-03 15:48:00
03.07.2020	15:54:00	RO_SE_001	3598	21699	66	0	13156	9.52	17.88	14.85	4.97	11492	16.94	30.46	13.52	4.97	12308	12.76	23.9	14.74	4.97	11355	18.23	32.26	13.45	4.99	12464	11.93	22.44	14.48	4.91	10523	27.41	42.27	13.48	4.99															2020-07-03 15:54:00
03.07.2020	16:00:00	RO_SE_001	3597	21700	54	0	13157	9.52	17.88	14.88	4.97	11492	16.94	30.46	13.49	4.97	12309	12.76	23.89	14.76	4.97	11355	18.23	32.26	13.4	5.02	12465	11.93	22.43	14.52	4.91	10523	27.41	42.27	13.47	4.99															2020-07-03 16:00:00
03.07.2020	16:06:00	RO_SE_001	3598	21701	66	0	13158	9.51	17.87	14.9	4.97	11492	16.94	30.46	13.52	4.97	12310	12.75	23.88	14.76	4.97	11355	18.23	32.26	13.42	4.99	12465	11.93	22.43	14.51	4.89	10524	27.39	42.26	13.47	4.99															2020-07-03 16:06:00
03.07.2020	16:12:00	RO_SE_001	3598	21702	54	0	13157	9.52	17.88	14.91	4.97	11493	16.93	30.46	13.51	4.97	12311	12.75	23.87	14.78	4.97	11356	18.22	32.25	13.42	4.99	12466	11.92	22.42	14.55	4.91	10524	27.39	42.26	13.49	4.99															2020-07-03 16:12:00
03.07.2020	16:18:00	RO_SE_001	3598	21703	54	0	13158	9.51	17.87	14.9	4.97	11493	16.93	30.46	13.52	4.97	12312	12.74	23.87	14.76	4.97	11356	18.22	32.25	13.45	4.99	12466	11.92	22.42	14.53	4.91	10524	27.39	42.26	13.5	4.97															2020-07-03 16:18:00
03.07.2020	16:24:00	RO_SE_001	3598	21704	60	0	13159	9.51	17.87	14.89	4.97	11494	16.92	30.45	13.52	4.97	12313	12.74	23.86	14.77	4.97	11356	18.22	32.25	13.45	4.99	12467	11.92	22.42	14.52	4.89	10524	27.39	42.26	13.49	4.97															2020-07-03 16:24:00
03.07.2020	16:30:00	RO_SE_001	3598	21705	63	0	13159	9.51	17.87	14.92	4.97	11495	16.91	30.44	13.51	4.97	12313	12.74	23.86	14.77	4.97	11356	18.22	32.25	13.42	5.02	12467	11.92	22.42	14.55	4.89	10524	27.39	42.26	13.49	4.99															2020-07-03 16:30:00
03.07.2020	16:36:00	RO_SE_001	3598	21706	63	0	13160	9.51	17.86	14.91	4.97	11495	16.91	30.44	13.51	4.97	12314	12.73	23.85	14.79	4.97	11357	18.22	32.24	13.45	4.99	12468	11.91	22.41	14.55	4.89	10524	27.39	42.26	13.48	4.99															2020-07-03 16:36:00
03.07.2020	16:42:00	RO_SE_001	3598	21707	69	0	13161	9.50	17.85	14.93	4.97	11496	16.91	30.43	13.51	4.97	12315	12.73	23.84	14.78	4.97	11357	18.22	32.24	13.41	4.99	12468	11.91	22.41	14.55	4.89	10524	27.39	42.26	13.48	4.99															2020-07-03 16:42:00
03.07.2020	16:48:00	RO_SE_001	3598	21708	69	0	13161	9.50	17.85	14.96	4.97	11496	16.91	30.43	13.52	4.97	12316	12.72	23.84	14.79	4.99	11357	18.22	32.24	13.44	5.02	12469	11.91	22.4	14.52	4.91	10524	27.39	42.26	13.5	4.99															2020-07-03 16:48:00
03.07.2020	16:54:00	RO_SE_001	3598	21709	84	0	13162	9.50	17.85	14.96	4.97	11496	16.91	30.43	13.52	4.97	12317	12.72	23.83	14.77	4.97	11358	18.21	32.23	13.44	4.99	12468	11.91	22.41	14.54	4.91	10524	27.39	42.26	13.5	4.99															2020-07-03 16:54:00
03.07.2020	17:00:00	RO_SE_001	3598	21710	84	0	13162	9.50	17.85	14.96	4.97	11496	16.91	30.43	13.53	4.97	12318	12.72	23.82	14.77	4.97	11358	18.21	32.23	13.41	4.99	12468	11.91	22.41	14.55	4.89	10525	27.38	42.24	13.48	4.99															2020-07-03 17:00:00
03.07.2020	17:12:00	RO_SE_001	3598	21712	63	0	13164	9.50	17.83	15.02	4.97	11497	16.90	30.42	13.45	4.97	12319	12.71	23.81	14.81	4.97	11359	18.20	32.22	13.45	4.99	12469	11.91	22.4	14.59	4.89	10525	27.38	42.24	13.49	4.97															2020-07-03 17:12:00
03.07.2020	17:18:00	RO_SE_001	3598	21713	69	0	13165	9.49	17.83	14.99	4.97	11497	16.90	30.42	13.51	4.97	12319	12.71	23.81	14.83	4.97	11359	18.20	32.22	13.47	4.99	12470	11.91	22.39	14.59	4.89	10525	27.38	42.24	13.51	4.99															2020-07-03 17:18:00
03.07.2020	17:24:00	RO_SE_001	3598	21714	69	0	13165	9.49	17.83	15.04	4.97	11498	16.89	30.41	13.48	4.97	12320	12.71	23.8	14.84	4.97	11359	18.20	32.22	13.43	4.99	12470	11.91	22.39	14.58	4.89	10525	27.38	42.24	13.49	4.97															2020-07-03 17:24:00
03.07.2020	17:30:00	RO_SE_001	3598	21715	63	0	13164	9.50	17.83	15.0	4.97	11499	16.89	30.4	13.5	4.97	12321	12.70	23.8	14.85	4.97	11358	18.21	32.23	13.45	4.99	12471	11.90	22.39	14.6	4.89	10525	27.38	42.24	13.48	4.99															2020-07-03 17:30:00
03.07.2020	17:36:00	RO_SE_001	3598	21716	57	0	13166	9.49	17.82	15.02	4.97	11499	16.89	30.4	13.49	4.97	12322	12.70	23.79	14.81	4.97	11360	18.19	32.21	13.47	4.99	12471	11.90	22.39	14.62	4.91	10525	27.38	42.24	13.49	4.99															2020-07-03 17:36:00
03.07.2020	17:42:00	RO_SE_001	3598	21717	66	0	13165	9.49	17.83	15.02	4.97	11499	16.89	30.4	13.52	4.97	12322	12.70	23.79	14.86	4.97	11359	18.20	32.22	13.42	4.99	12471	11.90	22.39	14.63	4.91	10525	27.38	42.24	13.49	4.99															2020-07-03 17:42:00
03.07.2020	17:48:00	RO_SE_001	3598	21718	57	0	13166	9.49	17.82	15.02	4.97	11500	16.88	30.39	13.53	4.97	12323	12.69	23.78	14.84	4.97	11359	18.20	32.22	13.44	4.99	12472	11.90	22.38	14.59	4.89	10525	27.38	42.24	13.52	4.99															2020-07-03 17:48:00
03.07.2020	17:54:00	RO_SE_001	3598	21719	66	0	13167	9.49	17.82	15.05	4.97	11500	16.88	30.39	13.52	4.97	12324	12.69	23.77	14.85	4.97	11359	18.20	32.22	13.41	5.02	12472	11.90	22.38	14.62	4.89	10525	27.38	42.24	13.51	4.99															2020-07-03 17:54:00
03.07.2020	18:00:00	RO_SE_001	3598	21720	60	0	13167	9.49	17.82	15.05	4.97	11500	16.88	30.39	13.51	4.97	12324	12.69	23.77	14.86	4.97	11360	18.19	32.21	13.48	4.99	12472	11.90	22.38	14.63	4.89	10526	27.36	42.23	13.52	4.97															2020-07-03 18:00:00
03.07.2020	18:06:00	RO_SE_001	3598	21721	66	0	13167	9.49	17.82	15.05	4.97	11500	16.88	30.39	13.52	4.97	12325	12.68	23.77	14.88	4.99	11360	18.19	32.21	13.45	5.02	12473	11.89	22.37	14.63	4.89	10526	27.36	42.23	13.52	4.99															2020-07-03 18:06:00
03.07.2020	18:12:00	RO_SE_001	3598	21722	63	0	13168	9.48	17.81	15.03	4.97	11501	16.87	30.38	13.48	4.97	12325	12.68	23.77	14.88	4.97	11360	18.19	32.21	13.47	5.02	12473	11.89	22.37	14.63	4.89	10526	27.36	42.23	13.51	4.97															2020-07-03 18:12:00
03.07.2020	18:18:00	RO_SE_001	3559	21723	48	0	13168	9.48	17.81	15.02	4.97	11501	16.87	30.38	13.53	4.97	12325	12.68	23.77	14.88	4.97	11360	18.19	32.21	13.47	4.99	12473	11.89	22.37	14.61	4.89	10526	27.36	42.23	13.51	4.97															2020-07-03 18:18:00
03.07.2020	18:24:00	RO_SE_001	3598	21724	66	0	13169	9.48	17.8	15.05	4.97	11501	16.87	30.38	13.53	4.97	12326	12.68	23.76	14.87	4.97	11361	18.19	32.2	13.43	4.99	12474	11.89	22.36	14.64	4.89	10526	27.36	42.23	13.51	4.99															2020-07-03 18:24:00
03.07.2020	18:30:00	RO_SE_001	3598	21725	72	0	13169	9.48	17.8	15.03	4.97	11501	16.87	30.38	13.52	4.97	12327	12.68	23.75	14.87	4.99	11361	18.19	32.2	13.46	4.99	12474	11.89	22.36	14.61	4.91	10526	27.36	42.23	13.48	4.99															2020-07-03 18:30:00
03.07.2020	18:36:00	RO_SE_001	3597	21726	72	0	13170	9.48	17.8	15.05	4.97	11502	16.87	30.37	13.55	4.97	12327	12.68	23.75	14.86	4.97	11361	18.19	32.2	13.45	4.99	12474	11.89	22.36	14.63	4.91	10526	27.36	42.23	13.51	4.99															2020-07-03 18:36:00
03.07.2020	18:42:00	RO_SE_001	3597	21727	57	0	13170	9.48	17.8	15.04	4.97	11502	16.87	30.37	13.52	4.97	12328	12.67	23.74	14.9	4.97	11361	18.19	32.2	13.44	4.99	12474	11.89	22.36	14.62	4.89	10526	27.36	42.23	13.54	4.97															2020-07-03 18:42:00
03.07.2020	18:48:00	RO_SE_001	3598	21728	60	0	13171	9.47	17.79	15.07	4.97	11503	16.86	30.36	13.52	4.97	12328	12.67	23.74	14.84	4.97	11362	18.18	32.19	13.48	4.99	12475	11.88	22.36	14.63	4.91	10526	27.36	42.23	13.53	4.99															2020-07-03 18:48:00
03.07.2020	18:54:00	RO_SE_001	3597	21729	66	0	13172	9.47	17.79	15.04	4.97	11504	16.85	30.35	13.52	4.97	12329	12.67	23.74	14.84	4.97	11362	18.18	32.19	13.45	4.99	12475	11.88	22.36	14.64	4.89	10527	27.35	42.22	13.52	4.97															2020-07-03 18:54:00
03.07.2020	19:00:00	RO_SE_001	3598	21730	63	0	13172	9.47	17.79	15.07	4.97	11504	16.85	30.35	13.52	4.97	12329	12.67	23.74	14.88	4.97	11362	18.18	32.19	13.44	5.02	12475	11.88	22.36	14.64	4.89	10527	27.35	42.22	13.51	4.99															2020-07-03 19:00:00
03.07.2020	19:06:00	RO_SE_001	3598	21731	63	0	13172	9.47	17.79	15.05	4.97	11503	16.86	30.36	13.54	4.97	12330	12.66	23.73	14.87	4.97	11362	18.18	32.19	13.42	4.99	12475	11.88	22.36	14.63	4.91	10527	27.35	42.22	13.53	4.99															2020-07-03 19:06:00
03.07.2020	19:12:00	RO_SE_001	3598	21732	54	0	13172	9.47	17.79	15.04	4.97	11503	16.86	30.36	13.55	4.97	12330	12.66	23.73	14.87	4.97	11363	18.17	32.18	13.47	4.99	12476	11.88	22.35	14.64	4.91	10527	27.35	42.22	13.51	4.99															2020-07-03 19:12:00
03.07.2020	19:18:00	RO_SE_001	3597	21733	66	0	13172	9.47	17.79	15.05	4.97	11504	16.85	30.35	13.57	4.97	12331	12.66	23.72	14.88	4.97	11363	18.17	32.18	13.45	4.99	12476	11.88	22.35	14.63	4.89	10527	27.35	42.22	13.51	4.99															2020-07-03 19:18:00
03.07.2020	19:24:00	RO_SE_001	3598	21734	66	0	13172	9.47	17.79	15.05	4.97	11504	16.85	30.35	13.52	4.97	12331	12.66	23.72	14.84	4.97	11363	18.17	32.18	13.44	4.99	12476	11.88	22.35	14.68	4.89	10527	27.35	42.22	13.51	4.97															2020-07-03 19:24:00
03.07.2020	19:30:00	RO_SE_001	3597	21735	57	0	13173	9.47	17.78	15.05	4.97	11504	16.85	30.35	13.54	4.97	12332	12.65	23.71	14.84	4.97	11363	18.17	32.18	13.41	5.02	12475	11.88	22.36	14.66	4.91	10527	27.35	42.22	13.51	4.97															2020-07-03 19:30:00
03.07.2020	19:36:00	RO_SE_001	3597	21736	54	0	13173	9.47	17.78	15.02	4.97	11504	16.85	30.35	13.53	4.97	12331	12.66	23.72	14.85	4.97	11364	18.16	32.17	13.45	5.02	12475	11.88	22.36	14.63	4.89	10527	27.35	42.22	13.48	4.99															2020-07-03 19:36:00
03.07.2020	19:42:00	RO_SE_001	3598	21737	63	0	13173	9.47	17.78	15.05	4.97	11504	16.85	30.35	13.52	4.97	12332	12.65	23.71	14.88	4.97	11364	18.16	32.17	13.42	5.02	12475	11.88	22.36	14.64	4.89	10527	27.35	42.22	13.52	4.99															2020-07-03 19:42:00
03.07.2020	19:48:00	RO_SE_001	3598	21738	63	0	13173	9.47	17.78	15.04	4.97	11504	16.85	30.35	13.59	4.97	12332	12.65	23.71	14.85	4.97	11364	18.16	32.17	13.45	4.99	12476	11.88	22.35	14.67	4.89	10527	27.35	42.22	13.55	4.97															2020-07-03 19:48:00
03.07.2020	19:54:00	RO_SE_001	3597	21739	60	0	13174	9.46	17.77	15.01	4.97	11504	16.85	30.35	13.55	4.97	12332	12.65	23.71	14.87	4.97	11364	18.16	32.17	13.45	4.99	12476	11.88	22.35	14.63	4.89	10528	27.33	42.2	13.54	4.97															2020-07-03 19:54:00
03.07.2020	20:00:00	RO_SE_001	3597	21740	63	0	13174	9.46	17.77	15.0	4.97	11505	16.85	30.34	13.55	4.97	12332	12.65	23.71	14.85	4.97	11365	18.16	32.16	13.46	4.99	12476	11.88	22.35	14.66	4.89	10528	27.33	42.2	13.53	4.97															2020-07-03 20:00:00
03.07.2020	20:06:00	RO_SE_001	3597	21741	60	0	13174	9.46	17.77	15.02	4.97	11505	16.85	30.34	13.53	4.97	12332	12.65	23.71	14.83	4.97	11365	18.16	32.16	13.45	5.02	12476	11.88	22.35	14.68	4.89	10528	27.33	42.2	13.52	4.99															2020-07-03 20:06:00
03.07.2020	20:12:00	RO_SE_001	3597	21742	66	0	13174	9.46	17.77	15.02	4.97	11505	16.85	30.34	13.55	4.97	12332	12.65	23.71	14.8	4.97	11365	18.16	32.16	13.46	4.99	12476	11.88	22.35	14.64	4.89	10528	27.33	42.2	13.52	4.99															2020-07-03 20:12:00
03.07.2020	20:18:00	RO_SE_001	3597	21743	63	0	13174	9.46	17.77	15.0	4.97	11505	16.85	30.34	13.55	4.97	12334	12.64	23.7	14.81	4.97	11365	18.16	32.16	13.48	4.99	12476	11.88	22.35	14.66	4.89	10528	27.33	42.2	13.52	4.99															2020-07-03 20:18:00
03.07.2020	20:24:00	RO_SE_001	3597	21744	63	0	13174	9.46	17.77	15.01	4.97	11505	16.85	30.34	13.57	4.97	12334	12.64	23.7	14.84	4.97	11366	18.15	32.15	13.47	4.99	12476	11.88	22.35	14.63	4.89	10528	27.33	42.2	13.55	4.99															2020-07-03 20:24:00
03.07.2020	20:30:00	RO_SE_001	3593	21745	60	0	13175	9.46	17.77	15.02	4.97	11505	16.85	30.34	13.59	4.97	12334	12.64	23.7	14.82	4.97	11366	18.15	32.15	13.46	4.99	12476	11.88	22.35	14.65	4.89	10528	27.33	42.2	13.51	4.99															2020-07-03 20:30:00
03.07.2020	20:36:00	RO_SE_001	3592	21746	63	0	13175	9.46	17.77	14.99	4.97	11505	16.85	30.34	13.52	4.97	12335	12.64	23.69	14.79	4.97	11366	18.15	32.15	13.48	4.99	12477	11.88	22.34	14.63	4.89	10528	27.33	42.2	13.54	4.99															2020-07-03 20:36:00
03.07.2020	20:42:00	RO_SE_001	3594	21747	54	0	13175	9.46	17.77	15.0	4.97	11505	16.85	30.34	13.55	4.97	12335	12.64	23.69	14.83	4.97	11366	18.15	32.15	13.45	5.02	12477	11.88	22.34	14.66	4.91	10528	27.33	42.2	13.53	4.99															2020-07-03 20:42:00
03.07.2020	20:48:00	RO_SE_001	3596	21748	63	0	13175	9.46	17.77	15.01	4.97	11505	16.85	30.34	13.54	4.97	12335	12.64	23.69	14.77	4.97	11365	18.16	32.16	13.47	4.99	12477	11.88	22.34	14.63	4.91	10528	27.33	42.2	13.54	4.99															2020-07-03 20:48:00
03.07.2020	20:54:00	RO_SE_001	3596	21749	63	0	13175	9.46	17.77	14.95	4.97	11505	16.85	30.34	13.55	4.97	12336	12.64	23.68	14.76	4.97	11366	18.15	32.15	13.47	4.99	12477	11.88	22.34	14.63	4.89	10529	27.32	42.19	13.52	4.99															2020-07-03 20:54:00
03.07.2020	21:00:00	RO_SE_001	3596	21750	57	0	13176	9.46	17.76	14.93	4.97	11505	16.85	30.34	13.56	4.97	12336	12.64	23.68	14.73	4.97	11366	18.15	32.15	13.48	4.99	12477	11.88	22.34	14.6	4.89	10529	27.32	42.19	13.54	4.97															2020-07-03 21:00:00
03.07.2020	21:06:00	RO_SE_001	3598	21751	60	0	13176	9.46	17.76	14.93	4.97	11505	16.85	30.34	13.58	4.97	12336	12.64	23.68	14.72	4.97	11366	18.15	32.15	13.47	4.99	12477	11.88	22.34	14.59	4.89	10529	27.32	42.19	13.52	4.97															2020-07-03 21:06:00
03.07.2020	21:12:00	RO_SE_001	3596	21752	60	0	13176	9.46	17.76	14.96	4.97	11505	16.85	30.34	13.58	4.97	12337	12.63	23.67	14.7	4.97	11366	18.15	32.15	13.49	4.99	12477	11.88	22.34	14.64	4.89	10529	27.32	42.19	13.55	4.99															2020-07-03 21:12:00
03.07.2020	21:18:00	RO_SE_001	3597	21753	63	0	13176	9.46	17.76	14.93	4.97	11505	16.85	30.34	13.57	4.97	12337	12.63	23.67	14.69	4.97	11366	18.15	32.15	13.45	4.99	12477	11.88	22.34	14.61	4.89	10529	27.32	42.19	13.51	4.99															2020-07-03 21:18:00
03.07.2020	21:24:00	RO_SE_001	3598	21754	63	0	13177	9.46	17.76	14.92	4.97	11505	16.85	30.34	13.56	4.97	12337	12.63	23.67	14.7	4.97	11366	18.15	32.15	13.48	4.99	12477	11.88	22.34	14.58	4.89	10529	27.32	42.19	13.52	4.99															2020-07-03 21:24:00
03.07.2020	21:30:00	RO_SE_001	3597	21755	57	0	13177	9.46	17.76	14.88	4.97	11505	16.85	30.34	13.61	4.97	12337	12.63	23.67	14.69	4.97	11367	18.14	32.14	13.48	4.99	12477	11.88	22.34	14.57	4.89	10529	27.32	42.19	13.59	4.99															2020-07-03 21:30:00
03.07.2020	21:36:00	RO_SE_001	3596	21756	57	0	13177	9.46	17.76	14.91	4.97	11505	16.85	30.34	13.55	4.97	12338	12.63	23.67	14.68	4.99	11367	18.14	32.14	13.45	4.99	12477	11.88	22.34	14.56	4.89	10529	27.32	42.19	13.56	4.97															2020-07-03 21:36:00
03.07.2020	21:42:00	RO_SE_001	3596	21757	57	0	13177	9.46	17.76	14.87	4.97	11505	16.85	30.34	13.56	4.97	12338	12.63	23.67	14.61	4.97	11367	18.14	32.14	13.47	4.99	12477	11.88	22.34	14.53	4.89	10529	27.32	42.19	13.55	4.99															2020-07-03 21:42:00
03.07.2020	21:48:00	RO_SE_001	3596	21758	57	0	13178	9.45	17.75	14.84	4.97	11505	16.85	30.34	13.58	4.97	12338	12.63	23.67	14.6	4.97	11367	18.14	32.14	13.46	4.99	12477	11.88	22.34	14.54	4.91	10529	27.32	42.19	13.53	4.99															2020-07-03 21:48:00
03.07.2020	21:54:00	RO_SE_001	3594	21759	90	0	13178	9.45	17.75	14.83	4.97	11505	16.85	30.34	13.55	4.97	12338	12.63	23.67	14.63	4.97	11367	18.14	32.14	13.5	5.02	12477	11.88	22.34	14.52	4.89	10529	27.32	42.19	13.56	4.99															2020-07-03 21:54:00
03.07.2020	22:00:00	RO_SE_001	3592	21760	99	0	13178	9.45	17.75	14.8	4.97	11505	16.85	30.34	13.59	4.97	12339	12.62	23.66	14.59	4.99	11368	18.13	32.13	13.47	4.99	12478	11.87	22.33	14.51	4.89	10529	27.32	42.19	13.57	4.99															2020-07-03 22:00:00
03.07.2020	22:06:00	RO_SE_001	3593	21761	99	0	13178	9.45	17.75	14.8	4.97	11505	16.85	30.34	13.56	4.97	12339	12.62	23.66	14.56	4.97	11368	18.13	32.13	13.5	4.99	12477	11.88	22.34	14.52	4.89	10530	27.30	42.18	13.55	4.99															2020-07-03 22:06:00
03.07.2020	22:12:00	RO_SE_001	3595	21762	99	0	13178	9.45	17.75	14.8	4.97	11505	16.85	30.34	13.55	4.97	12339	12.62	23.66	14.55	4.97	11368	18.13	32.13	13.52	4.99	12478	11.87	22.33	14.52	4.89	10530	27.30	42.18	13.55	4.97															2020-07-03 22:12:00
03.07.2020	22:18:00	RO_SE_001	3595	21763	87	0	13178	9.45	17.75	14.81	4.97	11506	16.84	30.33	13.53	4.97	12340	12.62	23.65	14.56	4.97	11368	18.13	32.13	13.48	4.99	12477	11.88	22.34	14.48	4.89	10530	27.30	42.18	13.54	4.99															2020-07-03 22:18:00
03.07.2020	22:24:00	RO_SE_001	3554	21764	93	0	13179	9.45	17.74	14.79	4.97	11506	16.84	30.33	13.61	4.97	12339	12.62	23.66	14.53	4.97	11368	18.13	32.13	13.45	4.99	12478	11.87	22.33	14.49	4.91	10530	27.30	42.18	13.58	4.97															2020-07-03 22:24:00
03.07.2020	22:30:00	RO_SE_001	3595	21765	87	0	13179	9.45	17.74	14.75	4.97	11506	16.84	30.33	13.59	4.97	12340	12.62	23.65	14.53	4.97	11369	18.13	32.12	13.47	4.99	12478	11.87	22.33	14.46	4.89	10529	27.32	42.19	13.56	4.99															2020-07-03 22:30:00
03.07.2020	22:36:00	RO_SE_001	3596	21766	87	0	13179	9.45	17.74	14.73	4.97	11506	16.84	30.33	13.59	4.97	12339	12.62	23.66	14.51	4.97	11369	18.13	32.12	13.48	5.02	12478	11.87	22.33	14.47	4.89	10529	27.32	42.19	13.58	4.99															2020-07-03 22:36:00
03.07.2020	22:42:00	RO_SE_001	3595	21767	99	0	13179	9.45	17.74	14.71	4.97	11506	16.84	30.33	13.58	4.97	12340	12.62	23.65	14.5	4.97	11369	18.13	32.12	13.52	5.02	12478	11.87	22.33	14.48	4.91	10529	27.32	42.19	13.6	4.99															2020-07-03 22:42:00
03.07.2020	22:48:00	RO_SE_001	3595	21768	90	0	13179	9.45	17.74	14.72	4.97	11506	16.84	30.33	13.59	4.97	12340	12.62	23.65	14.48	4.97	11369	18.13	32.12	13.52	4.99	12478	11.87	22.33	14.45	4.91	10530	27.30	42.18	13.55	4.99															2020-07-03 22:48:00
03.07.2020	22:54:00	RO_SE_001	3596	21769	93	0	13179	9.45	17.74	14.68	4.97	11506	16.84	30.33	13.58	4.97	12340	12.62	23.65	14.48	4.97	11369	18.13	32.12	13.51	4.99	12478	11.87	22.33	14.41	4.89	10529	27.32	42.19	13.6	4.99															2020-07-03 22:54:00
03.07.2020	23:00:00	RO_SE_001	3596	21770	96	0	13179	9.45	17.74	14.71	4.97	11506	16.84	30.33	13.59	4.97	12341	12.61	23.64	14.45	4.97	11370	18.12	32.11	13.5	4.99	12478	11.87	22.33	14.39	4.89	10529	27.32	42.19	13.55	4.99															2020-07-03 23:00:00
03.07.2020	23:06:00	RO_SE_001	3593	21771	99	0	13180	9.45	17.74	14.69	4.97	11506	16.84	30.33	13.57	4.97	12341	12.61	23.64	14.47	4.97	11370	18.12	32.11	13.47	4.99	12478	11.87	22.33	14.38	4.89	10529	27.32	42.19	13.54	4.99															2020-07-03 23:06:00
03.07.2020	23:12:00	RO_SE_001	3594	21772	96	0	13180	9.45	17.74	14.64	4.97	11506	16.84	30.33	13.56	4.97	12341	12.61	23.64	14.44	4.97	11370	18.12	32.11	13.52	4.99	12478	11.87	22.33	14.39	4.89	10530	27.30	42.18	13.53	4.99															2020-07-03 23:12:00
03.07.2020	23:18:00	RO_SE_001	3597	21773	93	0	13180	9.45	17.74	14.65	4.97	11506	16.84	30.33	13.58	4.97	12341	12.61	23.64	14.43	4.97	11370	18.12	32.11	13.45	4.99	12478	11.87	22.33	14.41	4.89	10530	27.30	42.18	13.55	4.97															2020-07-03 23:18:00
03.07.2020	23:24:00	RO_SE_001	3595	21774	93	0	13179	9.45	17.74	14.64	4.97	11506	16.84	30.33	13.61	4.97	12342	12.61	23.64	14.38	4.97	11370	18.12	32.11	13.47	5.02	12478	11.87	22.33	14.38	4.89	10530	27.30	42.18	13.59	4.99															2020-07-03 23:24:00
03.07.2020	23:30:00	RO_SE_001	3596	21775	84	0	13180	9.45	17.74	14.65	4.97	11506	16.84	30.33	13.59	4.97	12342	12.61	23.64	14.38	4.97	11370	18.12	32.11	13.5	5.02	12478	11.87	22.33	14.37	4.91	10530	27.30	42.18	13.59	4.99															2020-07-03 23:30:00
03.07.2020	23:36:00	RO_SE_001	3556	21776	96	0	13180	9.45	17.74	14.62	4.97	11506	16.84	30.33	13.56	4.97	12342	12.61	23.64	14.38	4.97	11371	18.11	32.1	13.5	5.02	12478	11.87	22.33	14.33	4.89	10530	27.30	42.18	13.59	4.99															2020-07-03 23:36:00
03.07.2020	23:42:00	RO_SE_001	3596	21777	96	0	13180	9.45	17.74	14.57	4.97	11506	16.84	30.33	13.58	4.97	12342	12.61	23.64	14.34	4.97	11371	18.11	32.1	13.48	4.99	12478	11.87	22.33	14.34	4.91	10530	27.30	42.18	13.53	4.99															2020-07-03 23:42:00
03.07.2020	23:48:00	RO_SE_001	3596	21778	99	0	13180	9.45	17.74	14.55	4.97	11506	16.84	30.33	13.6	4.97	12343	12.60	23.63	14.32	4.97	11371	18.11	32.1	13.5	5.02	12478	11.87	22.33	14.33	4.89	10530	27.30	42.18	13.57	4.97															2020-07-03 23:48:00
03.07.2020	23:54:00	RO_SE_001	3596	21779	84	0	13180	9.45	17.74	14.57	4.97	11506	16.84	30.33	13.61	4.97	12343	12.60	23.63	14.31	4.99	11371	18.11	32.1	13.5	4.99	12478	11.87	22.33	14.35	4.89	10530	27.30	42.18	13.55	4.99															2020-07-03 23:54:00
