07.07.2020	00:00:00	RO_SE_001	3530	22496	0	0	13392	8.82	16.48	13.25	4.97	11657	15.87	28.9	13.58	4.97	12695	11.17	21.05	13.13	4.97	11539	16.92	30.44	13.54	4.99	12759	10.78	20.33	13.38	4.89	10589	26.42	41.39	13.59	4.99															2020-07-07 00:00:00
07.07.2020	00:06:00	RO_SE_001	3574	22497	48	0	13393	8.82	16.47	13.21	4.97	11657	15.87	28.9	13.55	4.97	12695	11.17	21.05	13.11	4.97	11540	16.91	30.43	13.55	4.99	12759	10.78	20.33	13.35	4.89	10589	26.42	41.39	13.55	4.99															2020-07-07 00:06:00
07.07.2020	00:12:00	RO_SE_001	3583	22498	48	0	13390	8.83	16.49	13.23	4.97	11657	15.87	28.9	13.57	4.97	12695	11.17	21.05	13.12	4.97	11540	16.91	30.43	13.55	4.99	12759	10.78	20.33	13.34	4.89	10589	26.42	41.39	13.55	4.99															2020-07-07 00:12:00
07.07.2020	00:18:00	RO_SE_001	3588	22499	48	0	13391	8.83	16.48	13.2	4.97	11657	15.87	28.9	13.55	4.97	12695	11.17	21.05	13.05	4.97	11540	16.91	30.43	13.53	4.99	12759	10.78	20.33	13.34	4.89	10589	26.42	41.39	13.55	4.99															2020-07-07 00:18:00
07.07.2020	00:24:00	RO_SE_001	3588	22500	66	0	13391	8.83	16.48	13.17	4.97	11657	15.87	28.9	13.52	4.97	12695	11.17	21.05	13.06	4.97	11540	16.91	30.43	13.53	4.99	12759	10.78	20.33	13.25	4.91	10589	26.42	41.39	13.56	4.97															2020-07-07 00:24:00
07.07.2020	00:30:00	RO_SE_001	3589	22501	57	0	13391	8.83	16.48	13.16	4.97	11657	15.87	28.9	13.55	4.97	12696	11.17	21.04	13.08	4.97	11540	16.91	30.43	13.55	4.99	12759	10.78	20.33	13.27	4.89	10589	26.42	41.39	13.55	4.99															2020-07-07 00:30:00
07.07.2020	00:36:00	RO_SE_001	3590	22502	57	0	13391	8.83	16.48	13.14	4.97	11658	15.86	28.89	13.53	4.97	12696	11.17	21.04	13.04	4.97	11540	16.91	30.43	13.52	4.99	12759	10.78	20.33	13.27	4.89	10590	26.41	41.37	13.55	4.99															2020-07-07 00:36:00
07.07.2020	00:42:00	RO_SE_001	3591	22503	48	0	13391	8.83	16.48	13.13	4.97	11657	15.87	28.9	13.55	4.97	12696	11.17	21.04	13.02	4.97	11541	16.91	30.42	13.52	4.99	12759	10.78	20.33	13.27	4.89	10590	26.41	41.37	13.53	4.97															2020-07-07 00:42:00
07.07.2020	00:48:00	RO_SE_001	3591	22504	48	0	13391	8.83	16.48	13.1	4.97	11658	15.86	28.89	13.53	4.97	12696	11.17	21.04	12.99	4.97	11541	16.91	30.42	13.55	4.99	12759	10.78	20.33	13.26	4.89	10590	26.41	41.37	13.52	4.97															2020-07-07 00:48:00
07.07.2020	00:54:00	RO_SE_001	3592	22505	48	0	13392	8.82	16.48	13.13	4.97	11658	15.86	28.89	13.54	4.97	12696	11.17	21.04	12.99	4.97	11541	16.91	30.42	13.53	4.99	12759	10.78	20.33	13.24	4.89	10590	26.41	41.37	13.54	4.99															2020-07-07 00:54:00
07.07.2020	01:00:00	RO_SE_001	3590	22506	66	0	13392	8.82	16.48	13.09	4.97	11658	15.86	28.89	13.53	4.97	12696	11.17	21.04	12.98	4.97	11541	16.91	30.42	13.52	4.99	12760	10.78	20.32	13.25	4.89	10590	26.41	41.37	13.54	4.97															2020-07-07 01:00:00
07.07.2020	01:06:00	RO_SE_001	3588	22507	66	0	13392	8.82	16.48	13.11	4.97	11657	15.87	28.9	13.54	4.97	12696	11.17	21.04	12.96	4.97	11541	16.91	30.42	13.52	4.99	12760	10.78	20.32	13.23	4.89	10590	26.41	41.37	13.52	4.99															2020-07-07 01:06:00
07.07.2020	01:12:00	RO_SE_001	3585	22508	54	0	13392	8.82	16.48	13.09	4.97	11658	15.86	28.89	13.51	4.97	12696	11.17	21.04	12.95	4.97	11541	16.91	30.42	13.5	4.99	12760	10.78	20.32	13.23	4.89	10590	26.41	41.37	13.48	4.99															2020-07-07 01:12:00
07.07.2020	01:18:00	RO_SE_001	3589	22509	60	0	13392	8.82	16.48	13.07	4.97	11658	15.86	28.89	13.52	4.97	12697	11.16	21.04	12.93	4.97	11542	16.90	30.41	13.52	5.02	12760	10.78	20.32	13.2	4.89	10590	26.41	41.37	13.49	4.99															2020-07-07 01:18:00
07.07.2020	01:24:00	RO_SE_001	3588	22510	63	0	13393	8.82	16.47	13.05	4.97	11657	15.87	28.9	13.52	4.97	12697	11.16	21.04	12.95	4.97	11542	16.90	30.41	13.48	4.99	12760	10.78	20.32	13.14	4.89	10590	26.41	41.37	13.51	4.97															2020-07-07 01:24:00
07.07.2020	01:30:00	RO_SE_001	3588	22511	63	0	13393	8.82	16.47	13.04	4.97	11657	15.87	28.9	13.52	4.97	12697	11.16	21.04	12.87	4.97	11542	16.90	30.41	13.48	4.99	12760	10.78	20.32	13.16	4.89	10591	26.39	41.36	13.52	4.97															2020-07-07 01:30:00
07.07.2020	01:36:00	RO_SE_001	3589	22512	63	0	13393	8.82	16.47	13.02	4.97	11657	15.87	28.9	13.48	4.97	12697	11.16	21.04	12.9	4.97	11541	16.91	30.42	13.52	4.99	12760	10.78	20.32	13.14	4.89	10591	26.39	41.36	13.49	4.99															2020-07-07 01:36:00
07.07.2020	01:42:00	RO_SE_001	3590	22513	69	0	13393	8.82	16.47	12.98	4.97	11658	15.86	28.89	13.51	4.97	12697	11.16	21.04	12.89	4.97	11542	16.90	30.41	13.47	4.99	12760	10.78	20.32	13.16	4.91	10591	26.39	41.36	13.51	4.99															2020-07-07 01:42:00
07.07.2020	01:48:00	RO_SE_001	3593	22514	63	0	13394	8.82	16.46	13.0	4.97	11657	15.87	28.9	13.48	4.97	12697	11.16	21.04	12.86	4.97	11541	16.91	30.42	13.48	4.99	12761	10.77	20.31	13.1	4.91	10591	26.39	41.36	13.47	4.99															2020-07-07 01:48:00
07.07.2020	01:54:00	RO_SE_001	3593	22515	66	0	13394	8.82	16.46	12.96	4.97	11658	15.86	28.89	13.5	4.97	12698	11.16	21.03	12.86	4.97	11542	16.90	30.41	13.46	4.99	12761	10.77	20.31	13.12	4.89	10591	26.39	41.36	13.47	4.99															2020-07-07 01:54:00
07.07.2020	02:00:00	RO_SE_001	3593	22516	63	0	13391	8.83	16.48	12.97	4.97	11657	15.87	28.9	13.49	4.97	12698	11.16	21.03	12.86	4.97	11542	16.90	30.41	13.5	4.99	12761	10.77	20.31	13.09	4.89	10591	26.39	41.36	13.47	4.99															2020-07-07 02:00:00
07.07.2020	02:06:00	RO_SE_001	3593	22517	57	0	13392	8.82	16.48	12.95	4.97	11657	15.87	28.9	13.49	4.97	12698	11.16	21.03	12.84	4.97	11542	16.90	30.41	13.47	5.02	12761	10.77	20.31	13.05	4.89	10591	26.39	41.36	13.45	4.97															2020-07-07 02:06:00
07.07.2020	02:12:00	RO_SE_001	3593	22518	60	0	13392	8.82	16.48	12.93	4.97	11657	15.87	28.9	13.47	4.97	12698	11.16	21.03	12.78	4.97	11542	16.90	30.41	13.46	4.99	12761	10.77	20.31	13.08	4.89	10591	26.39	41.36	13.47	4.99															2020-07-07 02:12:00
07.07.2020	02:18:00	RO_SE_001	3593	22519	66	0	13392	8.82	16.48	12.91	4.97	11658	15.86	28.89	13.47	4.97	12698	11.16	21.03	12.79	4.97	11542	16.90	30.41	13.46	5.02	12761	10.77	20.31	13.06	4.89	10592	26.38	41.35	13.45	4.99															2020-07-07 02:18:00
07.07.2020	02:24:00	RO_SE_001	3592	22520	60	0	13392	8.82	16.48	12.91	4.97	11658	15.86	28.89	13.48	4.97	12699	11.15	21.02	12.77	4.97	11542	16.90	30.41	13.45	4.99	12761	10.77	20.31	13.05	4.89	10592	26.38	41.35	13.45	4.99															2020-07-07 02:24:00
07.07.2020	02:30:00	RO_SE_001	3592	22521	60	0	13392	8.82	16.48	12.91	4.97	11657	15.87	28.9	13.44	4.97	12699	11.15	21.02	12.76	4.97	11543	16.89	30.4	13.45	4.99	12761	10.77	20.31	13.05	4.89	10592	26.38	41.35	13.45	4.99															2020-07-07 02:30:00
07.07.2020	02:36:00	RO_SE_001	3592	22522	57	0	13393	8.82	16.47	12.91	4.97	11658	15.86	28.89	13.46	4.97	12699	11.15	21.02	12.73	4.97	11543	16.89	30.4	13.45	4.99	12761	10.77	20.31	13.02	4.89	10592	26.38	41.35	13.46	4.99															2020-07-07 02:36:00
07.07.2020	02:42:00	RO_SE_001	3591	22523	57	0	13393	8.82	16.47	12.87	4.97	11658	15.86	28.89	13.44	4.97	12699	11.15	21.02	12.7	4.97	11543	16.89	30.4	13.46	5.02	12761	10.77	20.31	13.0	4.89	10592	26.38	41.35	13.45	4.99															2020-07-07 02:42:00
07.07.2020	02:48:00	RO_SE_001	3591	22524	66	0	13393	8.82	16.47	12.88	4.97	11658	15.86	28.89	13.45	4.97	12699	11.15	21.02	12.7	4.97	11543	16.89	30.4	13.43	4.99	12762	10.77	20.31	13.0	4.91	10592	26.38	41.35	13.44	4.99															2020-07-07 02:48:00
07.07.2020	02:54:00	RO_SE_001	3591	22525	66	0	13393	8.82	16.47	12.81	4.97	11658	15.86	28.89	13.45	4.97	12699	11.15	21.02	12.73	4.97	11543	16.89	30.4	13.43	4.99	12762	10.77	20.31	12.96	4.91	10592	26.38	41.35	13.44	4.99															2020-07-07 02:54:00
07.07.2020	03:00:00	RO_SE_001	3592	22526	66	0	13394	8.82	16.46	12.82	4.97	11658	15.86	28.89	13.41	4.97	12699	11.15	21.02	12.7	4.97	11543	16.89	30.4	13.41	4.99	12762	10.77	20.31	12.99	4.89	10592	26.38	41.35	13.42	4.99															2020-07-07 03:00:00
07.07.2020	03:06:00	RO_SE_001	3591	22527	69	0	13394	8.82	16.46	12.77	4.97	11658	15.86	28.89	13.43	4.97	12699	11.15	21.02	12.69	4.97	11543	16.89	30.4	13.41	4.99	12762	10.77	20.31	12.95	4.89	10593	26.36	41.33	13.42	4.99															2020-07-07 03:06:00
07.07.2020	03:12:00	RO_SE_001	3592	22528	63	0	13394	8.82	16.46	12.82	4.97	11658	15.86	28.89	13.43	4.97	12699	11.15	21.02	12.65	4.97	11543	16.89	30.4	13.4	5.02	12762	10.77	20.31	12.91	4.91	10593	26.36	41.33	13.4	4.99															2020-07-07 03:12:00
07.07.2020	03:18:00	RO_SE_001	3592	22529	66	0	13394	8.82	16.46	12.77	4.97	11658	15.86	28.89	13.42	4.97	12700	11.15	21.02	12.66	4.97	11544	16.89	30.4	13.44	4.99	12762	10.77	20.31	12.93	4.91	10593	26.36	41.33	13.38	4.99															2020-07-07 03:18:00
07.07.2020	03:24:00	RO_SE_001	3592	22530	66	0	13394	8.82	16.46	12.77	4.97	11658	15.86	28.89	13.43	4.97	12699	11.15	21.02	12.67	4.97	11544	16.89	30.4	13.41	4.99	12762	10.77	20.31	12.93	4.91	10593	26.36	41.33	13.4	4.99															2020-07-07 03:24:00
07.07.2020	03:30:00	RO_SE_001	3591	22531	66	0	13394	8.82	16.46	12.77	4.97	11658	15.86	28.89	13.41	4.97	12700	11.15	21.02	12.63	4.97	11544	16.89	30.4	13.39	5.02	12762	10.77	20.31	12.93	4.91	10593	26.36	41.33	13.39	4.97															2020-07-07 03:30:00
07.07.2020	03:36:00	RO_SE_001	3590	22532	63	0	13395	8.81	16.46	12.73	4.97	11658	15.86	28.89	13.41	4.97	12699	11.15	21.02	12.64	4.97	11544	16.89	30.4	13.38	4.99	12762	10.77	20.31	12.91	4.89	10592	26.38	41.35	13.39	4.99															2020-07-07 03:36:00
07.07.2020	03:42:00	RO_SE_001	3591	22533	63	0	13392	8.82	16.48	12.72	4.97	11658	15.86	28.89	13.4	4.97	12700	11.15	21.02	12.62	4.97	11544	16.89	30.4	13.41	4.99	12762	10.77	20.31	12.91	4.91	10593	26.36	41.33	13.4	4.97															2020-07-07 03:42:00
07.07.2020	03:48:00	RO_SE_001	3591	22534	63	0	13393	8.82	16.47	12.73	4.97	11658	15.86	28.89	13.42	4.97	12700	11.15	21.02	12.55	4.97	11545	16.88	30.39	13.37	5.02	12762	10.77	20.31	12.88	4.89	10593	26.36	41.33	13.4	4.99															2020-07-07 03:48:00
07.07.2020	03:54:00	RO_SE_001	3588	22535	63	0	13393	8.82	16.47	12.73	4.97	11658	15.86	28.89	13.41	4.97	12700	11.15	21.02	12.59	4.97	11545	16.88	30.39	13.4	4.99	12762	10.77	20.31	12.86	4.89	10593	26.36	41.33	13.34	4.99															2020-07-07 03:54:00
07.07.2020	04:00:00	RO_SE_001	3589	22536	66	0	13393	8.82	16.47	12.7	4.97	11658	15.86	28.89	13.38	4.97	12700	11.15	21.02	12.58	4.97	11545	16.88	30.39	13.4	4.99	12762	10.77	20.31	12.86	4.89	10593	26.36	41.33	13.38	4.97															2020-07-07 04:00:00
07.07.2020	04:06:00	RO_SE_001	3590	22537	66	0	13393	8.82	16.47	12.69	4.97	11658	15.86	28.89	13.38	4.97	12700	11.15	21.02	12.52	4.97	11545	16.88	30.39	13.39	4.99	12762	10.77	20.31	12.88	4.89	10593	26.36	41.33	13.34	4.99															2020-07-07 04:06:00
07.07.2020	04:12:00	RO_SE_001	3590	22538	60	0	13394	8.82	16.46	12.66	4.97	11659	15.86	28.89	13.38	4.97	12700	11.15	21.02	12.52	4.97	11545	16.88	30.39	13.41	4.99	12762	10.77	20.31	12.84	4.89	10593	26.36	41.33	13.34	4.99															2020-07-07 04:12:00
07.07.2020	04:18:00	RO_SE_001	3589	22539	63	0	13394	8.82	16.46	12.64	4.97	11658	15.86	28.89	13.35	4.97	12700	11.15	21.02	12.52	4.97	11545	16.88	30.39	13.38	5.02	12762	10.77	20.31	12.84	4.89	10593	26.36	41.33	13.34	4.97															2020-07-07 04:18:00
07.07.2020	04:24:00	RO_SE_001	3591	22540	60	0	13394	8.82	16.46	12.66	4.97	11659	15.86	28.89	13.36	4.97	12701	11.15	21.01	12.49	4.97	11545	16.88	30.39	13.33	4.99	12763	10.77	20.3	12.81	4.91	10593	26.36	41.33	13.36	4.99															2020-07-07 04:24:00
07.07.2020	04:30:00	RO_SE_001	3592	22541	69	0	13395	8.81	16.46	12.61	4.97	11658	15.86	28.89	13.41	4.97	12701	11.15	21.01	12.48	4.97	11546	16.87	30.38	13.36	4.99	12763	10.77	20.3	12.78	4.91	10593	26.36	41.33	13.34	4.99															2020-07-07 04:30:00
07.07.2020	04:36:00	RO_SE_001	3591	22542	69	0	13395	8.81	16.46	12.59	4.97	11658	15.86	28.89	13.38	4.97	12701	11.15	21.01	12.49	4.97	11546	16.87	30.38	13.37	4.99	12763	10.77	20.3	12.79	4.91	10593	26.36	41.33	13.33	4.99															2020-07-07 04:36:00
07.07.2020	04:42:00	RO_SE_001	3591	22543	63	0	13395	8.81	16.46	12.6	4.97	11659	15.86	28.89	13.34	4.97	12701	11.15	21.01	12.49	4.97	11546	16.87	30.38	13.38	4.99	12763	10.77	20.3	12.8	4.89	10594	26.35	41.32	13.35	4.97															2020-07-07 04:42:00
07.07.2020	04:48:00	RO_SE_001	3591	22544	60	0	13395	8.81	16.46	12.59	4.97	11659	15.86	28.89	13.33	4.97	12701	11.15	21.01	12.45	4.97	11546	16.87	30.38	13.31	4.99	12763	10.77	20.3	12.77	4.91	10594	26.35	41.32	13.35	4.97															2020-07-07 04:48:00
07.07.2020	04:54:00	RO_SE_001	3591	22545	60	0	13393	8.82	16.47	12.59	4.97	11659	15.86	28.89	13.34	4.97	12701	11.15	21.01	12.44	4.97	11546	16.87	30.38	13.34	4.99	12763	10.77	20.3	12.71	4.91	10594	26.35	41.32	13.33	4.97															2020-07-07 04:54:00
07.07.2020	05:00:00	RO_SE_001	3592	22546	60	0	13392	8.82	16.48	12.55	4.97	11659	15.86	28.89	13.34	4.97	12701	11.15	21.01	12.43	4.97	11546	16.87	30.38	13.32	4.99	12764	10.76	20.29	12.72	4.91	10594	26.35	41.32	13.3	4.99															2020-07-07 05:00:00
07.07.2020	05:06:00	RO_SE_001	3589	22547	66	0	13393	8.82	16.47	12.55	4.97	11659	15.86	28.89	13.36	4.97	12702	11.14	21.0	12.4	4.97	11546	16.87	30.38	13.37	4.99	12764	10.76	20.29	12.73	4.89	10594	26.35	41.32	13.34	4.99															2020-07-07 05:06:00
07.07.2020	05:12:00	RO_SE_001	3590	22548	66	0	13393	8.82	16.47	12.52	4.97	11659	15.86	28.89	13.33	4.97	12702	11.14	21.0	12.41	4.97	11546	16.87	30.38	13.34	4.99	12764	10.76	20.29	12.73	4.89	10594	26.35	41.32	13.27	4.99															2020-07-07 05:12:00
07.07.2020	05:18:00	RO_SE_001	3590	22549	66	0	13394	8.82	16.46	12.56	4.97	11659	15.86	28.89	13.33	4.97	12702	11.14	21.0	12.41	4.97	11546	16.87	30.38	13.32	4.99	12764	10.76	20.29	12.69	4.89	10594	26.35	41.32	13.34	4.99															2020-07-07 05:18:00
07.07.2020	05:24:00	RO_SE_001	3590	22550	66	0	13394	8.82	16.46	12.54	4.97	11659	15.86	28.89	13.33	4.97	12702	11.14	21.0	12.39	4.97	11547	16.87	30.37	13.33	4.99	12764	10.76	20.29	12.71	4.89	10594	26.35	41.32	13.28	4.97															2020-07-07 05:24:00
07.07.2020	05:30:00	RO_SE_001	3591	22551	66	0	13394	8.82	16.46	12.52	4.97	11659	15.86	28.89	13.33	4.97	12702	11.14	21.0	12.38	4.97	11547	16.87	30.37	13.31	4.99	12764	10.76	20.29	12.69	4.91	10594	26.35	41.32	13.3	4.99															2020-07-07 05:30:00
07.07.2020	05:36:00	RO_SE_001	3589	22552	117	0	13394	8.82	16.46	12.52	4.97	11659	15.86	28.89	13.34	4.97	12702	11.14	21.0	12.39	4.97	11547	16.87	30.37	13.31	4.99	12764	10.76	20.29	12.69	4.89	10595	26.34	41.31	13.27	4.99															2020-07-07 05:36:00
07.07.2020	05:42:00	RO_SE_001	3589	22553	117	0	13395	8.81	16.46	12.52	4.97	11659	15.86	28.89	13.3	4.97	12702	11.14	21.0	12.41	4.97	11547	16.87	30.37	13.31	4.99	12764	10.76	20.29	12.66	4.89	10595	26.34	41.31	13.27	4.99															2020-07-07 05:42:00
07.07.2020	05:48:00	RO_SE_001	3588	22554	111	0	13395	8.81	16.46	12.48	4.97	11659	15.86	28.89	13.3	4.97	12702	11.14	21.0	12.4	4.97	11547	16.87	30.37	13.28	4.99	12765	10.76	20.29	12.66	4.91	10595	26.34	41.31	13.27	4.99															2020-07-07 05:48:00
07.07.2020	05:54:00	RO_SE_001	3589	22555	114	0	13395	8.81	16.46	12.47	4.97	11659	15.86	28.89	13.27	4.97	12703	11.14	21.0	12.38	4.97	11547	16.87	30.37	13.29	4.99	12765	10.76	20.29	12.64	4.91	10595	26.34	41.31	13.28	4.97															2020-07-07 05:54:00
07.07.2020	06:00:00	RO_SE_001	3589	22556	117	0	13395	8.81	16.46	12.51	4.97	11659	15.86	28.89	13.29	4.97	12703	11.14	21.0	12.39	4.97	11547	16.87	30.37	13.3	4.99	12765	10.76	20.29	12.66	4.89	10595	26.34	41.31	13.27	4.97															2020-07-07 06:00:00
07.07.2020	06:06:00	RO_SE_001	3590	22557	132	0	13395	8.81	16.46	12.46	4.97	11660	15.85	28.88	13.28	4.97	12703	11.14	21.0	12.43	4.97	11548	16.86	30.36	13.3	4.99	12765	10.76	20.29	12.64	4.91	10595	26.34	41.31	13.23	4.99															2020-07-07 06:06:00
07.07.2020	06:12:00	RO_SE_001	3590	22558	120	0	13395	8.81	16.46	12.49	4.97	11659	15.86	28.89	13.24	4.97	12703	11.14	21.0	12.38	4.97	11548	16.86	30.36	13.3	4.99	12765	10.76	20.29	12.64	4.91	10595	26.34	41.31	13.24	4.97															2020-07-07 06:12:00
07.07.2020	06:18:00	RO_SE_001	3590	22559	114	0	13395	8.81	16.46	12.48	4.97	11660	15.85	28.88	13.32	4.97	12702	11.14	21.0	12.38	4.97	11548	16.86	30.36	13.29	4.99	12765	10.76	20.29	12.64	4.89	10596	26.32	41.29	13.27	4.97															2020-07-07 06:18:00
07.07.2020	06:24:00	RO_SE_001	3591	22560	114	0	13395	8.81	16.46	12.48	4.97	11660	15.85	28.88	13.27	4.97	12703	11.14	21.0	12.35	4.97	11548	16.86	30.36	13.25	5.02	12765	10.76	20.29	12.63	4.89	10596	26.32	41.29	13.23	4.99															2020-07-07 06:24:00
07.07.2020	06:30:00	RO_SE_001	3591	22561	114	0	13395	8.81	16.46	12.49	4.97	11660	15.85	28.88	13.26	4.97	12703	11.14	21.0	12.38	4.97	11548	16.86	30.36	13.28	4.99	12765	10.76	20.29	12.64	4.89	10596	26.32	41.29	13.23	4.97															2020-07-07 06:30:00
07.07.2020	06:36:00	RO_SE_001	3590	22562	99	0	13396	8.81	16.45	12.5	4.97	11660	15.85	28.88	13.29	4.97	12703	11.14	21.0	12.34	4.97	11548	16.86	30.36	13.29	4.99	12765	10.76	20.29	12.62	4.91	10596	26.32	41.29	13.21	4.99															2020-07-07 06:36:00
07.07.2020	06:42:00	RO_SE_001	3588	22563	123	0	13396	8.81	16.45	12.48	4.97	11660	15.85	28.88	13.27	4.97	12703	11.14	21.0	12.36	4.99	11549	16.85	30.35	13.27	4.99	12765	10.76	20.29	12.63	4.89	10596	26.32	41.29	13.25	4.97															2020-07-07 06:42:00
07.07.2020	06:48:00	RO_SE_001	3589	22564	93	0	13396	8.81	16.45	12.47	4.97	11660	15.85	28.88	13.24	4.97	12703	11.14	21.0	12.4	4.97	11549	16.85	30.35	13.26	4.99	12765	10.76	20.29	12.61	4.89	10596	26.32	41.29	13.23	4.97															2020-07-07 06:48:00
07.07.2020	06:54:00	RO_SE_001	3590	22565	99	0	13396	8.81	16.45	12.48	4.97	11661	15.84	28.87	13.25	4.97	12704	11.14	20.99	12.37	4.97	11548	16.86	30.36	13.24	4.99	12765	10.76	20.29	12.6	4.91	10596	26.32	41.29	13.23	4.97															2020-07-07 06:54:00
07.07.2020	07:00:00	RO_SE_001	3591	22566	111	0	13396	8.81	16.45	12.48	4.97	11661	15.84	28.87	13.24	4.97	12704	11.14	20.99	12.38	4.97	11548	16.86	30.36	13.23	4.99	12765	10.76	20.29	12.63	4.89	10596	26.32	41.29	13.18	4.99															2020-07-07 07:00:00
07.07.2020	07:06:00	RO_SE_001	3591	22567	111	0	13397	8.81	16.45	12.5	4.97	11661	15.84	28.87	13.24	4.97	12704	11.14	20.99	12.43	4.97	11549	16.85	30.35	13.27	4.99	12765	10.76	20.29	12.63	4.89	10596	26.32	41.29	13.21	4.99															2020-07-07 07:06:00
07.07.2020	07:12:00	RO_SE_001	3591	22568	111	0	13397	8.81	16.45	12.48	4.97	11661	15.84	28.87	13.24	4.97	12704	11.14	20.99	12.39	4.97	11549	16.85	30.35	13.23	4.99	12765	10.76	20.29	12.6	4.91	10596	26.32	41.29	13.16	4.97															2020-07-07 07:12:00
07.07.2020	07:18:00	RO_SE_001	3591	22569	117	0	13397	8.81	16.45	12.52	4.97	11661	15.84	28.87	13.23	4.97	12704	11.14	20.99	12.42	4.97	11549	16.85	30.35	13.25	5.02	12766	10.76	20.28	12.59	4.89	10597	26.31	41.28	13.2	4.99															2020-07-07 07:18:00
07.07.2020	07:24:00	RO_SE_001	3590	22570	117	0	13397	8.81	16.45	12.5	4.97	11661	15.84	28.87	13.24	4.97	12704	11.14	20.99	12.43	4.97	11550	16.85	30.34	13.21	4.99	12766	10.76	20.28	12.6	4.89	10597	26.31	41.28	13.21	4.97															2020-07-07 07:24:00
07.07.2020	07:30:00	RO_SE_001	3589	22571	117	0	13397	8.81	16.45	12.52	4.97	11662	15.84	28.86	13.21	4.97	12705	11.13	20.98	12.46	4.97	11549	16.85	30.35	13.24	4.99	12766	10.76	20.28	12.59	4.89	10597	26.31	41.28	13.16	4.97															2020-07-07 07:30:00
07.07.2020	07:36:00	RO_SE_001	3589	22572	117	0	13397	8.81	16.45	12.53	4.97	11662	15.84	28.86	13.2	4.97	12705	11.13	20.98	12.44	4.97	11549	16.85	30.35	13.19	4.99	12766	10.76	20.28	12.62	4.91	10597	26.31	41.28	13.17	4.99															2020-07-07 07:36:00
07.07.2020	07:42:00	RO_SE_001	3589	22573	105	0	13397	8.81	16.45	12.49	4.97	11662	15.84	28.86	13.2	4.97	12705	11.13	20.98	12.42	4.97	11549	16.85	30.35	13.2	4.99	12766	10.76	20.28	12.66	4.89	10597	26.31	41.28	13.18	4.99															2020-07-07 07:42:00
07.07.2020	07:48:00	RO_SE_001	3588	22574	111	0	13397	8.81	16.45	12.56	4.97	11662	15.84	28.86	13.21	4.97	12705	11.13	20.98	12.45	4.97	11549	16.85	30.35	13.2	4.99	12766	10.76	20.28	12.61	4.91	10597	26.31	41.28	13.14	4.97															2020-07-07 07:48:00
07.07.2020	07:54:00	RO_SE_001	3588	22575	93	0	13397	8.81	16.45	12.52	4.97	11662	15.84	28.86	13.17	4.97	12705	11.13	20.98	12.47	4.97	11550	16.85	30.34	13.2	4.99	12766	10.76	20.28	12.61	4.91	10597	26.31	41.28	13.14	4.97															2020-07-07 07:54:00
07.07.2020	08:00:00	RO_SE_001	3589	22576	84	0	13396	8.81	16.45	12.55	4.97	11662	15.84	28.86	13.18	4.97	12705	11.13	20.98	12.47	4.97	11550	16.85	30.34	13.2	4.99	12766	10.76	20.28	12.61	4.91	10597	26.31	41.28	13.16	4.99															2020-07-07 08:00:00
07.07.2020	08:06:00	RO_SE_001	3591	22577	123	0	13397	8.81	16.45	12.53	4.97	11663	15.83	28.85	13.18	4.97	12706	11.13	20.98	12.45	4.97	11550	16.85	30.34	13.21	4.99	12766	10.76	20.28	12.61	4.91	10597	26.31	41.28	13.16	4.97															2020-07-07 08:06:00
07.07.2020	08:12:00	RO_SE_001	3589	22578	123	0	13397	8.81	16.45	12.55	4.97	11663	15.83	28.85	13.18	4.97	12706	11.13	20.98	12.48	4.97	11550	16.85	30.34	13.2	4.99	12767	10.75	20.27	12.6	4.89	10598	26.29	41.27	13.13	4.99															2020-07-07 08:12:00
07.07.2020	08:18:00	RO_SE_001	3589	22579	123	0	13397	8.81	16.45	12.53	4.97	11664	15.82	28.84	13.17	4.97	12706	11.13	20.98	12.49	4.97	11551	16.84	30.33	13.2	4.99	12767	10.75	20.27	12.61	4.89	10598	26.29	41.27	13.14	4.99															2020-07-07 08:18:00
07.07.2020	08:24:00	RO_SE_001	3588	22580	132	0	13397	8.81	16.45	12.54	4.97	11664	15.82	28.84	13.15	4.97	12706	11.13	20.98	12.52	4.97	11551	16.84	30.33	13.18	4.99	12767	10.75	20.27	12.61	4.91	10598	26.29	41.27	13.09	4.99															2020-07-07 08:24:00
07.07.2020	08:30:00	RO_SE_001	3588	22581	132	0	13398	8.81	16.44	12.55	4.97	11664	15.82	28.84	13.14	4.97	12706	11.13	20.98	12.52	4.97	11551	16.84	30.33	13.19	4.99	12767	10.75	20.27	12.62	4.89	10598	26.29	41.27	13.09	4.99															2020-07-07 08:30:00
07.07.2020	08:36:00	RO_SE_001	3588	22582	105	0	13398	8.81	16.44	12.56	4.97	11665	15.82	28.83	13.16	4.97	12706	11.13	20.98	12.52	4.97	11551	16.84	30.33	13.19	4.99	12767	10.75	20.27	12.63	4.89	10598	26.29	41.27	13.12	4.97															2020-07-07 08:36:00
07.07.2020	08:42:00	RO_SE_001	3588	22583	105	0	13397	8.81	16.45	12.55	4.97	11665	15.82	28.83	13.14	4.97	12707	11.12	20.97	12.56	4.97	11551	16.84	30.33	13.16	4.99	12768	10.75	20.26	12.64	4.89	10598	26.29	41.27	13.13	4.99															2020-07-07 08:42:00
07.07.2020	08:48:00	RO_SE_001	3588	22584	105	0	13398	8.81	16.44	12.56	4.97	11664	15.82	28.84	13.15	4.97	12707	11.12	20.97	12.53	4.97	11551	16.84	30.33	13.14	4.99	12769	10.74	20.26	12.62	4.91	10598	26.29	41.27	13.1	4.97															2020-07-07 08:48:00
07.07.2020	08:54:00	RO_SE_001	3588	22585	108	0	13398	8.81	16.44	12.59	4.97	11665	15.82	28.83	13.15	4.97	12706	11.13	20.98	12.57	4.97	11552	16.83	30.32	13.14	4.99	12769	10.74	20.26	12.65	4.89	10598	26.29	41.27	13.11	4.99															2020-07-07 08:54:00
07.07.2020	09:00:00	RO_SE_001	3588	22586	108	0	13399	8.80	16.43	12.59	4.97	11665	15.82	28.83	13.16	4.97	12707	11.12	20.97	12.55	4.97	11552	16.83	30.32	13.16	4.99	12771	10.74	20.24	12.65	4.91	10599	26.28	41.26	13.11	4.99															2020-07-07 09:00:00
07.07.2020	09:06:00	RO_SE_001	3588	22587	114	0	13399	8.80	16.43	12.61	4.97	11665	15.82	28.83	13.13	4.97	12707	11.12	20.97	12.52	4.97	11552	16.83	30.32	13.16	4.99	12771	10.74	20.24	12.65	4.89	10599	26.28	41.26	13.09	4.99															2020-07-07 09:06:00
07.07.2020	09:12:00	RO_SE_001	3591	22588	102	0	13397	8.81	16.45	12.58	4.97	11665	15.82	28.83	13.11	4.97	12707	11.12	20.97	12.58	4.97	11552	16.83	30.32	13.15	4.99	12771	10.74	20.24	12.66	4.89	10599	26.28	41.26	13.11	4.99															2020-07-07 09:12:00
07.07.2020	09:18:00	RO_SE_001	3589	22589	102	0	13399	8.80	16.43	12.66	4.97	11665	15.82	28.83	13.11	4.97	12707	11.12	20.97	12.57	4.97	11553	16.83	30.31	13.17	4.99	12769	10.74	20.26	12.68	4.89	10599	26.28	41.26	13.1	4.97															2020-07-07 09:18:00
07.07.2020	09:24:00	RO_SE_001	3588	22590	132	0	13398	8.81	16.44	12.64	4.97	11666	15.81	28.82	13.07	4.97	12708	11.12	20.96	12.58	4.97	11553	16.83	30.31	13.13	4.99	12770	10.74	20.25	12.67	4.91	10599	26.28	41.26	13.06	4.97															2020-07-07 09:24:00
07.07.2020	09:30:00	RO_SE_001	3588	22591	126	0	13398	8.81	16.44	12.63	4.97	11667	15.81	28.81	13.13	4.97	12708	11.12	20.96	12.57	4.97	11553	16.83	30.31	13.15	5.02	12770	10.74	20.25	12.7	4.91	10599	26.28	41.26	13.11	4.99															2020-07-07 09:30:00
07.07.2020	09:36:00	RO_SE_001	3589	22592	132	0	13398	8.81	16.44	12.64	4.97	11667	15.81	28.81	13.11	4.97	12709	11.12	20.95	12.6	4.97	11553	16.83	30.31	13.1	4.99	12770	10.74	20.25	12.7	4.91	10599	26.28	41.26	13.07	4.99															2020-07-07 09:36:00
07.07.2020	09:42:00	RO_SE_001	3590	22593	132	0	13399	8.80	16.43	12.66	4.97	11667	15.81	28.81	13.11	4.97	12709	11.12	20.95	12.59	4.97	11553	16.83	30.31	13.13	4.99	12771	10.74	20.24	12.68	4.91	10599	26.28	41.26	13.08	4.99															2020-07-07 09:42:00
07.07.2020	09:48:00	RO_SE_001	3591	22594	132	0	13399	8.80	16.43	12.66	4.97	11667	15.81	28.81	13.09	4.97	12709	11.12	20.95	12.63	4.97	11554	16.82	30.3	13.1	5.02	12771	10.74	20.24	12.73	4.91	10599	26.28	41.26	13.05	4.97															2020-07-07 09:48:00
07.07.2020	09:54:00	RO_SE_001	3589	22595	111	0	13399	8.80	16.43	12.66	4.97	11668	15.80	28.8	13.09	4.97	12710	11.11	20.95	12.64	4.97	11554	16.82	30.3	13.13	4.99	12771	10.74	20.24	12.71	4.89	10599	26.28	41.26	13.08	4.97															2020-07-07 09:54:00
07.07.2020	10:00:00	RO_SE_001	3588	22596	132	0	13399	8.80	16.43	12.68	4.97	11668	15.80	28.8	13.11	4.97	12710	11.11	20.95	12.64	4.97	11554	16.82	30.3	13.12	4.99	12772	10.73	20.24	12.71	4.89	10600	26.26	41.24	13.06	4.99															2020-07-07 10:00:00
07.07.2020	10:06:00	RO_SE_001	3590	22597	132	0	13400	8.80	16.43	12.69	4.97	11668	15.80	28.8	13.1	4.97	12710	11.11	20.95	12.66	4.97	11554	16.82	30.3	13.05	4.99	12771	10.74	20.24	12.72	4.89	10600	26.26	41.24	13.02	4.99															2020-07-07 10:06:00
07.07.2020	10:12:00	RO_SE_001	3591	22598	96	0	13398	8.81	16.44	12.7	4.97	11669	15.79	28.79	13.1	4.97	12711	11.11	20.94	12.66	4.97	11555	16.81	30.29	13.11	4.99	12773	10.73	20.23	12.75	4.91	10600	26.26	41.24	13.03	4.99															2020-07-07 10:12:00
07.07.2020	10:18:00	RO_SE_001	3592	22599	126	0	13400	8.80	16.43	12.73	4.97	11670	15.79	28.78	13.09	4.97	12711	11.11	20.94	12.69	4.97	11555	16.81	30.29	13.07	4.99	12772	10.73	20.24	12.73	4.89	10600	26.26	41.24	13.03	4.99															2020-07-07 10:18:00
07.07.2020	10:24:00	RO_SE_001	3592	22600	111	0	13400	8.80	16.43	12.72	4.97	11670	15.79	28.78	13.08	4.97	12711	11.11	20.94	12.66	4.97	11555	16.81	30.29	13.06	4.99	12772	10.73	20.24	12.72	4.89	10600	26.26	41.24	13.06	4.99															2020-07-07 10:24:00
07.07.2020	10:30:00	RO_SE_001	3592	22601	132	0	13400	8.80	16.43	12.73	4.97	11671	15.78	28.77	13.07	4.97	12712	11.11	20.93	12.69	4.97	11555	16.81	30.29	13.09	4.99	12773	10.73	20.23	12.75	4.89	10600	26.26	41.24	13.02	4.99															2020-07-07 10:30:00
07.07.2020	10:36:00	RO_SE_001	3593	22602	132	0	13400	8.80	16.43	12.73	4.97	11670	15.79	28.78	13.11	4.97	12712	11.11	20.93	12.73	4.97	11556	16.81	30.28	13.07	4.99	12772	10.73	20.24	12.73	4.91	10599	26.28	41.26	13.05	4.99															2020-07-07 10:36:00
07.07.2020	10:42:00	RO_SE_001	3592	22603	84	0	13400	8.80	16.43	12.75	4.97	11671	15.78	28.77	13.06	4.97	12713	11.10	20.93	12.76	4.97	11555	16.81	30.29	13.1	4.99	12773	10.73	20.23	12.74	4.91	10600	26.26	41.24	13.05	4.99															2020-07-07 10:42:00
07.07.2020	10:48:00	RO_SE_001	3592	22604	132	0	13400	8.80	16.43	12.75	4.97	11672	15.78	28.77	13.08	4.97	12713	11.10	20.93	12.76	4.97	11556	16.81	30.28	13.06	4.99	12772	10.73	20.24	12.77	4.89	10600	26.26	41.24	13.01	4.99															2020-07-07 10:48:00
07.07.2020	10:54:00	RO_SE_001	3592	22605	126	0	13401	8.80	16.42	12.78	4.97	11672	15.78	28.77	13.09	4.97	12713	11.10	20.93	12.78	4.97	11557	16.80	30.27	13.08	4.99	12773	10.73	20.23	12.77	4.91	10600	26.26	41.24	13.02	4.97															2020-07-07 10:54:00
07.07.2020	11:00:00	RO_SE_001	3592	22606	120	0	13401	8.80	16.42	12.8	4.97	11672	15.78	28.77	13.05	4.97	12714	11.10	20.92	12.8	4.97	11556	16.81	30.28	13.08	4.99	12773	10.73	20.23	12.83	4.89	10600	26.26	41.24	13.03	4.99															2020-07-07 11:00:00
07.07.2020	11:06:00	RO_SE_001	3592	22607	99	0	13401	8.80	16.42	12.77	4.97	11672	15.78	28.77	13.05	4.97	12714	11.10	20.92	12.8	4.97	11556	16.81	30.28	13.07	4.99	12775	10.72	20.22	12.8	4.89	10600	26.26	41.24	12.98	4.99															2020-07-07 11:06:00
07.07.2020	11:12:00	RO_SE_001	3592	22608	126	0	13401	8.80	16.42	12.84	4.97	11671	15.78	28.77	13.03	4.97	12714	11.10	20.92	12.81	4.97	11556	16.81	30.28	13.04	4.99	12775	10.72	20.22	12.81	4.89	10600	26.26	41.24	12.98	4.99															2020-07-07 11:12:00
07.07.2020	11:18:00	RO_SE_001	3592	22609	126	0	13402	8.79	16.42	12.82	4.97	11672	15.78	28.77	13.05	4.97	12714	11.10	20.92	12.82	4.97	11557	16.80	30.27	13.09	4.99	12776	10.72	20.21	12.84	4.91	10600	26.26	41.24	13.02	4.99															2020-07-07 11:18:00
07.07.2020	11:24:00	RO_SE_001	3591	22610	126	0	13402	8.79	16.42	12.84	4.97	11673	15.77	28.76	13.05	4.97	12714	11.10	20.92	12.83	4.97	11557	16.80	30.27	13.06	4.99	12777	10.72	20.2	12.86	4.89	10600	26.26	41.24	12.98	4.99															2020-07-07 11:24:00
07.07.2020	11:30:00	RO_SE_001	3591	22611	117	0	13402	8.79	16.42	12.86	4.97	11673	15.77	28.76	13.07	4.97	12715	11.09	20.91	12.85	4.97	11557	16.80	30.27	13.02	4.99	12777	10.72	20.2	12.87	4.91	10600	26.26	41.24	12.99	4.99															2020-07-07 11:30:00
07.07.2020	11:36:00	RO_SE_001	3591	22612	123	0	13403	8.79	16.41	12.85	4.97	11674	15.76	28.75	13.02	4.97	12716	11.09	20.91	12.9	4.97	11558	16.79	30.26	13.04	4.99	12778	10.71	20.2	12.85	4.91	10600	26.26	41.24	12.99	4.99															2020-07-07 11:36:00
07.07.2020	11:42:00	RO_SE_001	3591	22613	132	0	13403	8.79	16.41	12.91	4.97	11674	15.76	28.75	12.99	4.97	12716	11.09	20.91	12.91	4.97	11558	16.79	30.26	13.05	4.99	12778	10.71	20.2	12.86	4.89	10601	26.25	41.23	12.99	4.97															2020-07-07 11:42:00
07.07.2020	11:48:00	RO_SE_001	3591	22614	132	0	13403	8.79	16.41	12.92	4.97	11674	15.76	28.75	13.05	4.97	12717	11.09	20.9	12.88	4.97	11558	16.79	30.26	13.06	4.99	12779	10.71	20.19	12.88	4.89	10601	26.25	41.23	13.01	4.99															2020-07-07 11:48:00
07.07.2020	11:54:00	RO_SE_001	3588	22615	126	0	13404	8.79	16.41	12.89	4.97	11675	15.76	28.74	13.05	4.97	12717	11.09	20.9	12.96	4.97	11558	16.79	30.26	13.06	5.02	12779	10.71	20.19	12.9	4.89	10601	26.25	41.23	12.95	4.99															2020-07-07 11:54:00
07.07.2020	12:06:00	RO_SE_001	3590	22617	147	0	13404	8.79	16.41	12.97	4.97	11676	15.75	28.73	13.0	4.97	12718	11.08	20.89	12.94	4.97	11559	16.79	30.25	13.03	4.99	12779	10.71	20.19	12.89	4.89	10601	26.25	41.23	12.98	4.97															2020-07-07 12:06:00
07.07.2020	12:12:00	RO_SE_001	3591	22618	138	0	13404	8.79	16.41	12.98	4.97	11676	15.75	28.73	13.01	4.97	12719	11.08	20.88	12.96	4.97	11560	16.78	30.24	13.03	4.99	12780	10.70	20.18	12.94	4.89	10601	26.25	41.23	12.98	4.97															2020-07-07 12:12:00
07.07.2020	12:18:00	RO_SE_001	3591	22619	138	0	13404	8.79	16.41	12.98	4.97	11676	15.75	28.73	13.02	4.97	12719	11.08	20.88	12.98	4.97	11560	16.78	30.24	13.03	4.99	12780	10.70	20.18	12.96	4.91	10601	26.25	41.23	12.98	4.99															2020-07-07 12:18:00
07.07.2020	12:24:00	RO_SE_001	3591	22620	111	0	13404	8.79	16.41	12.98	4.97	11678	15.74	28.71	13.02	4.97	12720	11.08	20.88	12.98	4.97	11560	16.78	30.24	13.02	4.99	12781	10.70	20.18	12.95	4.89	10601	26.25	41.23	12.99	4.99															2020-07-07 12:24:00
07.07.2020	12:30:00	RO_SE_001	3589	22621	111	0	13405	8.79	16.4	13.05	4.97	11678	15.74	28.71	13.01	4.97	12719	11.08	20.88	12.97	4.97	11561	16.77	30.23	13.01	4.99	12781	10.70	20.18	12.96	4.91	10601	26.25	41.23	12.95	4.97															2020-07-07 12:30:00
07.07.2020	12:36:00	RO_SE_001	3589	22622	111	0	13405	8.79	16.4	13.02	4.97	11678	15.74	28.71	13.02	4.97	12721	11.07	20.87	13.0	4.97	11561	16.77	30.23	13.02	4.99	12782	10.70	20.17	12.97	4.89	10602	26.24	41.22	12.93	4.99															2020-07-07 12:36:00
07.07.2020	12:42:00	RO_SE_001	3590	22623	111	0	13405	8.79	16.4	13.06	4.97	11679	15.73	28.7	13.02	4.97	12720	11.08	20.88	13.03	4.97	11561	16.77	30.23	13.02	4.99	12782	10.70	20.17	12.96	4.89	10602	26.24	41.22	12.96	4.99															2020-07-07 12:42:00
07.07.2020	12:48:00	RO_SE_001	3590	22624	111	0	13405	8.79	16.4	13.09	4.97	11679	15.73	28.7	13.02	4.97	12721	11.07	20.87	13.04	4.97	11561	16.77	30.23	12.99	4.99	12782	10.70	20.17	12.98	4.89	10602	26.24	41.22	12.96	4.99															2020-07-07 12:48:00
07.07.2020	12:54:00	RO_SE_001	3588	22625	141	0	13405	8.79	16.4	13.1	4.97	11679	15.73	28.7	13.02	4.97	12721	11.07	20.87	13.09	4.97	11562	16.77	30.22	12.99	4.99	12783	10.69	20.16	12.97	4.89	10602	26.24	41.22	12.96	4.99															2020-07-07 12:54:00
07.07.2020	13:00:00	RO_SE_001	3581	22626	132	0	13405	8.79	16.4	13.14	4.97	11679	15.73	28.7	13.02	4.97	12722	11.07	20.86	13.04	4.97	11562	16.77	30.22	13.01	4.99	12784	10.69	20.16	13.01	4.89	10602	26.24	41.22	12.95	4.99															2020-07-07 13:00:00
07.07.2020	13:06:00	RO_SE_001	3586	22627	132	0	13405	8.79	16.4	13.15	4.97	11680	15.73	28.69	13.01	4.97	12722	11.07	20.86	13.05	4.97	11563	16.76	30.21	13.05	4.99	12784	10.69	20.16	12.99	4.91	10602	26.24	41.22	12.95	4.99															2020-07-07 13:06:00
07.07.2020	13:12:00	RO_SE_001	3588	22628	132	0	13406	8.78	16.39	13.16	4.97	11680	15.73	28.69	12.95	4.97	12723	11.06	20.86	13.07	4.97	11562	16.77	30.22	13.0	5.02	12784	10.69	20.16	13.02	4.91	10602	26.24	41.22	12.94	4.99															2020-07-07 13:12:00
07.07.2020	13:18:00	RO_SE_001	3588	22629	135	0	13406	8.78	16.39	13.16	4.97	11681	15.72	28.68	13.02	4.97	12724	11.06	20.85	13.06	4.97	11563	16.76	30.21	12.98	4.99	12785	10.69	20.15	13.03	4.89	10603	26.22	41.2	12.94	4.99															2020-07-07 13:18:00
07.07.2020	13:24:00	RO_SE_001	3588	22630	135	0	13406	8.78	16.39	13.18	4.97	11681	15.72	28.68	12.98	4.97	12724	11.06	20.85	13.08	4.97	11563	16.76	30.21	12.98	4.99	12786	10.68	20.14	13.05	4.91	10603	26.22	41.2	12.91	4.97															2020-07-07 13:24:00
07.07.2020	13:30:00	RO_SE_001	3588	22631	135	0	13407	8.78	16.39	13.2	4.97	11681	15.72	28.68	12.98	4.97	12725	11.06	20.84	13.09	4.97	11563	16.76	30.21	13.01	4.99	12786	10.68	20.14	13.06	4.91	10603	26.22	41.2	12.94	4.99															2020-07-07 13:30:00
07.07.2020	13:36:00	RO_SE_001	3589	22632	135	0	13407	8.78	16.39	13.25	4.97	11681	15.72	28.68	12.97	4.97	12725	11.06	20.84	13.13	4.97	11563	16.76	30.21	12.98	4.99	12786	10.68	20.14	13.05	4.89	10603	26.22	41.2	12.93	4.99															2020-07-07 13:36:00
07.07.2020	13:42:00	RO_SE_001	3589	22633	132	0	13407	8.78	16.39	13.22	4.97	11681	15.72	28.68	13.01	4.97	12726	11.05	20.84	13.1	4.97	11564	16.75	30.2	12.99	4.99	12786	10.68	20.14	13.06	4.89	10603	26.22	41.2	12.94	4.99															2020-07-07 13:42:00
07.07.2020	13:48:00	RO_SE_001	3590	22634	123	0	13408	8.78	16.38	13.27	4.97	11683	15.71	28.66	12.97	4.97	12727	11.05	20.83	13.18	4.97	11564	16.75	30.2	12.98	4.99	12787	10.68	20.13	13.07	4.91	10603	26.22	41.2	12.93	4.99															2020-07-07 13:48:00
07.07.2020	13:54:00	RO_SE_001	3590	22635	123	0	13408	8.78	16.38	13.25	4.97	11683	15.71	28.66	12.96	4.97	12727	11.05	20.83	13.2	4.97	11564	16.75	30.2	12.95	4.99	12788	10.68	20.13	13.08	4.91	10603	26.22	41.2	12.95	4.99															2020-07-07 13:54:00
07.07.2020	14:00:00	RO_SE_001	3590	22636	123	0	13409	8.77	16.38	13.25	4.97	11684	15.70	28.65	12.98	4.97	12727	11.05	20.83	13.19	4.97	11565	16.75	30.19	12.98	4.99	12788	10.68	20.13	13.09	4.89	10603	26.22	41.2	12.93	4.99															2020-07-07 14:00:00
07.07.2020	14:06:00	RO_SE_001	3591	22637	132	0	13409	8.77	16.38	13.3	4.97	11685	15.70	28.65	12.99	4.97	12728	11.05	20.82	13.23	4.97	11565	16.75	30.19	12.98	4.99	12789	10.67	20.12	13.13	4.91	10603	26.22	41.2	12.95	4.99															2020-07-07 14:06:00
07.07.2020	14:12:00	RO_SE_001	3591	22638	132	0	13410	8.77	16.37	13.3	4.97	11685	15.70	28.65	12.98	4.97	12728	11.05	20.82	13.24	4.97	11565	16.75	30.19	12.97	4.99	12790	10.67	20.11	13.1	4.91	10604	26.21	41.19	12.91	4.99															2020-07-07 14:12:00
07.07.2020	14:18:00	RO_SE_001	3588	22639	129	0	13410	8.77	16.37	13.31	4.97	11686	15.69	28.64	13.01	4.97	12729	11.04	20.82	13.29	4.97	11566	16.74	30.18	12.98	4.99	12790	10.67	20.11	13.13	4.89	10604	26.21	41.19	12.94	4.99															2020-07-07 14:18:00
07.07.2020	14:24:00	RO_SE_001	3590	22640	132	0	13411	8.77	16.37	13.34	4.97	11686	15.69	28.64	12.98	4.97	12730	11.04	20.81	13.28	4.97	11566	16.74	30.18	12.96	4.99	12791	10.66	20.11	13.13	4.91	10604	26.21	41.19	12.93	4.99															2020-07-07 14:24:00
07.07.2020	14:30:00	RO_SE_001	3591	22641	132	0	13411	8.77	16.37	13.33	4.97	11686	15.69	28.64	12.97	4.97	12730	11.04	20.81	13.29	4.97	11567	16.73	30.17	12.99	4.99	12792	10.66	20.1	13.13	4.91	10604	26.21	41.19	12.93	4.97															2020-07-07 14:30:00
07.07.2020	14:36:00	RO_SE_001	3592	22642	132	0	13411	8.77	16.37	13.35	4.97	11686	15.69	28.64	12.98	4.97	12731	11.03	20.8	13.3	4.97	11567	16.73	30.17	12.95	4.99	12793	10.66	20.09	13.17	4.91	10604	26.21	41.19	12.9	4.99															2020-07-07 14:36:00
07.07.2020	14:42:00	RO_SE_001	3591	22643	84	0	13412	8.77	16.36	13.36	4.97	11687	15.68	28.63	12.94	4.97	12731	11.03	20.8	13.34	4.97	11567	16.73	30.17	12.96	4.99	12792	10.66	20.1	13.19	4.89	10604	26.21	41.19	12.92	4.97															2020-07-07 14:42:00
07.07.2020	14:48:00	RO_SE_001	3591	22644	84	0	13412	8.77	16.36	13.38	4.97	11687	15.68	28.63	12.96	4.97	12732	11.03	20.8	13.3	4.97	11568	16.73	30.17	12.97	4.99	12793	10.66	20.09	13.2	4.89	10604	26.21	41.19	12.93	4.97															2020-07-07 14:48:00
07.07.2020	14:54:00	RO_SE_001	3591	22645	99	0	13412	8.77	16.36	13.38	4.97	11687	15.68	28.63	12.95	4.97	12733	11.03	20.79	13.3	4.97	11568	16.73	30.17	12.96	4.99	12793	10.66	20.09	13.2	4.91	10604	26.21	41.19	12.94	4.97															2020-07-07 14:54:00
07.07.2020	15:00:00	RO_SE_001	3591	22646	105	0	13413	8.76	16.35	13.41	4.97	11688	15.68	28.62	12.95	4.97	12733	11.03	20.79	13.3	4.97	11569	16.72	30.16	13.0	4.99	12794	10.65	20.09	13.2	4.89	10605	26.19	41.18	12.89	4.99															2020-07-07 15:00:00
07.07.2020	15:06:00	RO_SE_001	3591	22647	105	0	13414	8.76	16.35	13.41	4.97	11688	15.68	28.62	13.0	4.97	12734	11.02	20.78	13.34	4.97	11569	16.72	30.16	12.95	4.99	12795	10.65	20.08	13.19	4.89	10605	26.19	41.18	12.91	4.97															2020-07-07 15:06:00
07.07.2020	15:12:00	RO_SE_001	3591	22648	135	0	13414	8.76	16.35	13.41	4.97	11688	15.68	28.62	12.98	4.97	12735	11.02	20.77	13.38	4.97	11569	16.72	30.16	12.98	4.99	12795	10.65	20.08	13.2	4.89	10605	26.19	41.18	12.93	4.99															2020-07-07 15:12:00
07.07.2020	15:18:00	RO_SE_001	3592	22649	141	0	13415	8.76	16.34	13.43	4.97	11689	15.67	28.61	12.97	4.97	12734	11.02	20.78	13.33	4.97	11570	16.71	30.15	12.95	4.99	12796	10.65	20.07	13.2	4.89	10605	26.19	41.18	12.96	4.97															2020-07-07 15:18:00
07.07.2020	15:24:00	RO_SE_001	3591	22650	132	0	13415	8.76	16.34	13.44	4.97	11689	15.67	28.61	12.99	4.97	12735	11.02	20.77	13.34	4.97	11570	16.71	30.15	13.0	5.02	12797	10.64	20.07	13.22	4.89	10605	26.19	41.18	12.91	4.99															2020-07-07 15:24:00
07.07.2020	15:30:00	RO_SE_001	3592	22651	132	0	13416	8.75	16.34	13.41	4.97	11690	15.67	28.6	12.97	4.97	12736	11.02	20.77	13.36	4.97	11570	16.71	30.15	12.96	5.02	12797	10.64	20.07	13.21	4.89	10605	26.19	41.18	12.91	4.99															2020-07-07 15:30:00
07.07.2020	15:36:00	RO_SE_001	3591	22652	132	0	13416	8.75	16.34	13.42	4.97	11689	15.67	28.61	12.95	4.97	12736	11.02	20.77	13.38	4.97	11570	16.71	30.15	12.95	4.99	12798	10.64	20.06	13.25	4.89	10605	26.19	41.18	12.93	4.99															2020-07-07 15:36:00
07.07.2020	15:42:00	RO_SE_001	3592	22653	132	0	13417	8.75	16.33	13.45	4.97	11688	15.68	28.62	12.96	4.97	12737	11.01	20.76	13.37	4.97	11570	16.71	30.15	12.92	4.99	12798	10.64	20.06	13.23	4.89	10605	26.19	41.18	12.89	4.97															2020-07-07 15:42:00
07.07.2020	15:48:00	RO_SE_001	3593	22654	132	0	13417	8.75	16.33	13.42	4.97	11690	15.67	28.6	12.95	4.97	12737	11.01	20.76	13.42	4.97	11571	16.71	30.14	12.98	4.99	12799	10.64	20.05	13.27	4.89	10605	26.19	41.18	12.92	4.99															2020-07-07 15:48:00
07.07.2020	15:54:00	RO_SE_001	3593	22655	132	0	13417	8.75	16.33	13.46	4.97	11691	15.66	28.59	12.97	4.97	12738	11.01	20.75	13.4	4.97	11571	16.71	30.14	12.95	4.99	12799	10.64	20.05	13.23	4.89	10606	26.18	41.16	12.93	4.99															2020-07-07 15:54:00
07.07.2020	16:00:00	RO_SE_001	3592	22656	132	0	13418	8.75	16.33	13.45	4.97	11691	15.66	28.59	12.97	4.97	12739	11.01	20.75	13.4	4.97	11571	16.71	30.14	12.96	4.99	12799	10.64	20.05	13.26	4.91	10606	26.18	41.16	12.91	4.97															2020-07-07 16:00:00
07.07.2020	16:06:00	RO_SE_001	3592	22657	123	0	13418	8.75	16.33	13.46	4.97	11692	15.65	28.58	12.95	4.97	12739	11.01	20.75	13.44	4.97	11572	16.70	30.13	12.91	4.99	12800	10.63	20.05	13.28	4.91	10606	26.18	41.16	12.91	4.99															2020-07-07 16:06:00
07.07.2020	16:12:00	RO_SE_001	3592	22658	132	0	13418	8.75	16.33	13.48	4.97	11692	15.65	28.58	12.95	4.97	12740	11.00	20.74	13.44	4.97	11572	16.70	30.13	12.95	4.99	12801	10.63	20.04	13.29	4.89	10606	26.18	41.16	12.91	4.99															2020-07-07 16:12:00
07.07.2020	16:18:00	RO_SE_001	3593	22659	132	0	13418	8.75	16.33	13.46	4.97	11692	15.65	28.58	12.94	4.97	12741	11.00	20.73	13.49	4.97	11572	16.70	30.13	12.91	4.99	12801	10.63	20.04	13.27	4.89	10606	26.18	41.16	12.9	4.97															2020-07-07 16:18:00
07.07.2020	16:24:00	RO_SE_001	3592	22660	132	0	13419	8.75	16.32	13.52	4.97	11692	15.65	28.58	12.93	4.97	12740	11.00	20.74	13.45	4.97	11573	16.69	30.12	12.95	4.99	12802	10.63	20.03	13.29	4.89	10606	26.18	41.16	12.93	4.97															2020-07-07 16:24:00
07.07.2020	16:30:00	RO_SE_001	3592	22661	132	0	13419	8.75	16.32	13.48	4.97	11692	15.65	28.58	12.93	4.97	12741	11.00	20.73	13.46	4.97	11573	16.69	30.12	12.98	4.99	12802	10.63	20.03	13.29	4.91	10606	26.18	41.16	12.95	4.97															2020-07-07 16:30:00
07.07.2020	16:36:00	RO_SE_001	3592	22662	138	0	13419	8.75	16.32	13.52	4.97	11692	15.65	28.58	12.99	4.97	12742	10.99	20.73	13.46	4.97	11574	16.69	30.11	12.96	4.99	12803	10.62	20.03	13.32	4.89	10606	26.18	41.16	12.93	4.97															2020-07-07 16:36:00
07.07.2020	16:42:00	RO_SE_001	3594	22663	138	0	13420	8.74	16.31	13.49	4.97	11693	15.65	28.57	12.98	4.97	12742	10.99	20.73	13.45	4.97	11574	16.69	30.11	12.91	4.99	12809	10.60	19.99	13.3	4.89	10606	26.18	41.16	12.93	4.99															2020-07-07 16:42:00
07.07.2020	16:48:00	RO_SE_001	3592	22664	138	0	13420	8.74	16.31	13.51	4.97	11693	15.65	28.57	12.95	4.97	12743	10.99	20.72	13.51	4.97	11574	16.69	30.11	12.94	4.99	12809	10.60	19.99	13.3	4.89	10607	26.16	41.15	12.9	4.99															2020-07-07 16:48:00
07.07.2020	16:54:00	RO_SE_001	3591	22665	126	0	13422	8.74	16.3	13.55	4.97	11693	15.65	28.57	12.95	4.97	12743	10.99	20.72	13.47	4.97	11575	16.68	30.1	12.94	4.99	12809	10.60	19.99	13.32	4.89	10607	26.16	41.15	12.93	4.99															2020-07-07 16:54:00
07.07.2020	17:00:00	RO_SE_001	3589	22666	132	0	13422	8.74	16.3	13.49	4.97	11694	15.64	28.56	12.9	4.97	12744	10.99	20.71	13.45	4.97	11575	16.68	30.1	12.91	4.99	12809	10.60	19.99	13.32	4.91	10607	26.16	41.15	12.94	4.99															2020-07-07 17:00:00
07.07.2020	17:06:00	RO_SE_001	3591	22667	132	0	13423	8.74	16.3	13.52	4.97	11694	15.64	28.56	12.95	4.97	12745	10.98	20.71	13.49	4.97	11576	16.67	30.09	12.94	5.02	12809	10.60	19.99	13.32	4.89	10606	26.18	41.16	12.91	4.99															2020-07-07 17:06:00
07.07.2020	17:12:00	RO_SE_001	3593	22668	132	0	13423	8.74	16.3	13.56	4.97	11695	15.64	28.55	12.97	4.97	12745	10.98	20.71	13.48	4.97	11576	16.67	30.09	12.94	4.99	12809	10.60	19.99	13.35	4.89	10607	26.16	41.15	12.91	4.99															2020-07-07 17:12:00
07.07.2020	17:18:00	RO_SE_001	3591	22669	132	0	13423	8.74	16.3	13.56	4.97	11695	15.64	28.55	12.98	4.97	12745	10.98	20.71	13.45	4.97	11576	16.67	30.09	12.94	4.99	12809	10.60	19.99	13.34	4.89	10607	26.16	41.15	12.91	4.99															2020-07-07 17:18:00
07.07.2020	17:24:00	RO_SE_001	3592	22670	132	0	13424	8.73	16.29	13.57	4.97	11695	15.64	28.55	12.95	4.97	12745	10.98	20.71	13.51	4.97	11577	16.67	30.08	12.95	4.99	12809	10.60	19.99	13.36	4.89	10607	26.16	41.15	12.91	4.99															2020-07-07 17:24:00
07.07.2020	17:30:00	RO_SE_001	3588	22671	120	0	13424	8.73	16.29	13.58	4.97	11695	15.64	28.55	12.95	4.97	12746	10.98	20.7	13.52	4.97	11577	16.67	30.08	12.98	4.99	12809	10.60	19.99	13.37	4.91	10607	26.16	41.15	12.91	4.97															2020-07-07 17:30:00
07.07.2020	17:36:00	RO_SE_001	3589	22672	120	0	13425	8.73	16.29	13.59	4.97	11695	15.64	28.55	12.95	4.97	12747	10.98	20.69	13.52	4.97	11577	16.67	30.08	12.95	4.99	12809	10.60	19.99	13.34	4.89	10607	26.16	41.15	12.91	4.99															2020-07-07 17:36:00
07.07.2020	17:42:00	RO_SE_001	3591	22673	120	0	13425	8.73	16.29	13.58	4.97	11696	15.63	28.54	12.95	4.97	12748	10.97	20.68	13.5	4.97	11578	16.66	30.07	12.92	4.99	12809	10.60	19.99	13.34	4.89	10608	26.15	41.14	12.91	4.97															2020-07-07 17:42:00
07.07.2020	17:48:00	RO_SE_001	3591	22674	120	0	13426	8.73	16.28	13.59	4.97	11696	15.63	28.54	12.96	4.97	12748	10.97	20.68	13.53	4.97	11577	16.67	30.08	12.92	4.99	12809	10.60	19.99	13.36	4.89	10608	26.15	41.14	12.93	4.99															2020-07-07 17:48:00
07.07.2020	17:54:00	RO_SE_001	3593	22675	120	0	13425	8.73	16.29	13.59	4.97	11697	15.62	28.54	12.95	4.97	12748	10.97	20.68	13.54	4.97	11577	16.67	30.08	12.92	5.02	12809	10.60	19.99	13.42	4.89	10607	26.16	41.15	12.89	4.97															2020-07-07 17:54:00
07.07.2020	18:00:00	RO_SE_001	3587	22676	132	0	13426	8.73	16.28	13.64	4.97	11697	15.62	28.54	12.96	4.97	12749	10.97	20.68	13.52	4.97	11578	16.66	30.07	12.96	4.99	12809	10.60	19.99	13.35	4.89	10607	26.16	41.15	12.87	4.97															2020-07-07 18:00:00
07.07.2020	18:06:00	RO_SE_001	3591	22677	132	0	13426	8.73	16.28	13.59	4.97	11697	15.62	28.54	12.97	4.97	12749	10.97	20.68	13.48	4.97	11578	16.66	30.07	12.95	4.99	12809	10.60	19.99	13.38	4.89	10607	26.16	41.15	12.93	4.99															2020-07-07 18:06:00
07.07.2020	18:12:00	RO_SE_001	3591	22678	132	0	13428	8.72	16.27	13.6	4.97	11698	15.62	28.53	12.95	4.97	12750	10.96	20.67	13.52	4.97	11579	16.65	30.06	12.95	4.99	12810	10.60	19.98	13.39	4.89	10607	26.16	41.15	12.9	4.97															2020-07-07 18:12:00
07.07.2020	18:18:00	RO_SE_001	3549	22679	108	0	13428	8.72	16.27	13.6	4.97	11698	15.62	28.53	12.95	4.97	12750	10.96	20.67	13.53	4.97	11579	16.65	30.06	12.91	4.99	12810	10.60	19.98	13.35	4.89	10607	26.16	41.15	12.92	4.97															2020-07-07 18:18:00
07.07.2020	18:24:00	RO_SE_001	3588	22680	120	0	13429	8.72	16.26	13.63	4.97	11698	15.62	28.53	12.98	4.97	12750	10.96	20.67	13.55	4.97	11579	16.65	30.06	12.92	4.99	12810	10.60	19.98	13.4	4.89	10607	26.16	41.15	12.97	4.99															2020-07-07 18:24:00
07.07.2020	18:30:00	RO_SE_001	3590	22681	120	0	13430	8.72	16.26	13.62	4.97	11699	15.61	28.52	12.98	4.97	12751	10.96	20.66	13.55	4.97	11579	16.65	30.06	12.95	4.99	12811	10.59	19.97	13.35	4.91	10608	26.15	41.14	12.95	4.99															2020-07-07 18:30:00
07.07.2020	18:36:00	RO_SE_001	3592	22682	111	0	13430	8.72	16.26	13.61	4.97	11699	15.61	28.52	12.91	4.97	12751	10.96	20.66	13.56	4.97	11580	16.65	30.05	12.88	4.99	12811	10.59	19.97	13.42	4.89	10608	26.15	41.14	12.91	4.97															2020-07-07 18:36:00
07.07.2020	18:42:00	RO_SE_001	3594	22683	132	0	13430	8.72	16.26	13.63	4.97	11699	15.61	28.52	12.98	4.97	12752	10.96	20.66	13.55	4.97	11580	16.65	30.05	12.96	4.99	12812	10.59	19.96	13.38	4.89	10608	26.15	41.14	12.9	4.99															2020-07-07 18:42:00
07.07.2020	18:48:00	RO_SE_001	3594	22684	132	0	13430	8.72	16.26	13.65	4.97	11699	15.61	28.52	12.98	4.97	12752	10.96	20.66	13.56	4.97	11580	16.65	30.05	12.95	4.99	12812	10.59	19.96	13.4	4.89	10608	26.15	41.14	12.95	4.99															2020-07-07 18:48:00
07.07.2020	18:54:00	RO_SE_001	3595	22685	120	0	13430	8.72	16.26	13.65	4.97	11699	15.61	28.52	12.95	4.97	12753	10.95	20.65	13.53	4.97	11581	16.64	30.04	12.94	4.99	12812	10.59	19.96	13.39	4.91	10608	26.15	41.14	12.92	4.99															2020-07-07 18:54:00
07.07.2020	19:00:00	RO_SE_001	3595	22686	117	0	13431	8.71	16.25	13.66	4.97	11699	15.61	28.52	12.95	4.97	12753	10.95	20.65	13.57	4.97	11581	16.64	30.04	12.91	4.99	12813	10.59	19.96	13.4	4.89	10608	26.15	41.14	12.93	4.97															2020-07-07 19:00:00
07.07.2020	19:06:00	RO_SE_001	3593	22687	132	0	13431	8.71	16.25	13.6	4.97	11698	15.62	28.53	12.95	4.97	12753	10.95	20.65	13.58	4.97	11581	16.64	30.04	12.95	4.99	12813	10.59	19.96	13.38	4.89	10608	26.15	41.14	12.91	4.97															2020-07-07 19:06:00
07.07.2020	19:12:00	RO_SE_001	3594	22688	141	0	13431	8.71	16.25	13.63	4.97	11698	15.62	28.53	12.95	4.97	12754	10.95	20.64	13.53	4.97	11581	16.64	30.04	12.93	4.99	12813	10.59	19.96	13.41	4.89	10608	26.15	41.14	12.93	4.97															2020-07-07 19:12:00
07.07.2020	19:18:00	RO_SE_001	3594	22689	132	0	13432	8.71	16.25	13.59	4.97	11698	15.62	28.53	12.95	4.97	12754	10.95	20.64	13.53	4.97	11582	16.63	30.03	12.95	4.99	12813	10.59	19.96	13.4	4.89	10609	26.14	41.12	12.9	4.99															2020-07-07 19:18:00
07.07.2020	19:24:00	RO_SE_001	3594	22690	123	0	13432	8.71	16.25	13.63	4.97	11697	15.62	28.54	12.98	4.97	12754	10.95	20.64	13.51	4.97	11582	16.63	30.03	12.94	4.99	12813	10.59	19.96	13.39	4.89	10609	26.14	41.12	12.91	4.97															2020-07-07 19:24:00
07.07.2020	19:30:00	RO_SE_001	3594	22691	123	0	13432	8.71	16.25	13.61	4.97	11698	15.62	28.53	12.98	4.97	12754	10.95	20.64	13.49	4.97	11582	16.63	30.03	12.96	4.99	12813	10.59	19.96	13.42	4.91	10609	26.14	41.12	12.93	4.99															2020-07-07 19:30:00
07.07.2020	19:36:00	RO_SE_001	3593	22692	138	0	13432	8.71	16.25	13.62	4.97	11697	15.62	28.54	12.97	4.97	12755	10.95	20.64	13.5	4.97	11582	16.63	30.03	12.95	5.02	12814	10.58	19.95	13.4	4.89	10609	26.14	41.12	12.91	4.99															2020-07-07 19:36:00
07.07.2020	19:42:00	RO_SE_001	3594	22693	132	0	13432	8.71	16.25	13.59	4.97	11698	15.62	28.53	12.99	4.97	12755	10.95	20.64	13.53	4.97	11583	16.63	30.02	12.92	4.99	12814	10.58	19.95	13.39	4.89	10609	26.14	41.12	12.92	4.99															2020-07-07 19:42:00
07.07.2020	19:48:00	RO_SE_001	3594	22694	132	0	13431	8.71	16.25	13.59	4.97	11698	15.62	28.53	12.97	4.97	12755	10.95	20.64	13.5	4.97	11583	16.63	30.02	12.94	4.99	12814	10.58	19.95	13.46	4.91	10609	26.14	41.12	12.92	4.99															2020-07-07 19:48:00
07.07.2020	19:54:00	RO_SE_001	3593	22695	132	0	13432	8.71	16.25	13.58	4.97	11698	15.62	28.53	12.96	4.97	12755	10.95	20.64	13.52	4.97	11583	16.63	30.02	12.91	4.99	12814	10.58	19.95	13.38	4.91	10609	26.14	41.12	12.91	4.99															2020-07-07 19:54:00
07.07.2020	20:00:00	RO_SE_001	3593	22696	132	0	13432	8.71	16.25	13.59	4.97	11698	15.62	28.53	12.97	4.97	12755	10.95	20.64	13.51	4.97	11584	16.62	30.01	12.92	4.99	12814	10.58	19.95	13.38	4.89	10609	26.14	41.12	12.92	4.97															2020-07-07 20:00:00
07.07.2020	20:06:00	RO_SE_001	3593	22697	132	0	13432	8.71	16.25	13.61	4.97	11698	15.62	28.53	12.97	4.97	12755	10.95	20.64	13.51	4.97	11584	16.62	30.01	12.98	4.99	12815	10.58	19.94	13.39	4.89	10609	26.14	41.12	12.88	4.97															2020-07-07 20:06:00
07.07.2020	20:12:00	RO_SE_001	3593	22698	132	0	13432	8.71	16.25	13.55	4.97	11698	15.62	28.53	12.97	4.97	12755	10.95	20.64	13.5	4.97	11584	16.62	30.01	12.97	4.99	12815	10.58	19.94	13.41	4.91	10610	26.12	41.11	12.93	4.99															2020-07-07 20:12:00
07.07.2020	20:18:00	RO_SE_001	3593	22699	132	0	13432	8.71	16.25	13.55	4.97	11698	15.62	28.53	12.96	4.97	12756	10.94	20.63	13.5	4.97	11584	16.62	30.01	12.94	4.99	12815	10.58	19.94	13.37	4.89	10610	26.12	41.11	12.95	4.97															2020-07-07 20:18:00
07.07.2020	20:24:00	RO_SE_001	3594	22700	132	0	13433	8.71	16.24	13.56	4.97	11698	15.62	28.53	12.98	4.97	12756	10.94	20.63	13.51	4.97	11584	16.62	30.01	12.96	4.99	12815	10.58	19.94	13.39	4.89	10610	26.12	41.11	12.95	4.97															2020-07-07 20:24:00
07.07.2020	20:30:00	RO_SE_001	3593	22701	132	0	13433	8.71	16.24	13.55	4.97	11698	15.62	28.53	12.97	4.97	12756	10.94	20.63	13.5	4.97	11584	16.62	30.01	12.96	5.02	12816	10.58	19.94	13.39	4.89	10610	26.12	41.11	12.93	4.99															2020-07-07 20:30:00
07.07.2020	20:36:00	RO_SE_001	3593	22702	132	0	13432	8.71	16.25	13.55	4.97	11698	15.62	28.53	12.98	4.97	12757	10.94	20.62	13.45	4.97	11584	16.62	30.01	12.98	4.99	12816	10.58	19.94	13.39	4.89	10610	26.12	41.11	12.91	4.97															2020-07-07 20:36:00
07.07.2020	20:42:00	RO_SE_001	3593	22703	132	0	13433	8.71	16.24	13.54	4.97	11698	15.62	28.53	12.99	4.97	12757	10.94	20.62	13.48	4.97	11584	16.62	30.01	12.95	4.99	12816	10.58	19.94	13.4	4.89	10610	26.12	41.11	12.94	4.99															2020-07-07 20:42:00
07.07.2020	20:48:00	RO_SE_001	3593	22704	132	0	13432	8.71	16.25	13.52	4.97	11699	15.61	28.52	12.98	4.97	12757	10.94	20.62	13.51	4.97	11584	16.62	30.01	12.92	4.99	12816	10.58	19.94	13.38	4.91	10610	26.12	41.11	12.92	4.99															2020-07-07 20:48:00
07.07.2020	20:54:00	RO_SE_001	3595	22705	132	0	13433	8.71	16.24	13.54	4.97	11698	15.62	28.53	12.99	4.97	12757	10.94	20.62	13.47	4.97	11584	16.62	30.01	12.91	4.99	12817	10.57	19.93	13.37	4.89	10610	26.12	41.11	12.91	4.97															2020-07-07 20:54:00
07.07.2020	21:00:00	RO_SE_001	3595	22706	138	0	13433	8.71	16.24	13.54	4.97	11698	15.62	28.53	12.98	4.97	12757	10.94	20.62	13.5	4.97	11585	16.61	30.0	12.93	4.99	12817	10.57	19.93	13.37	4.89	10610	26.12	41.11	12.92	4.99															2020-07-07 21:00:00
07.07.2020	21:06:00	RO_SE_001	3594	22707	138	0	13433	8.71	16.24	13.54	4.97	11699	15.61	28.52	12.98	4.97	12758	10.94	20.62	13.41	4.97	11585	16.61	30.0	12.94	4.99	12818	10.57	19.92	13.34	4.91	10610	26.12	41.11	12.93	4.99															2020-07-07 21:06:00
07.07.2020	21:12:00	RO_SE_001	3594	22708	132	0	13433	8.71	16.24	13.49	4.97	11699	15.61	28.52	12.97	4.97	12758	10.94	20.62	13.44	4.97	11585	16.61	30.0	12.93	4.99	12818	10.57	19.92	13.41	4.91	10611	26.11	41.1	12.94	4.97															2020-07-07 21:12:00
07.07.2020	21:18:00	RO_SE_001	3595	22709	132	0	13433	8.71	16.24	13.52	4.97	11699	15.61	28.52	12.98	4.97	12758	10.94	20.62	13.45	4.97	11586	16.61	29.99	12.96	4.99	12818	10.57	19.92	13.37	4.91	10611	26.11	41.1	12.93	4.99															2020-07-07 21:18:00
07.07.2020	21:24:00	RO_SE_001	3595	22710	132	0	13433	8.71	16.24	13.49	4.97	11698	15.62	28.53	12.96	4.97	12758	10.94	20.62	13.46	4.97	11586	16.61	29.99	12.93	4.99	12818	10.57	19.92	13.36	4.89	10611	26.11	41.1	12.93	4.99															2020-07-07 21:24:00
07.07.2020	21:30:00	RO_SE_001	3595	22711	132	0	13433	8.71	16.24	13.5	4.97	11698	15.62	28.53	12.97	4.97	12759	10.93	20.61	13.45	4.97	11586	16.61	29.99	12.98	4.99	12818	10.57	19.92	13.36	4.91	10611	26.11	41.1	12.93	4.97															2020-07-07 21:30:00
07.07.2020	21:36:00	RO_SE_001	3552	22712	132	0	13433	8.71	16.24	13.5	4.97	11698	15.62	28.53	12.98	4.97	12759	10.93	20.61	13.4	4.97	11586	16.61	29.99	12.92	4.99	12818	10.57	19.92	13.34	4.89	10611	26.11	41.1	12.92	4.99															2020-07-07 21:36:00
07.07.2020	21:42:00	RO_SE_001	3594	22713	132	0	13433	8.71	16.24	13.48	4.97	11699	15.61	28.52	12.98	4.97	12759	10.93	20.61	13.38	4.97	11587	16.60	29.98	12.95	4.99	12819	10.56	19.92	13.36	4.89	10611	26.11	41.1	12.95	4.99															2020-07-07 21:42:00
07.07.2020	21:48:00	RO_SE_001	3594	22714	132	0	13433	8.71	16.24	13.48	4.97	11699	15.61	28.52	13.01	4.97	12759	10.93	20.61	13.38	4.97	11587	16.60	29.98	12.96	4.99	12819	10.56	19.92	13.32	4.89	10611	26.11	41.1	12.91	4.99															2020-07-07 21:48:00
07.07.2020	21:54:00	RO_SE_001	3595	22715	123	0	13433	8.71	16.24	13.46	4.97	11699	15.61	28.52	12.98	4.97	12759	10.93	20.61	13.39	4.97	11587	16.60	29.98	12.95	4.99	12819	10.56	19.92	13.33	4.89	10611	26.11	41.1	12.92	4.97															2020-07-07 21:54:00
07.07.2020	22:00:00	RO_SE_001	3595	22716	132	0	13433	8.71	16.24	13.47	4.97	11699	15.61	28.52	12.99	4.97	12760	10.93	20.6	13.4	4.97	11587	16.60	29.98	12.95	4.99	12819	10.56	19.92	13.34	4.91	10611	26.11	41.1	12.9	4.99															2020-07-07 22:00:00
07.07.2020	22:06:00	RO_SE_001	3594	22717	132	0	13434	8.70	16.23	13.45	4.97	11699	15.61	28.52	12.98	4.97	12760	10.93	20.6	13.39	4.97	11588	16.59	29.98	12.94	4.99	12819	10.56	19.92	13.3	4.91	10612	26.09	41.08	12.93	4.99															2020-07-07 22:06:00
07.07.2020	22:12:00	RO_SE_001	3595	22718	129	0	13434	8.70	16.23	13.44	4.97	11699	15.61	28.52	13.0	4.97	12760	10.93	20.6	13.35	4.97	11588	16.59	29.98	12.94	4.99	12819	10.56	19.92	13.31	4.89	10612	26.09	41.08	12.95	4.99															2020-07-07 22:12:00
07.07.2020	22:18:00	RO_SE_001	3595	22719	132	0	13434	8.70	16.23	13.45	4.97	11699	15.61	28.52	12.97	4.97	12760	10.93	20.6	13.39	4.97	11588	16.59	29.98	12.95	4.99	12820	10.56	19.91	13.31	4.91	10612	26.09	41.08	12.94	4.99															2020-07-07 22:18:00
07.07.2020	22:24:00	RO_SE_001	3595	22720	132	0	13434	8.70	16.23	13.45	4.97	11699	15.61	28.52	12.96	4.97	12761	10.92	20.6	13.32	4.97	11588	16.59	29.98	12.95	4.99	12820	10.56	19.91	13.34	4.89	10612	26.09	41.08	12.96	4.99															2020-07-07 22:24:00
07.07.2020	22:30:00	RO_SE_001	3594	22721	132	0	13434	8.70	16.23	13.42	4.97	11699	15.61	28.52	12.98	4.97	12761	10.92	20.6	13.32	4.97	11589	16.59	29.97	12.95	4.99	12820	10.56	19.91	13.3	4.89	10612	26.09	41.08	12.95	4.97															2020-07-07 22:30:00
07.07.2020	22:36:00	RO_SE_001	3593	22722	123	0	13434	8.70	16.23	13.41	4.97	11699	15.61	28.52	12.97	4.97	12761	10.92	20.6	13.31	4.97	11589	16.59	29.97	12.97	4.99	12820	10.56	19.91	13.29	4.89	10612	26.09	41.08	12.94	4.99															2020-07-07 22:36:00
07.07.2020	22:42:00	RO_SE_001	3593	22723	132	0	13434	8.70	16.23	13.42	4.97	11699	15.61	28.52	12.98	4.97	12761	10.92	20.6	13.33	4.97	11589	16.59	29.97	12.95	4.99	12820	10.56	19.91	13.28	4.89	10612	26.09	41.08	12.94	4.99															2020-07-07 22:42:00
07.07.2020	22:48:00	RO_SE_001	3592	22724	132	0	13434	8.70	16.23	13.42	4.97	11699	15.61	28.52	13.02	4.97	12761	10.92	20.6	13.3	4.97	11589	16.59	29.97	12.97	4.99	12820	10.56	19.91	13.3	4.89	10612	26.09	41.08	12.94	4.99															2020-07-07 22:48:00
07.07.2020	22:54:00	RO_SE_001	3592	22725	132	0	13434	8.70	16.23	13.38	4.97	11699	15.61	28.52	12.98	4.97	12761	10.92	20.6	13.29	4.97	11589	16.59	29.97	12.95	4.99	12820	10.56	19.91	13.28	4.91	10612	26.09	41.08	12.96	4.99															2020-07-07 22:54:00
07.07.2020	23:00:00	RO_SE_001	3592	22726	132	0	13434	8.70	16.23	13.4	4.97	11699	15.61	28.52	12.99	4.97	12762	10.92	20.59	13.29	4.97	11589	16.59	29.97	12.95	4.99	12821	10.56	19.9	13.29	4.91	10612	26.09	41.08	12.98	4.97															2020-07-07 23:00:00
07.07.2020	23:06:00	RO_SE_001	3592	22727	132	0	13435	8.70	16.23	13.4	4.97	11699	15.61	28.52	12.98	4.97	12762	10.92	20.59	13.27	4.97	11590	16.58	29.96	12.95	4.99	12820	10.56	19.91	13.24	4.89	10612	26.09	41.08	12.9	4.97															2020-07-07 23:06:00
07.07.2020	23:12:00	RO_SE_001	3593	22728	132	0	13435	8.70	16.23	13.39	4.97	11699	15.61	28.52	12.99	4.97	12761	10.92	20.6	13.25	4.97	11590	16.58	29.96	12.97	4.99	12820	10.56	19.91	13.27	4.91	10613	26.08	41.07	12.94	4.99															2020-07-07 23:12:00
07.07.2020	23:18:00	RO_SE_001	3555	22729	0	0	13435	8.70	16.23	13.38	4.97	11699	15.61	28.52	13.02	4.97	12762	10.92	20.59	13.27	4.97	11590	16.58	29.96	12.95	4.99	12821	10.56	19.9	13.27	4.91	10613	26.08	41.07	12.91	4.97															2020-07-07 23:18:00
07.07.2020	23:24:00	RO_SE_001	3584	22730	117	0	13435	8.70	16.23	13.37	4.97	11699	15.61	28.52	12.97	4.97	12762	10.92	20.59	13.27	4.97	11590	16.58	29.96	12.96	4.99	12821	10.56	19.9	13.25	4.89	10613	26.08	41.07	12.95	4.99															2020-07-07 23:24:00
07.07.2020	23:30:00	RO_SE_001	3585	22731	105	0	13436	8.70	16.22	13.34	4.97	11699	15.61	28.52	13.01	4.97	12762	10.92	20.59	13.23	4.97	11590	16.58	29.96	12.92	4.99	12820	10.56	19.91	13.27	4.91	10613	26.08	41.07	12.95	4.97															2020-07-07 23:30:00
07.07.2020	23:42:00	RO_SE_001	3589	22733	114	0	13436	8.70	16.22	13.33	4.97	11699	15.61	28.52	12.95	4.97	12762	10.92	20.59	13.2	4.97	11591	16.57	29.95	12.98	4.99	12821	10.56	19.9	13.2	4.91	10613	26.08	41.07	12.95	4.97															2020-07-07 23:42:00
07.07.2020	23:48:00	RO_SE_001	3590	22734	114	0	13436	8.70	16.22	13.32	4.97	11699	15.61	28.52	12.99	4.97	12762	10.92	20.59	13.21	4.97	11591	16.57	29.95	12.97	4.99	12820	10.56	19.91	13.21	4.89	10613	26.08	41.07	12.93	4.99															2020-07-07 23:48:00
07.07.2020	23:54:00	RO_SE_001	3590	22735	99	0	13436	8.70	16.22	13.32	4.97	11699	15.61	28.52	12.97	4.97	12762	10.92	20.59	13.17	4.97	11591	16.57	29.95	12.95	4.99	12821	10.56	19.9	13.24	4.89	10613	26.08	41.07	12.97	4.97															2020-07-07 23:54:00
