12.07.2020	00:00:00	RO_SE_001	3591	23685	69	0	13501	8.52	15.85	13.04	4.97	11792	15.07	27.68	12.97	4.97	12608	11.50	21.67	12.88	4.97	11737	15.66	28.59	12.93	4.99	12743	10.84	20.44	13.05	4.89	10661	25.41	40.44	12.95	4.99															2020-07-12 00:00:00
12.07.2020	00:06:00	RO_SE_001	3548	23686	69	0	13501	8.52	15.85	13.02	4.97	11792	15.07	27.68	12.98	4.97	12608	11.50	21.67	12.88	4.97	11737	15.66	28.59	12.98	4.99	12743	10.84	20.44	13.01	4.91	10661	25.41	40.44	12.98	4.99															2020-07-12 00:06:00
12.07.2020	00:12:00	RO_SE_001	3590	23687	69	0	13501	8.52	15.85	12.98	4.97	11792	15.07	27.68	13.0	4.97	12609	11.50	21.66	12.83	4.97	11737	15.66	28.59	12.94	5.02	12744	10.84	20.43	13.0	4.89	10661	25.41	40.44	12.96	4.99															2020-07-12 00:12:00
12.07.2020	00:18:00	RO_SE_001	3590	23688	69	0	13502	8.52	15.85	13.0	4.97	11792	15.07	27.68	12.98	4.97	12609	11.50	21.66	12.84	4.97	11737	15.66	28.59	12.96	4.99	12744	10.84	20.43	13.02	4.89	10661	25.41	40.44	12.97	4.99															2020-07-12 00:18:00
12.07.2020	00:24:00	RO_SE_001	3590	23689	66	0	13502	8.52	15.85	13.03	4.97	11792	15.07	27.68	12.98	4.97	12609	11.50	21.66	12.8	4.97	11737	15.66	28.59	12.95	4.99	12744	10.84	20.43	12.99	4.91	10661	25.41	40.44	12.97	4.97															2020-07-12 00:24:00
12.07.2020	00:30:00	RO_SE_001	3590	23690	72	0	13502	8.52	15.85	12.95	4.97	11792	15.07	27.68	13.0	4.97	12610	11.49	21.65	12.8	4.97	11737	15.66	28.59	12.98	4.99	12744	10.84	20.43	12.99	4.91	10661	25.41	40.44	12.98	4.99															2020-07-12 00:30:00
12.07.2020	00:36:00	RO_SE_001	3590	23691	69	0	13502	8.52	15.85	12.95	4.97	11792	15.07	27.68	12.98	4.97	12610	11.49	21.65	12.79	4.97	11737	15.66	28.59	12.95	4.99	12745	10.83	20.42	12.97	4.89	10661	25.41	40.44	12.97	4.99															2020-07-12 00:36:00
12.07.2020	00:42:00	RO_SE_001	3590	23692	69	0	13502	8.52	15.85	12.95	4.97	11792	15.07	27.68	13.02	4.97	12611	11.49	21.64	12.78	4.97	11738	15.65	28.58	12.95	4.99	12744	10.84	20.43	12.94	4.91	10661	25.41	40.44	12.92	4.99															2020-07-12 00:42:00
12.07.2020	00:48:00	RO_SE_001	3590	23693	69	0	13502	8.52	15.85	12.96	4.97	11792	15.07	27.68	12.95	4.97	12611	11.49	21.64	12.78	4.97	11738	15.65	28.58	12.95	4.99	12744	10.84	20.43	12.98	4.91	10662	25.40	40.43	12.94	4.99															2020-07-12 00:48:00
12.07.2020	00:54:00	RO_SE_001	3589	23694	69	0	13502	8.52	15.85	12.92	4.97	11792	15.07	27.68	13.0	4.97	12611	11.49	21.64	12.74	4.97	11738	15.65	28.58	12.92	4.99	12744	10.84	20.43	12.94	4.89	10662	25.40	40.43	12.91	4.99															2020-07-12 00:54:00
12.07.2020	01:00:00	RO_SE_001	3588	23695	69	0	13502	8.52	15.85	12.89	4.97	11792	15.07	27.68	12.96	4.97	12612	11.49	21.64	12.74	4.97	11738	15.65	28.58	12.94	4.99	12744	10.84	20.43	12.91	4.89	10662	25.40	40.43	12.95	4.99															2020-07-12 01:00:00
12.07.2020	01:06:00	RO_SE_001	3588	23696	69	0	13502	8.52	15.85	12.89	4.97	11792	15.07	27.68	12.98	4.97	12612	11.49	21.64	12.7	4.97	11738	15.65	28.58	12.98	5.02	12745	10.83	20.42	12.89	4.89	10662	25.40	40.43	12.94	4.97															2020-07-12 01:06:00
12.07.2020	01:12:00	RO_SE_001	3552	23697	0	0	13503	8.52	15.84	12.85	4.97	11792	15.07	27.68	12.96	4.97	12613	11.48	21.63	12.71	4.97	11738	15.65	28.58	12.95	4.99	12745	10.83	20.42	12.9	4.89	10662	25.40	40.43	12.95	4.99															2020-07-12 01:12:00
12.07.2020	01:18:00	RO_SE_001	3582	23698	69	0	13502	8.52	15.85	12.88	4.97	11792	15.07	27.68	13.01	4.97	12613	11.48	21.63	12.71	4.97	11739	15.65	28.57	12.95	4.99	12745	10.83	20.42	12.88	4.89	10662	25.40	40.43	12.93	4.99															2020-07-12 01:18:00
12.07.2020	01:24:00	RO_SE_001	3586	23699	69	0	13502	8.52	15.85	12.86	4.97	11792	15.07	27.68	12.97	4.97	12614	11.48	21.62	12.67	4.97	11738	15.65	28.58	12.96	4.99	12745	10.83	20.42	12.86	4.91	10662	25.40	40.43	12.92	4.99															2020-07-12 01:24:00
12.07.2020	01:30:00	RO_SE_001	3586	23700	69	0	13502	8.52	15.85	12.88	4.97	11792	15.07	27.68	12.96	4.97	12614	11.48	21.62	12.66	4.97	11739	15.65	28.57	12.95	4.99	12745	10.83	20.42	12.88	4.91	10662	25.40	40.43	12.94	4.99															2020-07-12 01:30:00
12.07.2020	01:36:00	RO_SE_001	3587	23701	69	0	13502	8.52	15.85	12.82	4.97	11792	15.07	27.68	12.99	4.97	12614	11.48	21.62	12.66	4.97	11738	15.65	28.58	12.95	4.99	12745	10.83	20.42	12.83	4.91	10662	25.40	40.43	12.93	4.97															2020-07-12 01:36:00
12.07.2020	01:42:00	RO_SE_001	3587	23702	69	0	13503	8.52	15.84	12.84	4.97	11792	15.07	27.68	12.99	4.97	12615	11.48	21.62	12.68	4.97	11738	15.65	28.58	12.95	4.99	12746	10.83	20.42	12.84	4.89	10662	25.40	40.43	12.94	4.97															2020-07-12 01:42:00
12.07.2020	01:48:00	RO_SE_001	3588	23703	69	0	13503	8.52	15.84	12.82	4.97	11792	15.07	27.68	12.98	4.97	12615	11.48	21.62	12.65	4.97	11738	15.65	28.58	12.94	4.99	12746	10.83	20.42	12.84	4.89	10662	25.40	40.43	12.9	4.97															2020-07-12 01:48:00
12.07.2020	01:54:00	RO_SE_001	3588	23704	69	0	13502	8.52	15.85	12.8	4.97	11793	15.06	27.67	12.99	4.97	12615	11.48	21.62	12.64	4.97	11739	15.65	28.57	12.91	4.99	12746	10.83	20.42	12.84	4.91	10663	25.38	40.42	12.97	4.99															2020-07-12 01:54:00
12.07.2020	02:00:00	RO_SE_001	3588	23705	69	0	13502	8.52	15.85	12.77	4.97	11792	15.07	27.68	12.96	4.97	12615	11.48	21.62	12.61	4.97	11739	15.65	28.57	12.92	4.99	12746	10.83	20.42	12.84	4.89	10663	25.38	40.42	12.9	4.99															2020-07-12 02:00:00
12.07.2020	02:06:00	RO_SE_001	3588	23706	69	0	13501	8.52	15.85	12.78	4.97	11792	15.07	27.68	12.98	4.97	12616	11.47	21.61	12.64	4.97	11739	15.65	28.57	12.91	4.99	12746	10.83	20.42	12.82	4.91	10663	25.38	40.42	12.93	4.99															2020-07-12 02:06:00
12.07.2020	02:12:00	RO_SE_001	3588	23707	69	0	13501	8.52	15.85	12.78	4.97	11792	15.07	27.68	12.96	4.97	12615	11.48	21.62	12.58	4.97	11739	15.65	28.57	12.91	4.99	12747	10.82	20.41	12.77	4.91	10663	25.38	40.42	12.89	4.99															2020-07-12 02:12:00
12.07.2020	02:18:00	RO_SE_001	3588	23708	69	0	13500	8.52	15.86	12.74	4.97	11792	15.07	27.68	12.95	4.97	12616	11.47	21.61	12.56	4.97	11739	15.65	28.57	12.9	4.99	12747	10.82	20.41	12.77	4.89	10663	25.38	40.42	12.91	4.99															2020-07-12 02:18:00
12.07.2020	02:24:00	RO_SE_001	3587	23709	69	0	13501	8.52	15.85	12.73	4.97	11793	15.06	27.67	12.95	4.97	12616	11.47	21.61	12.55	4.97	11739	15.65	28.57	12.92	4.99	12747	10.82	20.41	12.79	4.91	10663	25.38	40.42	12.95	4.97															2020-07-12 02:24:00
12.07.2020	02:30:00	RO_SE_001	3586	23710	105	0	13501	8.52	15.85	12.74	4.97	11793	15.06	27.67	12.96	4.97	12617	11.47	21.6	12.54	4.97	11739	15.65	28.57	12.93	4.99	12747	10.82	20.41	12.76	4.91	10663	25.38	40.42	12.91	4.99															2020-07-12 02:30:00
12.07.2020	02:36:00	RO_SE_001	3587	23711	105	0	13501	8.52	15.85	12.71	4.97	11793	15.06	27.67	12.95	4.97	12617	11.47	21.6	12.52	4.97	11740	15.64	28.56	12.95	4.99	12747	10.82	20.41	12.77	4.91	10663	25.38	40.42	12.88	4.99															2020-07-12 02:36:00
12.07.2020	02:42:00	RO_SE_001	3588	23712	96	0	13501	8.52	15.85	12.7	4.97	11793	15.06	27.67	12.95	4.97	12617	11.47	21.6	12.52	4.97	11740	15.64	28.56	12.91	4.99	12748	10.82	20.4	12.74	4.91	10663	25.38	40.42	12.9	4.97															2020-07-12 02:42:00
12.07.2020	02:48:00	RO_SE_001	3588	23713	96	0	13501	8.52	15.85	12.7	4.97	11793	15.06	27.67	12.93	4.97	12618	11.46	21.59	12.53	4.97	11740	15.64	28.56	12.91	4.99	12748	10.82	20.4	12.72	4.91	10662	25.40	40.43	12.91	4.97															2020-07-12 02:48:00
12.07.2020	02:54:00	RO_SE_001	3588	23714	96	0	13501	8.52	15.85	12.66	4.97	11793	15.06	27.67	12.95	4.97	12618	11.46	21.59	12.51	4.97	11740	15.64	28.56	12.91	4.99	12748	10.82	20.4	12.71	4.91	10663	25.38	40.42	12.88	4.99															2020-07-12 02:54:00
12.07.2020	03:00:00	RO_SE_001	3589	23715	114	0	13501	8.52	15.85	12.7	4.97	11793	15.06	27.67	12.92	4.97	12618	11.46	21.59	12.48	4.97	11740	15.64	28.56	12.91	4.99	12748	10.82	20.4	12.69	4.89	10663	25.38	40.42	12.91	4.99															2020-07-12 03:00:00
12.07.2020	03:06:00	RO_SE_001	3588	23716	114	0	13502	8.52	15.85	12.69	4.97	11793	15.06	27.67	12.97	4.97	12619	11.46	21.59	12.48	4.97	11740	15.64	28.56	12.91	4.99	12748	10.82	20.4	12.7	4.91	10663	25.38	40.42	12.87	4.97															2020-07-12 03:06:00
12.07.2020	03:12:00	RO_SE_001	3588	23717	105	0	13502	8.52	15.85	12.65	4.97	11793	15.06	27.67	12.95	4.97	12619	11.46	21.59	12.48	4.97	11741	15.64	28.55	12.9	4.99	12748	10.82	20.4	12.66	4.89	10664	25.37	40.4	12.91	4.99															2020-07-12 03:12:00
12.07.2020	03:18:00	RO_SE_001	3588	23718	105	0	13502	8.52	15.85	12.63	4.97	11793	15.06	27.67	12.96	4.97	12620	11.46	21.58	12.45	4.97	11741	15.64	28.55	12.9	4.99	12748	10.82	20.4	12.69	4.91	10663	25.38	40.42	12.87	4.99															2020-07-12 03:18:00
12.07.2020	03:24:00	RO_SE_001	3588	23719	102	0	13502	8.52	15.85	12.62	4.97	11793	15.06	27.67	12.92	4.97	12620	11.46	21.58	12.44	4.97	11741	15.64	28.55	12.89	4.99	12749	10.82	20.4	12.66	4.89	10663	25.38	40.42	12.91	4.99															2020-07-12 03:24:00
12.07.2020	03:30:00	RO_SE_001	3588	23720	102	0	13502	8.52	15.85	12.63	4.97	11793	15.06	27.67	12.94	4.97	12620	11.46	21.58	12.46	4.97	11741	15.64	28.55	12.91	4.99	12749	10.82	20.4	12.66	4.89	10664	25.37	40.4	12.86	4.97															2020-07-12 03:30:00
12.07.2020	03:36:00	RO_SE_001	3588	23721	102	0	13502	8.52	15.85	12.59	4.97	11793	15.06	27.67	12.9	4.97	12621	11.45	21.57	12.43	4.97	11741	15.64	28.55	12.92	4.99	12749	10.82	20.4	12.63	4.91	10664	25.37	40.4	12.91	4.99															2020-07-12 03:36:00
12.07.2020	03:42:00	RO_SE_001	3588	23722	87	0	13502	8.52	15.85	12.56	4.97	11793	15.06	27.67	12.94	4.97	12621	11.45	21.57	12.41	4.97	11741	15.64	28.55	12.94	4.99	12749	10.82	20.4	12.63	4.89	10663	25.38	40.42	12.9	4.97															2020-07-12 03:42:00
12.07.2020	03:48:00	RO_SE_001	3588	23723	102	0	13503	8.52	15.84	12.57	4.97	11793	15.06	27.67	12.91	4.97	12621	11.45	21.57	12.41	4.97	11742	15.63	28.55	12.88	5.02	12750	10.81	20.39	12.62	4.91	10663	25.38	40.42	12.87	4.99															2020-07-12 03:48:00
12.07.2020	03:54:00	RO_SE_001	3588	23724	102	0	13503	8.52	15.84	12.55	4.97	11793	15.06	27.67	12.88	4.97	12622	11.45	21.57	12.41	4.97	11741	15.64	28.55	12.9	5.02	12750	10.81	20.39	12.63	4.91	10663	25.38	40.42	12.86	4.99															2020-07-12 03:54:00
12.07.2020	04:00:00	RO_SE_001	3588	23725	105	0	13503	8.52	15.84	12.55	4.97	11793	15.06	27.67	12.94	4.97	12622	11.45	21.57	12.39	4.97	11742	15.63	28.55	12.88	4.99	12750	10.81	20.39	12.56	4.89	10663	25.38	40.42	12.9	4.97															2020-07-12 04:00:00
12.07.2020	04:06:00	RO_SE_001	3588	23726	75	0	13503	8.52	15.84	12.55	4.97	11793	15.06	27.67	12.91	4.97	12622	11.45	21.57	12.36	4.97	11742	15.63	28.55	12.88	4.99	12750	10.81	20.39	12.57	4.91	10663	25.38	40.42	12.86	4.99															2020-07-12 04:06:00
12.07.2020	04:12:00	RO_SE_001	3588	23727	75	0	13502	8.52	15.85	12.5	4.97	11793	15.06	27.67	12.88	4.97	12622	11.45	21.57	12.34	4.97	11742	15.63	28.55	12.86	5.02	12750	10.81	20.39	12.58	4.89	10663	25.38	40.42	12.87	4.97															2020-07-12 04:12:00
12.07.2020	04:18:00	RO_SE_001	3588	23728	75	0	13504	8.51	15.84	12.49	4.97	11793	15.06	27.67	12.91	4.97	12622	11.45	21.57	12.31	4.97	11742	15.63	28.55	12.88	4.99	12751	10.81	20.38	12.55	4.91	10663	25.38	40.42	12.83	4.97															2020-07-12 04:18:00
12.07.2020	04:24:00	RO_SE_001	3589	23729	108	0	13503	8.52	15.84	12.5	4.97	11793	15.06	27.67	12.89	4.97	12622	11.45	21.57	12.34	4.97	11742	15.63	28.55	12.87	4.99	12751	10.81	20.38	12.57	4.91	10663	25.38	40.42	12.87	4.99															2020-07-12 04:24:00
12.07.2020	04:30:00	RO_SE_001	3588	23730	108	0	13501	8.52	15.85	12.48	4.97	11793	15.06	27.67	12.9	4.97	12623	11.44	21.56	12.3	4.97	11742	15.63	28.55	12.86	4.99	12751	10.81	20.38	12.55	4.89	10664	25.37	40.4	12.85	4.99															2020-07-12 04:30:00
12.07.2020	04:36:00	RO_SE_001	3588	23731	114	0	13501	8.52	15.85	12.45	4.97	11792	15.07	27.68	12.88	4.97	12623	11.44	21.56	12.3	4.97	11742	15.63	28.55	12.83	4.99	12751	10.81	20.38	12.53	4.91	10664	25.37	40.4	12.84	4.99															2020-07-12 04:36:00
12.07.2020	04:42:00	RO_SE_001	3588	23732	114	0	13502	8.52	15.85	12.45	4.97	11793	15.06	27.67	12.9	4.97	12623	11.44	21.56	12.29	4.97	11743	15.62	28.54	12.84	4.99	12751	10.81	20.38	12.5	4.91	10664	25.37	40.4	12.8	4.97															2020-07-12 04:42:00
12.07.2020	04:48:00	RO_SE_001	3588	23733	114	0	13502	8.52	15.85	12.45	4.97	11793	15.06	27.67	12.91	4.97	12623	11.44	21.56	12.27	4.97	11743	15.62	28.54	12.85	4.99	12752	10.81	20.37	12.51	4.91	10664	25.37	40.4	12.83	4.99															2020-07-12 04:48:00
12.07.2020	04:54:00	RO_SE_001	3588	23734	114	0	13502	8.52	15.85	12.43	4.97	11793	15.06	27.67	12.87	4.97	12624	11.44	21.55	12.28	4.97	11743	15.62	28.54	12.84	4.99	12751	10.81	20.38	12.5	4.91	10664	25.37	40.4	12.84	4.97															2020-07-12 04:54:00
12.07.2020	05:00:00	RO_SE_001	3588	23735	114	0	13503	8.52	15.84	12.38	4.97	11793	15.06	27.67	12.88	4.97	12624	11.44	21.55	12.25	4.97	11743	15.62	28.54	12.83	4.99	12751	10.81	20.38	12.48	4.89	10664	25.37	40.4	12.85	4.97															2020-07-12 05:00:00
12.07.2020	05:06:00	RO_SE_001	3588	23736	114	0	13503	8.52	15.84	12.42	4.97	11793	15.06	27.67	12.89	4.97	12624	11.44	21.55	12.25	4.97	11743	15.62	28.54	12.87	4.99	12751	10.81	20.38	12.45	4.89	10664	25.37	40.4	12.84	4.99															2020-07-12 05:06:00
12.07.2020	05:12:00	RO_SE_001	3552	23737	0	0	13503	8.52	15.84	12.43	4.97	11793	15.06	27.67	12.88	4.97	12625	11.44	21.54	12.23	4.97	11743	15.62	28.54	12.84	4.99	12751	10.81	20.38	12.48	4.89	10664	25.37	40.4	12.86	4.97															2020-07-12 05:12:00
12.07.2020	05:18:00	RO_SE_001	3583	23738	114	0	13503	8.52	15.84	12.4	4.97	11793	15.06	27.67	12.89	4.97	12625	11.44	21.54	12.29	4.97	11743	15.62	28.54	12.84	4.99	12752	10.81	20.37	12.45	4.89	10664	25.37	40.4	12.84	4.97															2020-07-12 05:18:00
12.07.2020	05:24:00	RO_SE_001	3586	23739	114	0	13503	8.52	15.84	12.36	4.97	11793	15.06	27.67	12.86	4.97	12626	11.43	21.54	12.2	4.97	11743	15.62	28.54	12.84	4.99	12752	10.81	20.37	12.45	4.89	10664	25.37	40.4	12.8	4.97															2020-07-12 05:24:00
12.07.2020	05:30:00	RO_SE_001	3587	23740	123	0	13504	8.51	15.84	12.35	4.97	11793	15.06	27.67	12.88	4.97	12626	11.43	21.54	12.21	4.97	11743	15.62	28.54	12.8	4.99	12752	10.81	20.37	12.42	4.89	10664	25.37	40.4	12.83	4.97															2020-07-12 05:30:00
12.07.2020	05:36:00	RO_SE_001	3588	23741	111	0	13504	8.51	15.84	12.35	4.97	11793	15.06	27.67	12.87	4.97	12626	11.43	21.54	12.19	4.97	11744	15.62	28.53	12.81	4.99	12752	10.81	20.37	12.44	4.91	10664	25.37	40.4	12.81	4.97															2020-07-12 05:36:00
12.07.2020	05:42:00	RO_SE_001	3588	23742	111	0	13504	8.51	15.84	12.33	4.97	11793	15.06	27.67	12.86	4.97	12626	11.43	21.54	12.16	4.97	11743	15.62	28.54	12.84	4.99	12752	10.81	20.37	12.44	4.91	10665	25.36	40.39	12.8	4.99															2020-07-12 05:42:00
12.07.2020	05:48:00	RO_SE_001	3588	23743	108	0	13502	8.52	15.85	12.33	4.97	11794	15.05	27.66	12.84	4.97	12627	11.43	21.53	12.17	4.97	11744	15.62	28.53	12.83	4.99	12753	10.80	20.37	12.41	4.91	10665	25.36	40.39	12.82	4.97															2020-07-12 05:48:00
12.07.2020	05:54:00	RO_SE_001	3588	23744	114	0	13502	8.52	15.85	12.35	4.97	11794	15.05	27.66	12.88	4.97	12627	11.43	21.53	12.17	4.97	11743	15.62	28.54	12.8	4.99	12753	10.80	20.37	12.45	4.89	10665	25.36	40.39	12.77	4.97															2020-07-12 05:54:00
12.07.2020	06:00:00	RO_SE_001	3588	23745	114	0	13503	8.52	15.84	12.31	4.97	11794	15.05	27.66	12.88	4.97	12627	11.43	21.53	12.16	4.97	11744	15.62	28.53	12.84	4.99	12753	10.80	20.37	12.38	4.91	10665	25.36	40.39	12.8	4.99															2020-07-12 06:00:00
12.07.2020	06:06:00	RO_SE_001	3588	23746	117	0	13503	8.52	15.84	12.32	4.97	11794	15.05	27.66	12.86	4.97	12627	11.43	21.53	12.16	4.97	11744	15.62	28.53	12.8	4.99	12753	10.80	20.37	12.38	4.89	10665	25.36	40.39	12.8	4.97															2020-07-12 06:06:00
12.07.2020	06:12:00	RO_SE_001	3588	23747	117	0	13503	8.52	15.84	12.31	4.97	11794	15.05	27.66	12.85	4.97	12628	11.42	21.52	12.16	4.97	11744	15.62	28.53	12.84	4.99	12754	10.80	20.36	12.34	4.89	10665	25.36	40.39	12.81	4.99															2020-07-12 06:12:00
12.07.2020	06:18:00	RO_SE_001	3588	23748	117	0	13503	8.52	15.84	12.3	4.97	11794	15.05	27.66	12.82	4.97	12628	11.42	21.52	12.13	4.97	11744	15.62	28.53	12.83	5.02	12754	10.80	20.36	12.34	4.91	10665	25.36	40.39	12.75	4.97															2020-07-12 06:18:00
12.07.2020	06:24:00	RO_SE_001	3587	23749	117	0	13504	8.51	15.84	12.3	4.97	11794	15.05	27.66	12.86	4.97	12629	11.42	21.52	12.14	4.97	11744	15.62	28.53	12.8	4.99	12754	10.80	20.36	12.33	4.89	10665	25.36	40.39	12.79	4.97															2020-07-12 06:24:00
12.07.2020	06:30:00	RO_SE_001	3588	23750	117	0	13503	8.52	15.84	12.3	4.97	11794	15.05	27.66	12.84	4.97	12629	11.42	21.52	12.13	4.97	11744	15.62	28.53	12.8	4.99	12755	10.80	20.35	12.33	4.89	10665	25.36	40.39	12.77	4.99															2020-07-12 06:30:00
12.07.2020	06:36:00	RO_SE_001	3588	23751	117	0	13503	8.52	15.84	12.31	4.97	11794	15.05	27.66	12.84	4.97	12629	11.42	21.52	12.11	4.97	11745	15.61	28.52	12.79	4.99	12755	10.80	20.35	12.36	4.89	10665	25.36	40.39	12.73	4.99															2020-07-12 06:36:00
12.07.2020	06:42:00	RO_SE_001	3588	23752	117	0	13503	8.52	15.84	12.27	4.97	11794	15.05	27.66	12.84	4.97	12630	11.42	21.51	12.13	4.97	11745	15.61	28.52	12.8	4.99	12755	10.80	20.35	12.31	4.89	10666	25.34	40.38	12.75	4.97															2020-07-12 06:42:00
12.07.2020	06:48:00	RO_SE_001	3588	23753	117	0	13503	8.52	15.84	12.27	4.97	11794	15.05	27.66	12.83	4.97	12629	11.42	21.52	12.14	4.97	11745	15.61	28.52	12.8	4.99	12755	10.80	20.35	12.34	4.89	10666	25.34	40.38	12.74	4.99															2020-07-12 06:48:00
12.07.2020	06:54:00	RO_SE_001	3588	23754	105	0	13504	8.51	15.84	12.26	4.97	11794	15.05	27.66	12.82	4.97	12630	11.42	21.51	12.15	4.97	11745	15.61	28.52	12.77	4.99	12756	10.79	20.35	12.32	4.89	10666	25.34	40.38	12.74	4.99															2020-07-12 06:54:00
12.07.2020	07:00:00	RO_SE_001	3588	23755	111	0	13504	8.51	15.84	12.27	4.97	11795	15.05	27.65	12.85	4.97	12630	11.42	21.51	12.15	4.97	11745	15.61	28.52	12.76	4.99	12755	10.80	20.35	12.32	4.91	10666	25.34	40.38	12.73	4.99															2020-07-12 07:00:00
12.07.2020	07:06:00	RO_SE_001	3588	23756	111	0	13504	8.51	15.84	12.28	4.97	11795	15.05	27.65	12.82	4.97	12630	11.42	21.51	12.16	4.97	11745	15.61	28.52	12.79	4.99	12756	10.79	20.35	12.3	4.89	10666	25.34	40.38	12.76	4.97															2020-07-12 07:06:00
12.07.2020	07:12:00	RO_SE_001	3588	23757	123	0	13502	8.52	15.85	12.3	4.97	11794	15.05	27.66	12.8	4.97	12630	11.42	21.51	12.16	4.97	11745	15.61	28.52	12.76	4.99	12756	10.79	20.35	12.35	4.89	10666	25.34	40.38	12.73	4.97															2020-07-12 07:12:00
12.07.2020	07:18:00	RO_SE_001	3588	23758	117	0	13502	8.52	15.85	12.31	4.97	11795	15.05	27.65	12.81	4.97	12631	11.41	21.5	12.15	4.97	11745	15.61	28.52	12.79	4.99	12757	10.79	20.34	12.29	4.91	10666	25.34	40.38	12.76	4.99															2020-07-12 07:18:00
12.07.2020	07:24:00	RO_SE_001	3588	23759	117	0	13502	8.52	15.85	12.27	4.97	11795	15.05	27.65	12.81	4.97	12631	11.41	21.5	12.18	4.97	11745	15.61	28.52	12.78	4.99	12757	10.79	20.34	12.34	4.89	10666	25.34	40.38	12.75	4.99															2020-07-12 07:24:00
12.07.2020	07:30:00	RO_SE_001	3588	23760	117	0	13503	8.52	15.84	12.3	4.97	11795	15.05	27.65	12.77	4.97	12632	11.41	21.49	12.16	4.97	11746	15.61	28.51	12.77	4.99	12757	10.79	20.34	12.34	4.89	10666	25.34	40.38	12.76	4.99															2020-07-12 07:30:00
12.07.2020	07:36:00	RO_SE_001	3588	23761	117	0	13503	8.52	15.84	12.33	4.97	11795	15.05	27.65	12.8	4.97	12632	11.41	21.49	12.2	4.97	11746	15.61	28.51	12.79	5.02	12757	10.79	20.34	12.32	4.91	10666	25.34	40.38	12.73	4.97															2020-07-12 07:36:00
12.07.2020	07:42:00	RO_SE_001	3588	23762	117	0	13503	8.52	15.84	12.31	4.97	11795	15.05	27.65	12.8	4.97	12633	11.41	21.49	12.15	4.97	11746	15.61	28.51	12.76	4.99	12758	10.78	20.33	12.33	4.91	10666	25.34	40.38	12.72	4.99															2020-07-12 07:42:00
12.07.2020	07:48:00	RO_SE_001	3588	23763	117	0	13503	8.52	15.84	12.31	4.97	11795	15.05	27.65	12.8	4.97	12633	11.41	21.49	12.2	4.97	11746	15.61	28.51	12.77	4.99	12758	10.78	20.33	12.34	4.89	10666	25.34	40.38	12.7	4.97															2020-07-12 07:48:00
12.07.2020	07:54:00	RO_SE_001	3550	23764	0	0	13503	8.52	15.84	12.32	4.97	11795	15.05	27.65	12.83	4.97	12633	11.41	21.49	12.17	4.97	11746	15.61	28.51	12.77	4.99	12758	10.78	20.33	12.34	4.89	10667	25.33	40.36	12.72	4.99															2020-07-12 07:54:00
12.07.2020	08:00:00	RO_SE_001	3582	23765	132	0	13503	8.52	15.84	12.33	4.97	11795	15.05	27.65	12.78	4.97	12634	11.40	21.48	12.2	4.97	11746	15.61	28.51	12.76	4.99	12758	10.78	20.33	12.34	4.91	10667	25.33	40.36	12.73	4.99															2020-07-12 08:00:00
12.07.2020	08:06:00	RO_SE_001	3586	23766	132	0	13503	8.52	15.84	12.34	4.97	11795	15.05	27.65	12.77	4.97	12634	11.40	21.48	12.2	4.97	11745	15.61	28.52	12.75	4.99	12758	10.78	20.33	12.3	4.91	10667	25.33	40.36	12.71	4.97															2020-07-12 08:06:00
12.07.2020	08:12:00	RO_SE_001	3587	23767	132	0	13503	8.52	15.84	12.34	4.97	11796	15.04	27.64	12.77	4.97	12635	11.40	21.47	12.23	4.97	11746	15.61	28.51	12.77	4.99	12758	10.78	20.33	12.34	4.89	10667	25.33	40.36	12.72	4.99															2020-07-12 08:12:00
12.07.2020	08:18:00	RO_SE_001	3588	23768	105	0	13504	8.51	15.84	12.36	4.97	11795	15.05	27.65	12.76	4.97	12635	11.40	21.47	12.25	4.97	11745	15.61	28.52	12.72	4.99	12759	10.78	20.33	12.34	4.89	10667	25.33	40.36	12.7	4.97															2020-07-12 08:18:00
12.07.2020	08:24:00	RO_SE_001	3588	23769	105	0	13504	8.51	15.84	12.37	4.97	11796	15.04	27.64	12.8	4.97	12635	11.40	21.47	12.24	4.97	11746	15.61	28.51	12.75	4.99	12758	10.78	20.33	12.34	4.91	10667	25.33	40.36	12.69	4.99															2020-07-12 08:24:00
12.07.2020	08:30:00	RO_SE_001	3588	23770	93	0	13503	8.52	15.84	12.41	4.97	11796	15.04	27.64	12.77	4.97	12636	11.39	21.47	12.27	4.97	11746	15.61	28.51	12.74	4.99	12758	10.78	20.33	12.33	4.91	10667	25.33	40.36	12.7	4.97															2020-07-12 08:30:00
12.07.2020	08:36:00	RO_SE_001	3588	23771	93	0	13503	8.52	15.84	12.34	4.97	11796	15.04	27.64	12.76	4.97	12636	11.39	21.47	12.28	4.97	11746	15.61	28.51	12.75	4.99	12759	10.78	20.33	12.34	4.89	10667	25.33	40.36	12.66	4.99															2020-07-12 08:36:00
12.07.2020	08:42:00	RO_SE_001	3588	23772	126	0	13503	8.52	15.84	12.41	4.97	11796	15.04	27.64	12.76	4.97	12637	11.39	21.46	12.27	4.97	11746	15.61	28.51	12.73	4.99	12759	10.78	20.33	12.37	4.91	10667	25.33	40.36	12.7	4.99															2020-07-12 08:42:00
12.07.2020	08:48:00	RO_SE_001	3587	23773	126	0	13504	8.51	15.84	12.42	4.97	11797	15.04	27.63	12.8	4.97	12638	11.39	21.45	12.28	4.97	11746	15.61	28.51	12.69	4.99	12759	10.78	20.33	12.39	4.89	10667	25.33	40.36	12.71	4.97															2020-07-12 08:48:00
12.07.2020	08:54:00	RO_SE_001	3588	23774	126	0	13504	8.51	15.84	12.36	4.97	11797	15.04	27.63	12.76	4.97	12637	11.39	21.46	12.31	4.97	11747	15.60	28.5	12.73	4.99	12760	10.78	20.32	12.38	4.91	10667	25.33	40.36	12.69	4.99															2020-07-12 08:54:00
12.07.2020	09:00:00	RO_SE_001	3544	23775	126	0	13504	8.51	15.84	12.41	4.97	11797	15.04	27.63	12.73	4.97	12638	11.39	21.45	12.29	4.97	11747	15.60	28.5	12.71	4.99	12760	10.78	20.32	12.39	4.89	10668	25.32	40.35	12.69	4.97															2020-07-12 09:00:00
12.07.2020	09:06:00	RO_SE_001	3586	23776	126	0	13504	8.51	15.84	12.41	4.97	11797	15.04	27.63	12.76	4.97	12638	11.39	21.45	12.32	4.97	11747	15.60	28.5	12.71	4.99	12761	10.77	20.31	12.38	4.89	10668	25.32	40.35	12.7	4.99															2020-07-12 09:06:00
12.07.2020	09:12:00	RO_SE_001	3587	23777	117	0	13504	8.51	15.84	12.42	4.97	11798	15.03	27.62	12.72	4.97	12639	11.38	21.44	12.34	4.97	11747	15.60	28.5	12.72	4.99	12761	10.77	20.31	12.39	4.91	10668	25.32	40.35	12.66	4.99															2020-07-12 09:12:00
12.07.2020	09:18:00	RO_SE_001	3587	23778	117	0	13504	8.51	15.84	12.43	4.97	11798	15.03	27.62	12.73	4.97	12640	11.38	21.44	12.38	4.97	11747	15.60	28.5	12.73	4.99	12762	10.77	20.31	12.4	4.89	10668	25.32	40.35	12.63	4.99															2020-07-12 09:18:00
12.07.2020	09:24:00	RO_SE_001	3588	23779	117	0	13505	8.51	15.83	12.45	4.97	11798	15.03	27.62	12.73	4.97	12640	11.38	21.44	12.39	4.97	11748	15.59	28.49	12.67	4.99	12762	10.77	20.31	12.39	4.89	10668	25.32	40.35	12.65	4.99															2020-07-12 09:24:00
12.07.2020	09:30:00	RO_SE_001	3588	23780	117	0	13505	8.51	15.83	12.47	4.97	11798	15.03	27.62	12.72	4.97	12641	11.37	21.43	12.43	4.97	11748	15.59	28.49	12.68	4.99	12763	10.77	20.3	12.41	4.91	10668	25.32	40.35	12.69	4.97															2020-07-12 09:30:00
12.07.2020	09:36:00	RO_SE_001	3588	23781	117	0	13505	8.51	15.83	12.53	4.97	11798	15.03	27.62	12.73	4.97	12642	11.37	21.42	12.38	4.97	11748	15.59	28.49	12.7	4.99	12763	10.77	20.3	12.44	4.91	10668	25.32	40.35	12.68	4.97															2020-07-12 09:36:00
12.07.2020	09:42:00	RO_SE_001	3588	23782	117	0	13505	8.51	15.83	12.5	4.97	11799	15.03	27.62	12.7	4.97	12642	11.37	21.42	12.39	4.97	11748	15.59	28.49	12.7	4.99	12764	10.76	20.29	12.41	4.91	10668	25.32	40.35	12.69	4.97															2020-07-12 09:42:00
12.07.2020	09:48:00	RO_SE_001	3551	23783	0	0	13505	8.51	15.83	12.53	4.97	11799	15.03	27.62	12.71	4.97	12643	11.37	21.42	12.48	4.97	11748	15.59	28.49	12.7	5.02	12764	10.76	20.29	12.42	4.91	10668	25.32	40.35	12.65	4.97															2020-07-12 09:48:00
12.07.2020	09:54:00	RO_SE_001	3583	23784	111	0	13506	8.51	15.83	12.55	4.97	11799	15.03	27.62	12.73	4.97	12644	11.36	21.41	12.43	4.97	11748	15.59	28.49	12.68	4.99	12765	10.76	20.29	12.42	4.89	10668	25.32	40.35	12.66	4.99															2020-07-12 09:54:00
12.07.2020	10:00:00	RO_SE_001	3586	23785	108	0	13506	8.51	15.83	12.56	4.97	11800	15.02	27.61	12.72	4.97	12644	11.36	21.41	12.51	4.97	11749	15.59	28.48	12.7	4.99	12765	10.76	20.29	12.48	4.89	10668	25.32	40.35	12.63	4.99															2020-07-12 10:00:00
12.07.2020	10:06:00	RO_SE_001	3588	23786	96	0	13506	8.51	15.83	12.55	4.97	11800	15.02	27.61	12.73	4.97	12644	11.36	21.41	12.51	4.97	11749	15.59	28.48	12.7	4.99	12765	10.76	20.29	12.46	4.89	10668	25.32	40.35	12.65	4.97															2020-07-12 10:06:00
12.07.2020	10:12:00	RO_SE_001	3588	23787	96	0	13507	8.50	15.82	12.59	4.97	11800	15.02	27.61	12.73	4.97	12645	11.36	21.4	12.5	4.97	11749	15.59	28.48	12.7	4.99	12765	10.76	20.29	12.52	4.91	10669	25.30	40.34	12.63	4.99															2020-07-12 10:12:00
12.07.2020	10:18:00	RO_SE_001	3588	23788	96	0	13507	8.50	15.82	12.63	4.97	11800	15.02	27.61	12.66	4.97	12646	11.36	21.4	12.52	4.97	11749	15.59	28.48	12.7	4.99	12766	10.76	20.28	12.52	4.89	10669	25.30	40.34	12.59	4.99															2020-07-12 10:18:00
12.07.2020	10:24:00	RO_SE_001	3588	23789	96	0	13507	8.50	15.82	12.63	4.97	11801	15.01	27.6	12.69	4.97	12647	11.35	21.39	12.55	4.97	11749	15.59	28.48	12.69	4.99	12766	10.76	20.28	12.51	4.91	10669	25.30	40.34	12.63	4.99															2020-07-12 10:24:00
12.07.2020	10:30:00	RO_SE_001	3588	23790	96	0	13507	8.50	15.82	12.62	4.97	11801	15.01	27.6	12.71	4.97	12647	11.35	21.39	12.58	4.97	11750	15.58	28.47	12.71	4.99	12767	10.75	20.27	12.52	4.89	10669	25.30	40.34	12.61	4.97															2020-07-12 10:30:00
12.07.2020	10:36:00	RO_SE_001	3545	23791	132	0	13508	8.50	15.81	12.66	4.97	11801	15.01	27.6	12.73	4.97	12648	11.35	21.38	12.59	4.97	11750	15.58	28.47	12.66	4.99	12768	10.75	20.26	12.51	4.89	10669	25.30	40.34	12.61	4.99															2020-07-12 10:36:00
12.07.2020	10:42:00	RO_SE_001	3588	23792	105	0	13508	8.50	15.81	12.67	4.97	11802	15.01	27.59	12.69	4.97	12649	11.34	21.37	12.63	4.97	11750	15.58	28.47	12.66	4.99	12768	10.75	20.26	12.56	4.89	10669	25.30	40.34	12.62	4.99															2020-07-12 10:42:00
12.07.2020	10:48:00	RO_SE_001	3588	23793	105	0	13508	8.50	15.81	12.7	4.97	11802	15.01	27.59	12.69	4.97	12649	11.34	21.37	12.65	4.97	11750	15.58	28.47	12.66	4.99	12769	10.74	20.26	12.56	4.91	10669	25.30	40.34	12.64	4.97															2020-07-12 10:48:00
12.07.2020	10:54:00	RO_SE_001	3588	23794	96	0	13509	8.50	15.81	12.71	4.97	11803	15.00	27.58	12.69	4.97	12650	11.34	21.37	12.64	4.97	11751	15.58	28.46	12.64	4.99	12770	10.74	20.25	12.59	4.89	10669	25.30	40.34	12.56	4.97															2020-07-12 10:54:00
12.07.2020	11:00:00	RO_SE_001	3589	23795	96	0	13509	8.50	15.81	12.73	4.97	11803	15.00	27.58	12.7	4.97	12651	11.34	21.36	12.64	4.97	11751	15.58	28.46	12.66	4.99	12770	10.74	20.25	12.61	4.91	10669	25.30	40.34	12.62	4.97															2020-07-12 11:00:00
12.07.2020	11:06:00	RO_SE_001	3589	23796	96	0	13510	8.50	15.8	12.76	4.97	11803	15.00	27.58	12.66	4.97	12651	11.34	21.36	12.67	4.97	11751	15.58	28.46	12.66	4.99	12771	10.74	20.24	12.61	4.89	10669	25.30	40.34	12.6	4.99															2020-07-12 11:06:00
12.07.2020	11:12:00	RO_SE_001	3589	23797	96	0	13510	8.50	15.8	12.78	4.97	11803	15.00	27.58	12.65	4.97	12652	11.33	21.35	12.69	4.97	11752	15.57	28.45	12.66	4.99	12771	10.74	20.24	12.61	4.91	10670	25.29	40.32	12.61	4.97															2020-07-12 11:12:00
12.07.2020	11:18:00	RO_SE_001	3589	23798	96	0	13509	8.50	15.81	12.77	4.97	11804	15.00	27.57	12.7	4.97	12653	11.33	21.35	12.71	4.97	11752	15.57	28.45	12.66	4.99	12772	10.73	20.24	12.66	4.91	10670	25.29	40.32	12.63	4.99															2020-07-12 11:18:00
12.07.2020	11:24:00	RO_SE_001	3589	23799	108	0	13509	8.50	15.81	12.78	4.97	11804	15.00	27.57	12.68	4.97	12653	11.33	21.35	12.74	4.97	11752	15.57	28.45	12.66	4.99	12772	10.73	20.24	12.66	4.91	10670	25.29	40.32	12.59	4.99															2020-07-12 11:24:00
12.07.2020	11:30:00	RO_SE_001	3590	23800	96	0	13511	8.49	15.8	12.78	4.97	11804	15.00	27.57	12.67	4.97	12654	11.32	21.34	12.74	4.97	11752	15.57	28.45	12.66	4.99	12772	10.73	20.24	12.64	4.89	10670	25.29	40.32	12.61	4.99															2020-07-12 11:30:00
12.07.2020	11:36:00	RO_SE_001	3590	23801	96	0	13510	8.50	15.8	12.82	4.97	11805	14.99	27.56	12.7	4.97	12655	11.32	21.33	12.74	4.97	11752	15.57	28.45	12.65	4.99	12773	10.73	20.23	12.66	4.91	10670	25.29	40.32	12.59	4.97															2020-07-12 11:36:00
12.07.2020	11:42:00	RO_SE_001	3590	23802	108	0	13511	8.49	15.8	12.84	4.97	11805	14.99	27.56	12.65	4.97	12656	11.32	21.32	12.78	4.97	11753	15.56	28.45	12.66	4.99	12774	10.73	20.22	12.66	4.89	10670	25.29	40.32	12.59	4.99															2020-07-12 11:42:00
12.07.2020	11:48:00	RO_SE_001	3590	23803	108	0	13511	8.49	15.8	12.84	4.97	11805	14.99	27.56	12.67	4.97	12657	11.31	21.32	12.76	4.97	11753	15.56	28.45	12.67	4.99	12774	10.73	20.22	12.67	4.89	10670	25.29	40.32	12.62	4.97															2020-07-12 11:48:00
12.07.2020	11:54:00	RO_SE_001	3590	23804	99	0	13512	8.49	15.79	12.84	4.97	11806	14.99	27.55	12.66	4.97	12658	11.31	21.31	12.84	4.97	11752	15.57	28.45	12.61	4.99	12775	10.72	20.22	12.72	4.89	10670	25.29	40.32	12.59	4.99															2020-07-12 11:54:00
12.07.2020	12:00:00	RO_SE_001	3590	23805	99	0	13512	8.49	15.79	12.88	4.97	11806	14.99	27.55	12.65	4.97	12658	11.31	21.31	12.84	4.97	11753	15.56	28.45	12.62	4.99	12776	10.72	20.21	12.73	4.91	10670	25.29	40.32	12.58	4.99															2020-07-12 12:00:00
12.07.2020	12:06:00	RO_SE_001	3589	23806	99	0	13513	8.49	15.79	12.88	4.97	11806	14.99	27.55	12.67	4.97	12659	11.31	21.3	12.84	4.97	11753	15.56	28.45	12.65	4.99	12777	10.72	20.2	12.75	4.91	10670	25.29	40.32	12.58	4.99															2020-07-12 12:06:00
12.07.2020	12:12:00	RO_SE_001	3589	23807	99	0	13513	8.49	15.79	12.92	4.97	11807	14.98	27.54	12.69	4.97	12660	11.30	21.3	12.86	4.97	11753	15.56	28.45	12.66	4.99	12777	10.72	20.2	12.73	4.89	10670	25.29	40.32	12.59	4.97															2020-07-12 12:12:00
12.07.2020	12:18:00	RO_SE_001	3589	23808	99	0	13514	8.49	15.78	12.92	4.97	11807	14.98	27.54	12.67	4.97	12660	11.30	21.3	12.93	4.97	11753	15.56	28.45	12.63	4.99	12778	10.71	20.2	12.76	4.89	10671	25.28	40.31	12.56	4.99															2020-07-12 12:18:00
12.07.2020	12:24:00	RO_SE_001	3589	23809	99	0	13514	8.49	15.78	12.93	4.97	11807	14.98	27.54	12.66	4.97	12661	11.30	21.29	12.88	4.97	11754	15.56	28.44	12.63	4.99	12779	10.71	20.19	12.77	4.89	10670	25.29	40.32	12.56	4.97															2020-07-12 12:24:00
12.07.2020	12:30:00	RO_SE_001	3552	23810	0	0	13515	8.48	15.77	12.95	4.97	11807	14.98	27.54	12.64	4.97	12662	11.29	21.28	12.92	4.97	11754	15.56	28.44	12.66	4.99	12778	10.71	20.2	12.79	4.89	10671	25.28	40.31	12.6	4.99															2020-07-12 12:30:00
12.07.2020	12:36:00	RO_SE_001	3583	23811	57	0	13515	8.48	15.77	12.98	4.97	11808	14.97	27.54	12.66	4.97	12663	11.29	21.28	12.92	4.97	11754	15.56	28.44	12.64	4.99	12779	10.71	20.19	12.8	4.91	10671	25.28	40.31	12.6	4.97															2020-07-12 12:36:00
12.07.2020	12:42:00	RO_SE_001	3587	23812	57	0	13516	8.48	15.77	12.98	4.97	11808	14.97	27.54	12.66	4.97	12664	11.29	21.27	12.95	4.97	11754	15.56	28.44	12.63	4.99	12780	10.70	20.18	12.83	4.89	10671	25.28	40.31	12.55	4.99															2020-07-12 12:42:00
12.07.2020	12:48:00	RO_SE_001	3588	23813	57	0	13516	8.48	15.77	12.99	4.97	11808	14.97	27.54	12.64	4.97	12664	11.29	21.27	12.98	4.97	11755	15.55	28.43	12.63	4.99	12781	10.70	20.18	12.84	4.89	10670	25.29	40.32	12.56	4.97															2020-07-12 12:48:00
12.07.2020	12:54:00	RO_SE_001	3588	23814	57	0	13516	8.48	15.77	13.02	4.97	11809	14.97	27.53	12.65	4.97	12665	11.28	21.26	13.01	4.97	11755	15.55	28.43	12.61	4.99	12781	10.70	20.18	12.88	4.89	10670	25.29	40.32	12.56	4.97															2020-07-12 12:54:00
12.07.2020	13:00:00	RO_SE_001	3589	23815	57	0	13517	8.48	15.76	13.05	4.97	11809	14.97	27.53	12.64	4.97	12665	11.28	21.26	12.98	4.97	11755	15.55	28.43	12.6	4.99	12782	10.70	20.17	12.83	4.89	10670	25.29	40.32	12.58	4.99															2020-07-12 13:00:00
12.07.2020	13:06:00	RO_SE_001	3588	23816	126	0	13516	8.48	15.77	13.05	4.97	11809	14.97	27.53	12.65	4.97	12666	11.28	21.25	12.99	4.97	11755	15.55	28.43	12.64	4.99	12783	10.69	20.16	12.85	4.91	10670	25.29	40.32	12.56	4.97															2020-07-12 13:06:00
12.07.2020	13:12:00	RO_SE_001	3589	23817	111	0	13516	8.48	15.77	13.06	4.97	11809	14.97	27.53	12.64	4.97	12667	11.28	21.25	13.02	4.97	11756	15.55	28.42	12.59	4.99	12783	10.69	20.16	12.85	4.91	10670	25.29	40.32	12.57	4.97															2020-07-12 13:12:00
12.07.2020	13:18:00	RO_SE_001	3589	23818	102	0	13517	8.48	15.76	13.07	4.97	11810	14.96	27.52	12.64	4.97	12668	11.27	21.24	12.98	4.97	11756	15.55	28.42	12.58	4.99	12784	10.69	20.16	12.87	4.91	10671	25.28	40.31	12.55	4.97															2020-07-12 13:18:00
12.07.2020	13:24:00	RO_SE_001	3589	23819	102	0	13517	8.48	15.76	13.09	4.97	11810	14.96	27.52	12.65	4.97	12669	11.27	21.23	13.03	4.97	11756	15.55	28.42	12.6	4.99	12784	10.69	20.16	12.87	4.89	10671	25.28	40.31	12.59	4.97															2020-07-12 13:24:00
12.07.2020	13:30:00	RO_SE_001	3589	23820	99	0	13517	8.48	15.76	13.11	4.97	11810	14.96	27.52	12.64	4.97	12669	11.27	21.23	13.02	4.97	11756	15.55	28.42	12.61	4.99	12785	10.69	20.15	12.9	4.89	10671	25.28	40.31	12.55	4.99															2020-07-12 13:30:00
12.07.2020	13:36:00	RO_SE_001	3590	23821	105	0	13517	8.48	15.76	13.12	4.97	11810	14.96	27.52	12.64	4.97	12670	11.26	21.23	13.05	4.97	11756	15.55	28.42	12.63	4.99	12786	10.68	20.14	12.89	4.89	10671	25.28	40.31	12.56	4.97															2020-07-12 13:36:00
12.07.2020	13:42:00	RO_SE_001	3591	23822	123	0	13518	8.47	15.76	13.09	4.97	11811	14.96	27.51	12.66	4.97	12671	11.26	21.22	13.04	4.97	11757	15.54	28.41	12.62	4.99	12786	10.68	20.14	12.91	4.89	10671	25.28	40.31	12.58	4.97															2020-07-12 13:42:00
12.07.2020	13:48:00	RO_SE_001	3591	23823	123	0	13518	8.47	15.76	13.13	4.97	11811	14.96	27.51	12.63	4.97	12671	11.26	21.22	13.04	4.97	11757	15.54	28.41	12.63	4.99	12786	10.68	20.14	12.89	4.91	10671	25.28	40.31	12.58	4.99															2020-07-12 13:48:00
12.07.2020	13:54:00	RO_SE_001	3589	23824	123	0	13519	8.47	15.75	13.14	4.97	11811	14.96	27.51	12.66	4.97	12672	11.26	21.21	13.09	4.97	11757	15.54	28.41	12.59	4.99	12787	10.68	20.13	12.91	4.89	10671	25.28	40.31	12.55	4.97															2020-07-12 13:54:00
12.07.2020	14:00:00	RO_SE_001	3589	23825	123	0	13519	8.47	15.75	13.16	4.97	11812	14.95	27.5	12.66	4.97	12673	11.25	21.21	13.09	4.97	11758	15.53	28.4	12.62	4.99	12788	10.68	20.13	12.92	4.89	10671	25.28	40.31	12.57	4.99															2020-07-12 14:00:00
12.07.2020	14:06:00	RO_SE_001	3590	23826	132	0	13519	8.47	15.75	13.19	4.97	11812	14.95	27.5	12.66	4.97	12674	11.25	21.2	13.11	4.97	11758	15.53	28.4	12.63	4.99	12789	10.67	20.12	12.94	4.89	10671	25.28	40.31	12.53	4.97															2020-07-12 14:06:00
12.07.2020	14:12:00	RO_SE_001	3590	23827	132	0	13520	8.47	15.75	13.22	4.97	11812	14.95	27.5	12.64	4.97	12675	11.24	21.19	13.1	4.97	11758	15.53	28.4	12.59	4.99	12789	10.67	20.12	12.96	4.89	10671	25.28	40.31	12.54	4.97															2020-07-12 14:12:00
12.07.2020	14:18:00	RO_SE_001	3589	23828	132	0	13520	8.47	15.75	13.23	4.97	11813	14.95	27.49	12.63	4.97	12676	11.24	21.18	13.11	4.97	11758	15.53	28.4	12.59	4.99	12790	10.67	20.11	12.95	4.91	10671	25.28	40.31	12.6	4.97															2020-07-12 14:18:00
12.07.2020	14:24:00	RO_SE_001	3591	23829	108	0	13521	8.47	15.74	13.2	4.97	11812	14.95	27.5	12.65	4.97	12677	11.24	21.18	13.15	4.97	11759	15.53	28.39	12.59	4.99	12791	10.66	20.11	12.99	4.91	10672	25.26	40.3	12.54	4.99															2020-07-12 14:24:00
12.07.2020	14:30:00	RO_SE_001	3592	23830	123	0	13522	8.46	15.74	13.23	4.97	11812	14.95	27.5	12.61	4.97	12678	11.23	21.17	13.2	4.97	11759	15.53	28.39	12.61	4.99	12791	10.66	20.11	12.97	4.91	10672	25.26	40.3	12.57	4.99															2020-07-12 14:30:00
12.07.2020	14:36:00	RO_SE_001	3590	23831	123	0	13522	8.46	15.74	13.25	4.97	11813	14.95	27.49	12.63	4.97	12678	11.23	21.17	13.16	4.97	11759	15.53	28.39	12.63	4.99	12792	10.66	20.1	12.98	4.91	10672	25.26	40.3	12.57	4.99															2020-07-12 14:36:00
12.07.2020	14:42:00	RO_SE_001	3590	23832	111	0	13522	8.46	15.74	13.27	4.97	11813	14.95	27.49	12.61	4.97	12678	11.23	21.17	13.17	4.97	11760	15.52	28.38	12.63	4.99	12793	10.66	20.09	13.02	4.91	10672	25.26	40.3	12.58	4.99															2020-07-12 14:42:00
12.07.2020	14:48:00	RO_SE_001	3590	23833	111	0	13523	8.46	15.73	13.26	4.97	11813	14.95	27.49	12.62	4.97	12679	11.23	21.16	13.19	4.97	11760	15.52	28.38	12.63	4.99	12792	10.66	20.1	12.98	4.89	10672	25.26	40.3	12.6	4.97															2020-07-12 14:48:00
12.07.2020	14:54:00	RO_SE_001	3590	23834	111	0	13523	8.46	15.73	13.27	4.97	11813	14.95	27.49	12.62	4.97	12680	11.23	21.16	13.2	4.97	11760	15.52	28.38	12.59	4.99	12793	10.66	20.09	13.03	4.89	10672	25.26	40.3	12.56	4.99															2020-07-12 14:54:00
12.07.2020	15:00:00	RO_SE_001	3589	23835	111	0	13523	8.46	15.73	13.25	4.97	11813	14.95	27.49	12.62	4.97	12681	11.22	21.15	13.19	4.97	11760	15.52	28.38	12.63	4.99	12794	10.65	20.09	13.0	4.91	10672	25.26	40.3	12.58	4.97															2020-07-12 15:00:00
12.07.2020	15:06:00	RO_SE_001	3590	23836	111	0	13523	8.46	15.73	13.28	4.97	11814	14.94	27.48	12.63	4.97	12682	11.22	21.14	13.2	4.97	11759	15.53	28.39	12.58	4.99	12794	10.65	20.09	13.02	4.89	10672	25.26	40.3	12.57	4.99															2020-07-12 15:06:00
12.07.2020	15:12:00	RO_SE_001	3592	23837	111	0	13523	8.46	15.73	13.29	4.97	11814	14.94	27.48	12.63	4.97	12683	11.21	21.14	13.23	4.97	11760	15.52	28.38	12.58	4.99	12795	10.65	20.08	13.05	4.89	10672	25.26	40.3	12.6	4.97															2020-07-12 15:12:00
12.07.2020	15:18:00	RO_SE_001	3589	23838	102	0	13523	8.46	15.73	13.32	4.97	11814	14.94	27.48	12.63	4.97	12683	11.21	21.14	13.23	4.97	11760	15.52	28.38	12.6	4.99	12796	10.65	20.07	13.06	4.89	10672	25.26	40.3	12.58	4.99															2020-07-12 15:18:00
12.07.2020	15:24:00	RO_SE_001	3589	23839	102	0	13523	8.46	15.73	13.31	4.97	11814	14.94	27.48	12.65	4.97	12684	11.21	21.13	13.21	4.97	11760	15.52	28.38	12.59	4.99	12796	10.65	20.07	13.08	4.89	10672	25.26	40.3	12.57	4.97															2020-07-12 15:24:00
12.07.2020	15:30:00	RO_SE_001	3589	23840	102	0	13523	8.46	15.73	13.32	4.97	11815	14.93	27.47	12.66	4.97	12685	11.21	21.12	13.24	4.97	11761	15.52	28.37	12.59	4.99	12797	10.64	20.07	13.05	4.89	10672	25.26	40.3	12.56	4.99															2020-07-12 15:30:00
12.07.2020	15:36:00	RO_SE_001	3589	23841	102	0	13524	8.46	15.72	13.31	4.97	11815	14.93	27.47	12.63	4.97	12685	11.21	21.12	13.24	4.97	11761	15.52	28.37	12.62	4.99	12798	10.64	20.06	13.08	4.91	10672	25.26	40.3	12.57	4.99															2020-07-12 15:36:00
12.07.2020	15:42:00	RO_SE_001	3589	23842	102	0	13525	8.46	15.72	13.34	4.97	11815	14.93	27.47	12.65	4.97	12686	11.20	21.11	13.27	4.97	11761	15.52	28.37	12.66	4.99	12798	10.64	20.06	13.13	4.89	10673	25.25	40.29	12.59	4.97															2020-07-12 15:42:00
12.07.2020	15:48:00	RO_SE_001	3591	23843	102	0	13525	8.46	15.72	13.33	4.97	11816	14.93	27.47	12.59	4.97	12686	11.20	21.11	13.28	4.97	11761	15.52	28.37	12.56	4.99	12798	10.64	20.06	13.08	4.91	10673	25.25	40.29	12.54	4.97															2020-07-12 15:48:00
12.07.2020	15:54:00	RO_SE_001	3556	23844	0	0	13525	8.46	15.72	13.35	4.97	11816	14.93	27.47	12.63	4.97	12687	11.20	21.11	13.27	4.97	11762	15.51	28.36	12.61	4.99	12800	10.63	20.05	13.09	4.91	10673	25.25	40.29	12.58	4.99															2020-07-12 15:54:00
12.07.2020	16:00:00	RO_SE_001	3584	23845	114	0	13526	8.45	15.71	13.35	4.97	11816	14.93	27.47	12.66	4.97	12688	11.20	21.1	13.29	4.97	11762	15.51	28.36	12.59	4.99	12800	10.63	20.05	13.12	4.91	10673	25.25	40.29	12.58	4.99															2020-07-12 16:00:00
12.07.2020	16:06:00	RO_SE_001	3587	23846	114	0	13526	8.45	15.71	13.37	4.97	11817	14.92	27.46	12.66	4.97	12689	11.19	21.09	13.33	4.97	11762	15.51	28.36	12.59	4.99	12800	10.63	20.05	13.09	4.91	10673	25.25	40.29	12.56	4.97															2020-07-12 16:06:00
12.07.2020	16:12:00	RO_SE_001	3588	23847	132	0	13526	8.45	15.71	13.38	4.97	11817	14.92	27.46	12.64	4.97	12690	11.19	21.09	13.28	4.97	11762	15.51	28.36	12.55	4.99	12800	10.63	20.05	13.09	4.91	10673	25.25	40.29	12.57	4.99															2020-07-12 16:12:00
12.07.2020	16:18:00	RO_SE_001	3589	23848	132	0	13527	8.45	15.71	13.4	4.97	11817	14.92	27.46	12.63	4.97	12691	11.18	21.08	13.32	4.97	11763	15.50	28.35	12.59	4.99	12801	10.63	20.04	13.12	4.91	10673	25.25	40.29	12.57	4.99															2020-07-12 16:18:00
12.07.2020	16:24:00	RO_SE_001	3589	23849	132	0	13528	8.45	15.7	13.44	4.97	11818	14.92	27.45	12.65	4.97	12692	11.18	21.07	13.32	4.97	11763	15.50	28.35	12.59	4.99	12802	10.63	20.03	13.1	4.91	10673	25.25	40.29	12.58	4.97															2020-07-12 16:24:00
12.07.2020	16:30:00	RO_SE_001	3590	23850	132	0	13528	8.45	15.7	13.41	4.97	11818	14.92	27.45	12.63	4.97	12692	11.18	21.07	13.31	4.97	11763	15.50	28.35	12.62	4.99	12803	10.62	20.03	13.14	4.89	10673	25.25	40.29	12.56	4.97															2020-07-12 16:30:00
12.07.2020	16:36:00	RO_SE_001	3590	23851	132	0	13529	8.45	15.7	13.46	4.97	11818	14.92	27.45	12.66	4.97	12692	11.18	21.07	13.36	4.97	11764	15.50	28.35	12.62	5.02	12809	10.60	19.99	13.13	4.89	10673	25.25	40.29	12.59	4.97															2020-07-12 16:36:00
12.07.2020	16:42:00	RO_SE_001	3591	23852	132	0	13529	8.45	15.7	13.41	4.97	11819	14.91	27.44	12.63	4.97	12693	11.18	21.07	13.37	4.97	11764	15.50	28.35	12.62	4.99	12809	10.60	19.99	13.16	4.89	10673	25.25	40.29	12.6	4.99															2020-07-12 16:42:00
12.07.2020	16:48:00	RO_SE_001	3591	23853	132	0	13529	8.45	15.7	13.44	4.97	11818	14.92	27.45	12.65	4.97	12693	11.18	21.07	13.38	4.97	11764	15.50	28.35	12.61	4.99	12809	10.60	19.99	13.2	4.91	10673	25.25	40.29	12.57	4.99															2020-07-12 16:48:00
12.07.2020	16:54:00	RO_SE_001	3590	23854	132	0	13529	8.45	15.7	13.45	4.97	11819	14.91	27.44	12.64	4.97	12694	11.17	21.06	13.35	4.97	11764	15.50	28.35	12.59	4.99	12809	10.60	19.99	13.16	4.89	10674	25.24	40.27	12.58	4.99															2020-07-12 16:54:00
12.07.2020	17:00:00	RO_SE_001	3555	23855	0	0	13529	8.45	15.7	13.47	4.97	11819	14.91	27.44	12.65	4.97	12695	11.17	21.05	13.33	4.97	11764	15.50	28.35	12.6	4.99	12809	10.60	19.99	13.16	4.89	10674	25.24	40.27	12.59	4.99															2020-07-12 17:00:00
12.07.2020	17:06:00	RO_SE_001	3585	23856	111	0	13530	8.44	15.69	13.5	4.97	11819	14.91	27.44	12.64	4.97	12696	11.17	21.04	13.36	4.97	11765	15.49	28.34	12.59	4.99	12809	10.60	19.99	13.19	4.89	10674	25.24	40.27	12.56	4.97															2020-07-12 17:06:00
12.07.2020	17:12:00	RO_SE_001	3588	23857	99	0	13530	8.44	15.69	13.45	4.97	11819	14.91	27.44	12.65	4.97	12696	11.17	21.04	13.37	4.97	11765	15.49	28.34	12.59	4.99	12809	10.60	19.99	13.18	4.91	10674	25.24	40.27	12.59	4.99															2020-07-12 17:12:00
12.07.2020	17:18:00	RO_SE_001	3589	23858	99	0	13529	8.45	15.7	13.48	4.97	11819	14.91	27.44	12.63	4.97	12697	11.16	21.04	13.39	4.97	11765	15.49	28.34	12.59	4.99	12809	10.60	19.99	13.19	4.89	10674	25.24	40.27	12.59	4.99															2020-07-12 17:18:00
12.07.2020	17:24:00	RO_SE_001	3590	23859	99	0	13531	8.44	15.69	13.48	4.97	11819	14.91	27.44	12.69	4.97	12698	11.16	21.03	13.37	4.97	11765	15.49	28.34	12.59	4.99	12809	10.60	19.99	13.2	4.91	10674	25.24	40.27	12.6	4.99															2020-07-12 17:24:00
12.07.2020	17:30:00	RO_SE_001	3591	23860	99	0	13530	8.44	15.69	13.52	4.97	11820	14.91	27.43	12.64	4.97	12699	11.15	21.02	13.38	4.97	11766	15.49	28.33	12.59	4.99	12809	10.60	19.99	13.16	4.91	10674	25.24	40.27	12.6	4.99															2020-07-12 17:30:00
12.07.2020	17:36:00	RO_SE_001	3591	23861	99	0	13531	8.44	15.69	13.51	4.97	11819	14.91	27.44	12.65	4.97	12699	11.15	21.02	13.38	4.97	11766	15.49	28.33	12.61	4.99	12809	10.60	19.99	13.2	4.89	10674	25.24	40.27	12.59	4.99															2020-07-12 17:36:00
12.07.2020	17:42:00	RO_SE_001	3591	23862	99	0	13531	8.44	15.69	13.52	4.97	11820	14.91	27.43	12.65	4.97	12699	11.15	21.02	13.39	4.97	11766	15.49	28.33	12.59	4.99	12809	10.60	19.99	13.23	4.91	10674	25.24	40.27	12.58	4.99															2020-07-12 17:42:00
12.07.2020	17:48:00	RO_SE_001	3591	23863	132	0	13532	8.44	15.68	13.53	4.97	11820	14.91	27.43	12.65	4.97	12700	11.15	21.02	13.36	4.97	11766	15.49	28.33	12.63	4.99	12809	10.60	19.99	13.22	4.91	10674	25.24	40.27	12.62	4.99															2020-07-12 17:48:00
12.07.2020	17:54:00	RO_SE_001	3592	23864	114	0	13532	8.44	15.68	13.52	4.97	11820	14.91	27.43	12.65	4.97	12701	11.15	21.01	13.4	4.97	11767	15.48	28.32	12.59	4.99	12810	10.60	19.98	13.23	4.89	10674	25.24	40.27	12.58	4.99															2020-07-12 17:54:00
12.07.2020	18:00:00	RO_SE_001	3591	23865	114	0	13533	8.43	15.67	13.54	4.97	11820	14.91	27.43	12.66	4.97	12701	11.15	21.01	13.4	4.97	11767	15.48	28.32	12.62	4.99	12811	10.59	19.97	13.23	4.89	10674	25.24	40.27	12.55	4.97															2020-07-12 18:00:00
12.07.2020	18:06:00	RO_SE_001	3592	23866	114	0	13533	8.43	15.67	13.53	4.97	11820	14.91	27.43	12.66	4.97	12702	11.14	21.0	13.41	4.97	11767	15.48	28.32	12.63	4.99	12811	10.59	19.97	13.23	4.91	10674	25.24	40.27	12.6	4.99															2020-07-12 18:06:00
12.07.2020	18:12:00	RO_SE_001	3593	23867	114	0	13533	8.43	15.67	13.54	4.97	11820	14.91	27.43	12.65	4.97	12702	11.14	21.0	13.48	4.97	11767	15.48	28.32	12.63	4.99	12811	10.59	19.97	13.23	4.89	10674	25.24	40.27	12.59	4.99															2020-07-12 18:12:00
12.07.2020	18:18:00	RO_SE_001	3592	23868	111	0	13533	8.43	15.67	13.57	4.97	11821	14.90	27.42	12.65	4.97	12703	11.14	21.0	13.48	4.97	11767	15.48	28.32	12.62	4.99	12811	10.59	19.97	13.27	4.89	10675	25.22	40.26	12.6	4.99															2020-07-12 18:18:00
12.07.2020	18:24:00	RO_SE_001	3592	23869	111	0	13534	8.43	15.67	13.51	4.97	11821	14.90	27.42	12.66	4.97	12704	11.14	20.99	13.48	4.97	11767	15.48	28.32	12.59	4.99	12811	10.59	19.97	13.26	4.91	10675	25.22	40.26	12.59	4.97															2020-07-12 18:24:00
12.07.2020	18:30:00	RO_SE_001	3593	23870	129	0	13534	8.43	15.67	13.54	4.97	11821	14.90	27.42	12.63	4.97	12704	11.14	20.99	13.42	4.97	11767	15.48	28.32	12.61	4.99	12813	10.59	19.96	13.24	4.91	10675	25.22	40.26	12.57	4.99															2020-07-12 18:30:00
12.07.2020	18:36:00	RO_SE_001	3593	23871	129	0	13534	8.43	15.67	13.55	4.97	11821	14.90	27.42	12.68	4.97	12705	11.13	20.98	13.43	4.97	11767	15.48	28.32	12.6	4.99	12813	10.59	19.96	13.27	4.91	10675	25.22	40.26	12.62	4.97															2020-07-12 18:36:00
12.07.2020	18:42:00	RO_SE_001	3592	23872	129	0	13534	8.43	15.67	13.55	4.97	11821	14.90	27.42	12.7	4.97	12706	11.13	20.98	13.46	4.97	11768	15.48	28.31	12.61	4.99	12814	10.58	19.95	13.26	4.89	10675	25.22	40.26	12.59	4.99															2020-07-12 18:42:00
12.07.2020	18:48:00	RO_SE_001	3592	23873	108	0	13535	8.43	15.66	13.57	4.97	11821	14.90	27.42	12.67	4.97	12706	11.13	20.98	13.45	4.97	11768	15.48	28.31	12.62	4.99	12813	10.59	19.96	13.28	4.89	10675	25.22	40.26	12.64	4.99															2020-07-12 18:48:00
12.07.2020	18:54:00	RO_SE_001	3592	23874	108	0	13535	8.43	15.66	13.56	4.97	11821	14.90	27.42	12.69	4.97	12706	11.13	20.98	13.47	4.97	11768	15.48	28.31	12.65	4.99	12814	10.58	19.95	13.28	4.91	10675	25.22	40.26	12.59	4.99															2020-07-12 18:54:00
12.07.2020	19:00:00	RO_SE_001	3592	23875	108	0	13535	8.43	15.66	13.58	4.97	11821	14.90	27.42	12.7	4.97	12706	11.13	20.98	13.42	4.97	11768	15.48	28.31	12.62	4.99	12814	10.58	19.95	13.25	4.89	10675	25.22	40.26	12.63	4.99															2020-07-12 19:00:00
12.07.2020	19:06:00	RO_SE_001	3592	23876	108	0	13535	8.43	15.66	13.52	4.97	11821	14.90	27.42	12.66	4.97	12707	11.12	20.97	13.44	4.97	11768	15.48	28.31	12.59	4.99	12815	10.58	19.94	13.3	4.91	10675	25.22	40.26	12.61	4.97															2020-07-12 19:06:00
12.07.2020	19:12:00	RO_SE_001	3592	23877	111	0	13536	8.43	15.66	13.55	4.97	11821	14.90	27.42	12.68	4.97	12707	11.12	20.97	13.41	4.97	11768	15.48	28.31	12.61	4.99	12815	10.58	19.94	13.3	4.89	10675	25.22	40.26	12.63	4.99															2020-07-12 19:12:00
12.07.2020	19:18:00	RO_SE_001	3593	23878	105	0	13536	8.43	15.66	13.57	4.97	11821	14.90	27.42	12.68	4.97	12708	11.12	20.96	13.46	4.97	11769	15.47	28.3	12.63	5.02	12816	10.58	19.94	13.3	4.89	10675	25.22	40.26	12.59	4.97															2020-07-12 19:18:00
12.07.2020	19:24:00	RO_SE_001	3592	23879	105	0	13536	8.43	15.66	13.55	4.97	11821	14.90	27.42	12.68	4.97	12708	11.12	20.96	13.45	4.97	11769	15.47	28.3	12.61	4.99	12816	10.58	19.94	13.31	4.89	10675	25.22	40.26	12.62	4.99															2020-07-12 19:24:00
12.07.2020	19:30:00	RO_SE_001	3593	23880	105	0	13536	8.43	15.66	13.55	4.97	11822	14.89	27.41	12.69	4.97	12709	11.12	20.95	13.41	4.97	11770	15.46	28.29	12.63	4.99	12816	10.58	19.94	13.27	4.89	10675	25.22	40.26	12.62	4.97															2020-07-12 19:30:00
12.07.2020	19:36:00	RO_SE_001	3593	23881	105	0	13536	8.43	15.66	13.57	4.97	11821	14.90	27.42	12.68	4.97	12709	11.12	20.95	13.44	4.97	11770	15.46	28.29	12.62	4.99	12817	10.57	19.93	13.27	4.91	10676	25.21	40.25	12.63	4.99															2020-07-12 19:36:00
12.07.2020	19:42:00	RO_SE_001	3592	23882	105	0	13537	8.42	15.65	13.52	4.97	11822	14.89	27.41	12.68	4.97	12710	11.11	20.95	13.41	4.97	11770	15.46	28.29	12.63	4.99	12817	10.57	19.93	13.25	4.89	10676	25.21	40.25	12.65	4.97															2020-07-12 19:42:00
12.07.2020	19:48:00	RO_SE_001	3592	23883	105	0	13537	8.42	15.65	13.52	4.97	11822	14.89	27.41	12.7	4.97	12710	11.11	20.95	13.43	4.97	11770	15.46	28.29	12.63	4.99	12818	10.57	19.92	13.27	4.89	10676	25.21	40.25	12.61	4.97															2020-07-12 19:48:00
12.07.2020	19:54:00	RO_SE_001	3555	23884	0	0	13537	8.42	15.65	13.52	4.97	11821	14.90	27.42	12.66	4.97	12711	11.11	20.94	13.38	4.97	11770	15.46	28.29	12.62	4.99	12818	10.57	19.92	13.29	4.91	10676	25.21	40.25	12.63	4.99															2020-07-12 19:54:00
12.07.2020	20:00:00	RO_SE_001	3587	23885	105	0	13537	8.42	15.65	13.5	4.97	11821	14.90	27.42	12.66	4.97	12711	11.11	20.94	13.4	4.97	11771	15.46	28.28	12.62	4.99	12818	10.57	19.92	13.27	4.91	10676	25.21	40.25	12.63	4.99															2020-07-12 20:00:00
12.07.2020	20:06:00	RO_SE_001	3589	23886	105	0	13537	8.42	15.65	13.52	4.97	11822	14.89	27.41	12.69	4.97	12712	11.11	20.93	13.38	4.97	11771	15.46	28.28	12.62	4.99	12819	10.56	19.92	13.26	4.89	10676	25.21	40.25	12.66	4.99															2020-07-12 20:06:00
12.07.2020	20:12:00	RO_SE_001	3590	23887	105	0	13537	8.42	15.65	13.54	4.97	11822	14.89	27.41	12.7	4.97	12712	11.11	20.93	13.41	4.97	11771	15.46	28.28	12.62	4.99	12819	10.56	19.92	13.23	4.89	10676	25.21	40.25	12.63	4.97															2020-07-12 20:12:00
12.07.2020	20:18:00	RO_SE_001	3591	23888	99	0	13537	8.42	15.65	13.49	4.97	11821	14.90	27.42	12.66	4.97	12712	11.11	20.93	13.31	4.97	11771	15.46	28.28	12.6	4.99	12819	10.56	19.92	13.26	4.89	10676	25.21	40.25	12.65	4.97															2020-07-12 20:18:00
12.07.2020	20:24:00	RO_SE_001	3591	23889	108	0	13537	8.42	15.65	13.49	4.97	11822	14.89	27.41	12.67	4.97	12713	11.10	20.93	13.41	4.97	11772	15.45	28.27	12.66	4.99	12820	10.56	19.91	13.26	4.89	10676	25.21	40.25	12.64	4.99															2020-07-12 20:24:00
12.07.2020	20:30:00	RO_SE_001	3591	23890	108	0	13536	8.43	15.66	13.48	4.97	11821	14.90	27.42	12.72	4.97	12714	11.10	20.92	13.34	4.97	11772	15.45	28.27	12.63	4.99	12820	10.56	19.91	13.27	4.89	10676	25.21	40.25	12.65	4.97															2020-07-12 20:30:00
12.07.2020	20:36:00	RO_SE_001	3592	23891	108	0	13537	8.42	15.65	13.48	4.97	11821	14.90	27.42	12.69	4.97	12713	11.10	20.93	13.33	4.97	11772	15.45	28.27	12.6	4.99	12820	10.56	19.91	13.24	4.89	10676	25.21	40.25	12.64	4.99															2020-07-12 20:36:00
12.07.2020	20:42:00	RO_SE_001	3592	23892	114	0	13537	8.42	15.65	13.48	4.97	11821	14.90	27.42	12.72	4.97	12714	11.10	20.92	13.28	4.97	11772	15.45	28.27	12.64	4.99	12821	10.56	19.9	13.24	4.91	10676	25.21	40.25	12.64	4.97															2020-07-12 20:42:00
12.07.2020	20:48:00	RO_SE_001	3592	23893	105	0	13538	8.42	15.65	13.44	4.97	11822	14.89	27.41	12.71	4.97	12714	11.10	20.92	13.28	4.97	11772	15.45	28.27	12.65	4.99	12820	10.56	19.91	13.23	4.91	10676	25.21	40.25	12.63	4.97															2020-07-12 20:48:00
12.07.2020	20:54:00	RO_SE_001	3592	23894	111	0	13537	8.42	15.65	13.45	4.97	11821	14.90	27.42	12.72	4.97	12714	11.10	20.92	13.3	4.97	11772	15.45	28.27	12.66	4.99	12820	10.56	19.91	13.23	4.91	10676	25.21	40.25	12.63	4.99															2020-07-12 20:54:00
12.07.2020	21:00:00	RO_SE_001	3592	23895	111	0	13538	8.42	15.65	13.46	4.97	11821	14.90	27.42	12.71	4.97	12715	11.09	20.91	13.27	4.97	11773	15.45	28.26	12.66	4.99	12821	10.56	19.9	13.23	4.91	10676	25.21	40.25	12.65	4.99															2020-07-12 21:00:00
12.07.2020	21:06:00	RO_SE_001	3592	23896	111	0	13538	8.42	15.65	13.4	4.97	11821	14.90	27.42	12.71	4.97	12715	11.09	20.91	13.26	4.97	11773	15.45	28.26	12.64	4.99	12821	10.56	19.9	13.22	4.91	10677	25.20	40.23	12.66	4.99															2020-07-12 21:06:00
12.07.2020	21:12:00	RO_SE_001	3593	23897	111	0	13538	8.42	15.65	13.42	4.97	11821	14.90	27.42	12.7	4.97	12716	11.09	20.91	13.23	4.97	11773	15.45	28.26	12.69	4.99	12821	10.56	19.9	13.2	4.91	10677	25.20	40.23	12.65	4.99															2020-07-12 21:12:00
12.07.2020	21:18:00	RO_SE_001	3592	23898	114	0	13538	8.42	15.65	13.38	4.97	11821	14.90	27.42	12.7	4.97	12716	11.09	20.91	13.21	4.97	11773	15.45	28.26	12.64	4.99	12822	10.55	19.9	13.17	4.89	10677	25.20	40.23	12.66	4.99															2020-07-12 21:18:00
12.07.2020	21:24:00	RO_SE_001	3592	23899	114	0	13538	8.42	15.65	13.38	4.97	11821	14.90	27.42	12.71	4.97	12716	11.09	20.91	13.17	4.97	11773	15.45	28.26	12.63	4.99	12822	10.55	19.9	13.19	4.89	10677	25.20	40.23	12.63	4.99															2020-07-12 21:24:00
12.07.2020	21:30:00	RO_SE_001	3592	23900	114	0	13538	8.42	15.65	13.37	4.97	11821	14.90	27.42	12.7	4.97	12717	11.09	20.9	13.2	4.97	11774	15.44	28.26	12.65	4.99	12822	10.55	19.9	13.21	4.91	10677	25.20	40.23	12.65	4.97															2020-07-12 21:30:00
12.07.2020	21:36:00	RO_SE_001	3591	23901	114	0	13538	8.42	15.65	13.36	4.97	11821	14.90	27.42	12.7	4.97	12717	11.09	20.9	13.16	4.97	11774	15.44	28.26	12.66	4.99	12822	10.55	19.9	13.16	4.91	10677	25.20	40.23	12.63	4.97															2020-07-12 21:36:00
12.07.2020	21:42:00	RO_SE_001	3591	23902	114	0	13539	8.42	15.64	13.31	4.97	11821	14.90	27.42	12.75	4.97	12718	11.08	20.89	13.15	4.97	11774	15.44	28.26	12.63	4.99	12823	10.55	19.89	13.17	4.89	10677	25.20	40.23	12.63	4.97															2020-07-12 21:42:00
12.07.2020	21:48:00	RO_SE_001	3592	23903	117	0	13539	8.42	15.64	13.32	4.97	11821	14.90	27.42	12.72	4.97	12718	11.08	20.89	13.13	4.97	11774	15.44	28.26	12.63	4.99	12823	10.55	19.89	13.16	4.91	10677	25.20	40.23	12.65	4.99															2020-07-12 21:48:00
12.07.2020	21:54:00	RO_SE_001	3592	23904	117	0	13539	8.42	15.64	13.28	4.97	11821	14.90	27.42	12.72	4.97	12719	11.08	20.88	13.09	4.97	11774	15.44	28.26	12.6	4.99	12823	10.55	19.89	13.11	4.91	10677	25.20	40.23	12.66	4.99															2020-07-12 21:54:00
12.07.2020	22:00:00	RO_SE_001	3591	23905	111	0	13539	8.42	15.64	13.25	4.97	11821	14.90	27.42	12.71	4.97	12719	11.08	20.88	13.12	4.97	11773	15.45	28.26	12.64	4.99	12823	10.55	19.89	13.13	4.89	10676	25.21	40.25	12.66	4.97															2020-07-12 22:00:00
12.07.2020	22:06:00	RO_SE_001	3592	23906	99	0	13539	8.42	15.64	13.3	4.97	11821	14.90	27.42	12.73	4.97	12719	11.08	20.88	13.1	4.97	11774	15.44	28.26	12.63	4.99	12824	10.55	19.88	13.11	4.91	10677	25.20	40.23	12.7	4.97															2020-07-12 22:06:00
12.07.2020	22:12:00	RO_SE_001	3592	23907	99	0	13539	8.42	15.64	13.27	4.97	11821	14.90	27.42	12.69	4.97	12720	11.08	20.88	13.09	4.97	11774	15.44	28.26	12.64	4.99	12824	10.55	19.88	13.1	4.91	10677	25.20	40.23	12.66	4.99															2020-07-12 22:12:00
12.07.2020	22:18:00	RO_SE_001	3591	23908	99	0	13539	8.42	15.64	13.25	4.97	11821	14.90	27.42	12.72	4.97	12720	11.08	20.88	13.06	4.97	11774	15.44	28.26	12.68	4.99	12824	10.55	19.88	13.09	4.89	10677	25.20	40.23	12.68	4.99															2020-07-12 22:18:00
12.07.2020	22:24:00	RO_SE_001	3591	23909	99	0	13539	8.42	15.64	13.2	4.97	11821	14.90	27.42	12.72	4.97	12720	11.08	20.88	13.04	4.97	11774	15.44	28.26	12.65	4.99	12824	10.55	19.88	13.13	4.91	10677	25.20	40.23	12.68	4.99															2020-07-12 22:24:00
12.07.2020	22:30:00	RO_SE_001	3591	23910	99	0	13539	8.42	15.64	13.22	4.97	11821	14.90	27.42	12.73	4.97	12721	11.07	20.87	13.05	4.97	11775	15.43	28.25	12.68	4.99	12825	10.54	19.88	13.08	4.89	10677	25.20	40.23	12.63	4.99															2020-07-12 22:30:00
12.07.2020	22:36:00	RO_SE_001	3591	23911	114	0	13539	8.42	15.64	13.23	4.97	11821	14.90	27.42	12.73	4.97	12720	11.08	20.88	13.0	4.97	11775	15.43	28.25	12.64	4.99	12825	10.54	19.88	13.06	4.89	10678	25.18	40.22	12.67	4.99															2020-07-12 22:36:00
12.07.2020	22:42:00	RO_SE_001	3591	23912	114	0	13539	8.42	15.64	13.22	4.97	11821	14.90	27.42	12.73	4.97	12721	11.07	20.87	12.99	4.97	11775	15.43	28.25	12.63	4.99	12825	10.54	19.88	13.05	4.89	10677	25.20	40.23	12.67	4.97															2020-07-12 22:42:00
12.07.2020	22:48:00	RO_SE_001	3591	23913	126	0	13540	8.42	15.64	13.19	4.97	11821	14.90	27.42	12.72	4.97	12721	11.07	20.87	13.01	4.97	11775	15.43	28.25	12.67	5.02	12826	10.54	19.87	13.05	4.89	10678	25.18	40.22	12.65	4.99															2020-07-12 22:48:00
12.07.2020	22:54:00	RO_SE_001	3590	23914	126	0	13540	8.42	15.64	13.16	4.97	11821	14.90	27.42	12.71	4.97	12721	11.07	20.87	13.02	4.97	11775	15.43	28.25	12.66	5.02	12826	10.54	19.87	13.04	4.89	10677	25.20	40.23	12.69	4.99															2020-07-12 22:54:00
12.07.2020	23:00:00	RO_SE_001	3590	23915	126	0	13540	8.42	15.64	13.16	4.97	11821	14.90	27.42	12.73	4.97	12722	11.07	20.86	12.99	4.97	11775	15.43	28.25	12.68	5.02	12826	10.54	19.87	13.06	4.89	10677	25.20	40.23	12.68	4.97															2020-07-12 23:00:00
12.07.2020	23:06:00	RO_SE_001	3589	23916	126	0	13540	8.42	15.64	13.13	4.97	11821	14.90	27.42	12.74	4.97	12722	11.07	20.86	12.96	4.97	11776	15.43	28.24	12.66	4.99	12826	10.54	19.87	13.01	4.89	10677	25.20	40.23	12.66	4.97															2020-07-12 23:06:00
12.07.2020	23:12:00	RO_SE_001	3590	23917	126	0	13540	8.42	15.64	13.14	4.97	11821	14.90	27.42	12.7	4.97	12722	11.07	20.86	12.95	4.97	11776	15.43	28.24	12.66	4.99	12826	10.54	19.87	12.98	4.89	10677	25.20	40.23	12.69	4.97															2020-07-12 23:12:00
12.07.2020	23:18:00	RO_SE_001	3590	23918	126	0	13540	8.42	15.64	13.13	4.97	11821	14.90	27.42	12.71	4.97	12723	11.06	20.86	12.93	4.97	11776	15.43	28.24	12.65	4.99	12827	10.54	19.86	13.0	4.91	10677	25.20	40.23	12.66	4.97															2020-07-12 23:18:00
12.07.2020	23:24:00	RO_SE_001	3553	23919	0	0	13540	8.42	15.64	13.14	4.97	11821	14.90	27.42	12.73	4.97	12723	11.06	20.86	12.91	4.97	11776	15.43	28.24	12.67	4.99	12827	10.54	19.86	13.01	4.91	10678	25.18	40.22	12.65	4.97															2020-07-12 23:24:00
12.07.2020	23:30:00	RO_SE_001	3584	23920	105	0	13540	8.42	15.64	13.12	4.97	11821	14.90	27.42	12.73	4.97	12723	11.06	20.86	12.91	4.97	11776	15.43	28.24	12.68	4.99	12827	10.54	19.86	12.98	4.91	10678	25.18	40.22	12.69	4.99															2020-07-12 23:30:00
12.07.2020	23:36:00	RO_SE_001	3586	23921	105	0	13541	8.41	15.63	13.1	4.97	11821	14.90	27.42	12.73	4.97	12724	11.06	20.85	12.88	4.97	11776	15.43	28.24	12.66	4.99	12828	10.53	19.86	12.99	4.89	10677	25.20	40.23	12.66	4.97															2020-07-12 23:36:00
12.07.2020	23:42:00	RO_SE_001	3588	23922	126	0	13541	8.41	15.63	13.08	4.97	11821	14.90	27.42	12.73	4.97	12724	11.06	20.85	12.89	4.97	11777	15.42	28.23	12.68	4.99	12827	10.54	19.86	12.97	4.91	10677	25.20	40.23	12.66	4.97															2020-07-12 23:42:00
12.07.2020	23:48:00	RO_SE_001	3588	23923	123	0	13541	8.41	15.63	13.07	4.97	11821	14.90	27.42	12.73	4.97	12724	11.06	20.85	12.85	4.97	11777	15.42	28.23	12.65	4.99	12827	10.54	19.86	12.95	4.89	10677	25.20	40.23	12.65	4.97															2020-07-12 23:48:00
12.07.2020	23:54:00	RO_SE_001	3589	23924	123	0	13541	8.41	15.63	13.09	4.97	11821	14.90	27.42	12.73	4.97	12725	11.06	20.84	12.82	4.97	11777	15.42	28.23	12.66	4.99	12828	10.53	19.86	12.94	4.89	10678	25.18	40.22	12.7	4.99															2020-07-12 23:54:00
